<TICKER>,<PER>,<DATE>,<TIME>,<OPEN>,<HIGH>,<LOW>,<CLOSE>,<VOL>,<OPENINT>
ACP,60,20220804,100000,71.45,71.85,71.45,71.6,1387,0
ACP,60,20220804,110000,71.6,71.65,71.25,71.35,2571,0
ACP,60,20220804,120000,71.35,71.35,71,71.15,1682,0
ACP,60,20220804,130000,71.25,71.8,71.25,71.5,2843,0
ACP,60,20220804,140000,71.5,71.8,71.5,71.55,3188,0
ACP,60,20220804,150000,71.6,72.2,71.6,71.9,3359,0
ACP,60,20220804,160000,71.75,71.8,71.35,71.7,10272,0
ACP,60,20220804,170000,71.6,71.9,71.3,71.6,21310,0
ACP,60,20220805,100000,72.15,73.35,71.5,73.3,6758,0
ACP,60,20220805,110000,73,73.3,72.25,72.25,5188,0
ACP,60,20220805,120000,72.2,72.9,72,72.65,4212,0
ACP,60,20220805,130000,72.7,72.8,72.55,72.55,1628,0
ACP,60,20220805,140000,72.55,73.45,72.55,73.1,8251,0
ACP,60,20220805,150000,73.35,73.35,72.15,72.25,8181,0
ACP,60,20220805,160000,72.3,72.45,71.95,71.95,2838,0
ACP,60,20220805,170000,71.95,72.15,71.4,71.7,17839,0
ACP,60,20220808,100000,72.05,72.9,72,72,2658,0
ACP,60,20220808,110000,72.15,72.15,71.55,71.95,2211,0
ACP,60,20220808,120000,71.85,72.85,71.85,72.85,2923,0
ACP,60,20220808,130000,72.8,73.9,72.8,73.9,6711,0
ACP,60,20220808,140000,73.85,74.35,73.85,74.35,8281,0
ACP,60,20220808,150000,74.1,74.85,74.1,74.85,14689,0
ACP,60,20220808,160000,74.85,75.35,74.75,75.35,8757,0
ACP,60,20220808,170000,75.2,75.45,75,75.45,21493,0
ACP,60,20220809,100000,75.05,75.25,73.9,74,1599,0
ACP,60,20220809,110000,74.1,74.55,73.85,74.25,1025,0
ACP,60,20220809,120000,74.5,74.75,73.95,74.15,1477,0
ACP,60,20220809,130000,73.85,73.9,73.35,73.35,3679,0
ACP,60,20220809,140000,73.35,73.6,72.45,72.8,6889,0
ACP,60,20220809,150000,72.45,73.2,72.45,73,6818,0
ACP,60,20220809,160000,72.8,72.8,72,72.05,6092,0
ACP,60,20220809,170000,72.05,72.6,71.8,72.35,12243,0
ACP,60,20220810,100000,72.95,72.95,71.4,71.5,7752,0
ACP,60,20220810,110000,71.5,72.1,71.35,71.65,9174,0
ACP,60,20220810,120000,71.6,72.05,71.55,72.05,4021,0
ACP,60,20220810,130000,71.85,71.95,71.85,71.95,1132,0
ACP,60,20220810,140000,71.95,72,71.8,71.95,1710,0
ACP,60,20220810,150000,71.95,72.85,71.95,72.75,5648,0
ACP,60,20220810,160000,72.75,72.75,72.4,72.7,4215,0
ACP,60,20220810,170000,72.75,73.3,72.5,72.75,14527,0
ACP,60,20220811,100000,73.85,73.85,72.45,72.8,1683,0
ACP,60,20220811,110000,72.8,73.1,72.8,73.05,1364,0
ACP,60,20220811,120000,73.05,73.05,73,73,77,0
ACP,60,20220811,130000,72.85,72.95,72.7,72.7,728,0
ACP,60,20220811,140000,72.9,73.15,72.7,73,1369,0
ACP,60,20220811,150000,73.1,73.35,73.1,73.35,1781,0
ACP,60,20220811,160000,73.25,73.25,72.95,72.95,4353,0
ACP,60,20220811,170000,72.9,73.25,72.9,73.2,9664,0
ACP,60,20220812,100000,73.45,73.5,73.15,73.45,659,0
ACP,60,20220812,110000,73.3,73.4,73,73.1,2095,0
ACP,60,20220812,120000,73.05,73.5,73.05,73.3,651,0
ACP,60,20220812,130000,73.3,73.75,73.3,73.75,3924,0
ACP,60,20220812,140000,73.75,73.8,73.5,73.65,1492,0
ACP,60,20220812,150000,73.65,74.25,73.65,74.25,5320,0
ACP,60,20220812,160000,74.2,74.35,74.1,74.3,3026,0
ACP,60,20220812,170000,74.3,74.9,74.1,74.4,12862,0
ACP,60,20220816,100000,75,75.25,74.5,75.05,26292,0
ACP,60,20220816,110000,75.15,76.7,75,76.25,15808,0
ACP,60,20220816,120000,76.45,76.95,76.35,76.95,7587,0
ACP,60,20220816,130000,76.9,77,76.25,76.5,4193,0
ACP,60,20220816,140000,76.65,77,76.55,76.8,4572,0
ACP,60,20220816,150000,76.8,77.15,76.55,76.55,5049,0
ACP,60,20220816,160000,76.55,76.55,75.9,75.95,5460,0
ACP,60,20220816,170000,75.95,76.1,75.4,75.85,14823,0
ACP,60,20220817,100000,75.35,76.9,74.5,74.9,4691,0
ACP,60,20220817,110000,74.9,74.95,74.5,74.75,6859,0
ACP,60,20220817,120000,74.6,74.6,73.7,73.8,6757,0
ACP,60,20220817,130000,73.6,74.5,73.6,74,6178,0
ACP,60,20220817,140000,73.95,74.05,73.6,73.8,6045,0
ACP,60,20220817,150000,73.85,74.05,73.45,73.5,5853,0
ACP,60,20220817,160000,73.6,74.55,73.5,74.2,10195,0
ACP,60,20220817,170000,74.05,74.6,73.85,73.95,22796,0
ACP,60,20220818,100000,74.85,75.85,74.15,75.3,6915,0
ACP,60,20220818,110000,75.4,75.65,75.2,75.2,1537,0
ACP,60,20220818,120000,75.3,75.65,75.2,75.45,1590,0
ACP,60,20220818,130000,75.5,75.95,75.2,75.25,2158,0
ACP,60,20220818,140000,75.25,75.25,75,75,4418,0
ACP,60,20220818,150000,75.05,75.85,75.05,75.75,2567,0
ACP,60,20220818,160000,75.8,76.4,75.55,76.15,4850,0
ACP,60,20220818,170000,76.1,76.85,76,76.25,9084,0
ACP,60,20220819,100000,76,76.85,75.15,76.7,7743,0
ACP,60,20220819,110000,76.7,76.85,76.25,76.85,11717,0
ACP,60,20220819,120000,76.6,76.9,76.45,76.9,9134,0
ACP,60,20220819,130000,76.85,76.9,76.25,76.5,10966,0
ACP,60,20220819,140000,76.5,77.5,76.5,77.5,17421,0
ACP,60,20220819,150000,77.4,77.75,77.05,77.35,22956,0
ACP,60,20220819,160000,77.35,77.9,77.2,77.6,14453,0
ACP,60,20220819,170000,77.6,78,77.3,77.6,24887,0
ACP,60,20220822,100000,77.5,77.5,75.5,76.05,9740,0
ACP,60,20220822,110000,76.15,76.15,75.65,75.75,3919,0
ACP,60,20220822,120000,75.75,75.8,75.2,75.2,9125,0
ACP,60,20220822,130000,75.2,75.4,74.85,74.9,8432,0
ACP,60,20220822,140000,74.9,74.95,74.8,74.95,4991,0
ACP,60,20220822,150000,75,75,74.4,74.45,35584,0
ACP,60,20220822,160000,74.4,74.5,73.75,73.9,10529,0
ACP,60,20220822,170000,73.95,74.2,73.85,74.1,39128,0
ACP,60,20220823,100000,74.1,75.3,73.9,75.25,8914,0
ACP,60,20220823,110000,75.15,76.35,75.1,76,28692,0
ACP,60,20220823,120000,75.9,76,75.2,75.2,25811,0
ACP,60,20220823,130000,75.25,75.65,74.5,75.6,31058,0
ACP,60,20220823,140000,75.6,75.6,75.3,75.4,2893,0
ACP,60,20220823,150000,75.5,75.9,75.25,75.3,3591,0
ACP,60,20220823,160000,75.35,75.4,74.7,74.7,6325,0
ACP,60,20220823,170000,74.8,75.25,74.65,74.65,13613,0
ACP,60,20220824,100000,74.4,74.7,73.35,74,4411,0
ACP,60,20220824,110000,73.8,74.9,73.75,74.75,2120,0
ACP,60,20220824,120000,74.65,75.05,74.5,74.75,254116,0
ACP,60,20220824,130000,74.85,75.15,74.75,75.05,1501,0
ACP,60,20220824,140000,75,75.3,74.95,75.3,2132,0
ACP,60,20220824,150000,75.1,75.45,74.2,74.25,7140,0
ACP,60,20220824,160000,74.35,74.5,73.9,73.9,2469,0
ACP,60,20220824,170000,73.95,75,73.65,74.65,109160,0
ACP,60,20220825,100000,76.15,76.2,75.25,75.35,1271,0
ACP,60,20220825,110000,75.5,75.5,74.7,74.7,2943,0
ACP,60,20220825,120000,74.95,74.95,73.9,74.05,2827,0
ACP,60,20220825,130000,73.9,74,73.75,73.95,2463,0
ACP,60,20220825,140000,74,74.05,73.7,73.95,2635,0
ACP,60,20220825,150000,73.95,74.5,73.85,74.45,5910,0
ACP,60,20220825,160000,74.45,74.65,74.35,74.65,3346,0
ACP,60,20220825,170000,74.6,75,74.45,74.65,12509,0
ACP,60,20220826,100000,74.6,74.95,74.3,74.7,3095,0
ACP,60,20220826,110000,74.65,74.75,73.85,74.25,8496,0
ACP,60,20220826,120000,74.25,74.8,74.25,74.65,8864,0
ACP,60,20220826,130000,74.6,74.6,74,74.15,6892,0
ACP,60,20220826,140000,74.2,74.45,74.15,74.35,4286,0
ACP,60,20220826,150000,74.3,74.3,73.95,74.05,5398,0
ACP,60,20220826,160000,74.1,75,74.1,74.85,8985,0
ACP,60,20220826,170000,74.8,74.8,73.5,73.5,9358,0
ACP,60,20220829,100000,72.6,72.8,71.95,72.45,3483,0
ACP,60,20220829,110000,72.4,72.45,71.9,71.9,1319,0
ACP,60,20220829,120000,71.9,71.9,71.5,71.5,3163,0
ACP,60,20220829,130000,71.7,72.05,71.5,72.05,466,0
ACP,60,20220829,140000,72.05,72.15,71.9,71.9,1251,0
ACP,60,20220829,150000,71.9,72.05,71.7,71.8,1459,0
ACP,60,20220829,160000,71.85,71.95,71.65,71.75,2607,0
ACP,60,20220829,170000,71.75,72.3,71.75,72.1,7048,0
ACP,60,20220830,100000,72.25,72.3,71.7,72.25,2580,0
ACP,60,20220830,110000,72.25,72.5,72.15,72.5,1249,0
ACP,60,20220830,120000,72.55,73,72.55,73,3518,0
ACP,60,20220830,130000,72.9,73,72.7,72.8,2393,0
ACP,60,20220830,140000,72.75,72.75,72.55,72.6,686,0
ACP,60,20220830,150000,72.5,72.5,71.7,71.9,4582,0
ACP,60,20220830,160000,71.75,71.95,71.1,71.65,11698,0
ACP,60,20220830,170000,71.85,71.95,71,71.45,25906,0
ACP,60,20220831,100000,71.05,71.95,71.05,71.95,4258,0
ACP,60,20220831,110000,71.95,72.35,71,72.1,7778,0
ACP,60,20220831,120000,72,72.35,71.8,72.2,1535,0
ACP,60,20220831,130000,72,72,71.65,71.85,889,0
ACP,60,20220831,140000,71.9,72.2,71.9,72.2,735,0
ACP,60,20220831,150000,71.85,72.8,71.85,72.2,3072,0
ACP,60,20220831,160000,72.2,72.55,71.6,71.75,2389,0
ACP,60,20220831,170000,71.6,71.8,71.05,71.7,11336,0
ACP,60,20220901,100000,71.8,71.8,70.55,71.1,3900,0
ACP,60,20220901,110000,71.1,71.25,70.6,70.8,3530,0
ACP,60,20220901,120000,70.85,71.6,70.85,71.5,4271,0
ACP,60,20220901,130000,71.35,71.65,71.35,71.55,1843,0
ACP,60,20220901,140000,71.5,71.9,71.5,71.9,3686,0
ACP,60,20220901,150000,71.7,71.85,71,71.35,5472,0
ACP,60,20220901,160000,71.35,71.65,71.3,71.3,6079,0
ACP,60,20220901,170000,71.3,71.45,70.1,70.25,14991,0
ACP,60,20220902,100000,70.5,70.65,69,69,9564,0
ACP,60,20220902,110000,69.05,70.3,69,70.2,5637,0
ACP,60,20220902,120000,70.1,70.1,69.25,69.35,5026,0
ACP,60,20220902,130000,69.25,69.25,69.05,69.05,3008,0
ACP,60,20220902,140000,69.05,69.2,69.05,69.15,7935,0
ACP,60,20220902,150000,69.05,69.7,69.05,69.1,6325,0
ACP,60,20220902,160000,69.2,69.65,69.05,69.25,9351,0
ACP,60,20220902,170000,69.2,70.25,69.2,69.7,15189,0
ACP,60,20220905,100000,69.95,70,69.15,69.75,9931,0
ACP,60,20220905,110000,69.5,70.7,69.5,70.3,4322,0
ACP,60,20220905,120000,70.3,71,70.05,71,1569,0
ACP,60,20220905,130000,70.95,72,70.7,70.7,11439,0
ACP,60,20220905,140000,70.65,70.9,70.15,70.8,3919,0
ACP,60,20220905,150000,70.85,71.4,70.85,71.1,1782,0
ACP,60,20220905,160000,71.2,71.5,70.2,70.45,13251,0
ACP,60,20220905,170000,70.45,70.9,70.25,70.9,6632,0
ACP,60,20220906,100000,70.25,71.65,70.25,70.9,4173,0
ACP,60,20220906,110000,70.75,71.3,70.55,71.2,3550,0
ACP,60,20220906,120000,71,71.45,70.6,71,2009,0
ACP,60,20220906,130000,71,71.5,70.75,70.75,8375,0
ACP,60,20220906,140000,70.75,71.3,70.5,71.05,5346,0
ACP,60,20220906,150000,71.1,71.2,70.75,71.15,5869,0
ACP,60,20220906,160000,71.05,71.35,70.45,70.5,8440,0
ACP,60,20220906,170000,70.35,71.4,70.2,71.35,19361,0
ACP,60,20220907,100000,70.35,70.95,69.5,69.7,8142,0
ACP,60,20220907,110000,69.75,71.05,69.75,71.05,7602,0
ACP,60,20220907,120000,71,71,70.55,70.85,6415,0
ACP,60,20220907,130000,70.75,71.2,70.55,71,7133,0
ACP,60,20220907,140000,71.1,71.65,71.05,71.3,7265,0
ACP,60,20220907,150000,71.35,71.35,70.65,71.1,11587,0
ACP,60,20220907,160000,71.1,71.35,70.85,70.85,18034,0
ACP,60,20220907,170000,70.85,71.8,70.55,71.6,22725,0
ACP,60,20220908,100000,71.2,71.75,70.55,70.7,2413,0
ACP,60,20220908,110000,70.85,70.85,70.35,70.8,2934,0
ACP,60,20220908,120000,70.7,71.45,70.45,71.15,4611,0
ACP,60,20220908,130000,71,71.45,70.85,71,3681,0
ACP,60,20220908,140000,71.2,71.2,70.8,71.1,2817,0
ACP,60,20220908,150000,71,71.2,70.45,70.7,16089,0
ACP,60,20220908,160000,70.7,71,70,70.15,12120,0
ACP,60,20220908,170000,70.3,71.15,70.15,71,17852,0
ACP,60,20220909,100000,71.3,71.55,70.2,70.35,13504,0
ACP,60,20220909,110000,70.45,71.5,70.3,71.45,5231,0
ACP,60,20220909,120000,71.45,71.7,71.1,71.1,1830,0
ACP,60,20220909,130000,71.4,71.75,71.25,71.65,3218,0
ACP,60,20220909,140000,71.65,71.85,71.55,71.7,2360,0
ACP,60,20220909,150000,71.6,72.15,71.6,71.8,7200,0
ACP,60,20220909,160000,71.85,72.5,71.7,72.5,8695,0
ACP,60,20220909,170000,72.6,73,72.3,73,18103,0
ACP,60,20220912,100000,72.8,73.35,72.35,73,3465,0
ACP,60,20220912,110000,73,73.3,72.75,73.05,4895,0
ACP,60,20220912,120000,72.95,73.45,72.65,73.2,6290,0
ACP,60,20220912,130000,73.25,73.4,72.6,72.6,3658,0
ACP,60,20220912,140000,72.6,73.5,72.55,73.4,4734,0
ACP,60,20220912,150000,73.6,74.25,73.35,73.8,5655,0
ACP,60,20220912,160000,73.95,73.95,73.25,73.35,5483,0
ACP,60,20220912,170000,73.35,73.85,72.65,73.7,10910,0
ACP,60,20220913,100000,74,74,73.25,73.65,1269,0
ACP,60,20220913,110000,73.75,73.85,73.35,73.4,1193,0
ACP,60,20220913,120000,73.35,73.35,72.55,72.95,1800,0
ACP,60,20220913,130000,72.65,73,72.6,72.9,1318,0
ACP,60,20220913,140000,72.6,73.1,72.55,73,1931,0
ACP,60,20220913,150000,72.9,73.35,72,72.4,10197,0
ACP,60,20220913,160000,72.4,72.95,71.9,72.3,25046,0
ACP,60,20220913,170000,72.3,72.45,71.55,72.1,15575,0
ACP,60,20220914,100000,72.4,73.8,72.4,73.45,17347,0
ACP,60,20220914,110000,73.5,74.25,73.5,74.05,11554,0
ACP,60,20220914,120000,74.05,74.35,73.9,74.2,6471,0
ACP,60,20220914,130000,74.4,75,74.2,75,12386,0
ACP,60,20220914,140000,75,75,73.4,73.4,9321,0
ACP,60,20220914,150000,73.55,73.8,73.4,73.5,2817,0
ACP,60,20220914,160000,73.7,73.75,72.95,73.65,10305,0
ACP,60,20220914,170000,73.45,73.6,73.15,73.4,22231,0
ACP,60,20220915,100000,73.5,73.75,73.05,73.4,4070,0
ACP,60,20220915,110000,73.4,73.7,73.05,73.6,5622,0
ACP,60,20220915,120000,73.45,74.3,73.2,74.05,7740,0
ACP,60,20220915,130000,74.1,74.35,73.8,73.8,6208,0
ACP,60,20220915,140000,73.9,73.95,73.4,73.75,4360,0
ACP,60,20220915,150000,73.8,74.05,73.4,73.6,10593,0
ACP,60,20220915,160000,73.6,74.4,73.35,74.15,15699,0
ACP,60,20220915,170000,74.15,75.6,74.15,74.9,57703,0
ACP,60,20220916,100000,73.4,75.95,73.3,75.75,14437,0
ACP,60,20220916,110000,75.75,75.75,74.35,74.75,5843,0
ACP,60,20220916,120000,74.8,75.55,74.55,75.1,6872,0
ACP,60,20220916,130000,75.15,75.8,74.9,74.95,5838,0
ACP,60,20220916,140000,74.95,75.45,74.5,75.3,8955,0
ACP,60,20220916,150000,75.3,75.45,74.7,75,12882,0
ACP,60,20220916,160000,75,75,71.15,71.35,50847,0
ACP,60,20220916,170000,71.35,74.2,71.35,73.9,186169,0
ACP,60,20220919,100000,73.75,74.85,72.85,74.15,8719,0
ACP,60,20220919,110000,74.1,74.95,72.8,74.25,21494,0
ACP,60,20220919,120000,74.95,75.6,74.25,74.25,10933,0
ACP,60,20220919,130000,74.8,76.1,74.3,76.05,8407,0
ACP,60,20220919,140000,76,76.05,74.35,74.45,1760,0
ACP,60,20220919,150000,74.35,74.7,73.7,74.1,5537,0
ACP,60,20220919,160000,74.3,74.95,74.1,74.55,5564,0
ACP,60,20220919,170000,74.5,76.25,74.25,75.95,30304,0
ACP,60,20220920,100000,74.6,76,74.1,74.4,3908,0
ACP,60,20220920,110000,74.55,74.8,73.7,74.6,3894,0
ACP,60,20220920,120000,74.3,74.5,73.5,73.95,5001,0
ACP,60,20220920,130000,73.75,74.35,73.6,73.85,8693,0
ACP,60,20220920,140000,73.95,74.4,73.65,73.9,11271,0
ACP,60,20220920,150000,73.8,74.3,73.65,73.7,4694,0
ACP,60,20220920,160000,73.8,73.95,73.4,73.8,7355,0
ACP,60,20220920,170000,73.8,74.45,73.7,74.15,16577,0
ACP,60,20220921,100000,73.35,73.95,73.15,73.8,3879,0
ACP,60,20220921,110000,73.7,73.7,72.8,73.4,9090,0
ACP,60,20220921,120000,73.35,73.8,73,73.15,4291,0
ACP,60,20220921,130000,73.35,74.4,73.15,73.95,8790,0
ACP,60,20220921,140000,73.85,73.85,73.15,73.3,3528,0
ACP,60,20220921,150000,73.45,73.5,72.85,73.2,5141,0
ACP,60,20220921,160000,73.25,73.3,72.65,73.25,6659,0
ACP,60,20220921,170000,73.3,73.85,73.15,73.35,22156,0
ACP,60,20220922,100000,72.85,73.35,72.5,72.8,5706,0
ACP,60,20220922,110000,72.65,73.6,72.65,73,6994,0
ACP,60,20220922,120000,72.9,73,72.15,72.4,7363,0
ACP,60,20220922,130000,72.55,72.55,72.25,72.45,3514,0
ACP,60,20220922,140000,72.4,73.15,72.4,73,30427,0
ACP,60,20220922,150000,73,73.45,72.9,73,6046,0
ACP,60,20220922,160000,73.05,73.1,72.45,72.95,9106,0
ACP,60,20220922,170000,72.85,73.4,72.7,73,15403,0
ACP,60,20220923,100000,72.15,73,71.3,71.3,12429,0
ACP,60,20220923,110000,71.4,72.25,71.35,71.95,10730,0
ACP,60,20220923,120000,71.9,72.2,71.5,71.75,11144,0
ACP,60,20220923,130000,71.75,71.85,71.65,71.75,3741,0
ACP,60,20220923,140000,71.55,72.5,71.55,72.15,5269,0
ACP,60,20220923,150000,72.3,72.55,72.15,72.3,3971,0
ACP,60,20220923,160000,72.2,72.7,72.1,72.15,13309,0
ACP,60,20220923,170000,72.1,72.45,71.5,72.45,28539,0
ACP,60,20220926,100000,72.4,72.4,71.25,72,6270,0
ACP,60,20220926,110000,71.55,71.75,71.5,71.6,12989,0
ACP,60,20220926,120000,71.65,71.75,71.5,71.65,16705,0
ACP,60,20220926,130000,71.55,71.8,71.5,71.65,4055,0
ACP,60,20220926,140000,71.5,71.65,70.45,70.8,24090,0
ACP,60,20220926,150000,70.7,71.75,70.55,71.75,15450,0
ACP,60,20220926,160000,71.55,72.1,70.85,71.85,15366,0
ACP,60,20220926,170000,71.5,72.05,71.05,71.3,24424,0
ACP,60,20220927,100000,72.15,72.6,71.4,71.45,4610,0
ACP,60,20220927,110000,71.7,71.95,71.2,71.25,9042,0
ACP,60,20220927,120000,71.15,71.3,71,71.3,3882,0
ACP,60,20220927,130000,71.25,71.3,71,71.25,1811,0
ACP,60,20220927,140000,71.1,72.3,71.1,72.3,2410,0
ACP,60,20220927,150000,72.2,72.65,71.25,71.25,7250,0
ACP,60,20220927,160000,71.25,71.35,70.8,70.8,6328,0
ACP,60,20220927,170000,70.8,71,70.4,70.95,23286,0
ACP,60,20220928,100000,70.2,71.1,70.15,70.8,14826,0
ACP,60,20220928,110000,70.8,70.85,70.25,70.65,6182,0
ACP,60,20220928,120000,70.5,70.65,70,70.4,5296,0
ACP,60,20220928,130000,70.65,70.8,70.05,70.6,4251,0
ACP,60,20220928,140000,70.4,70.6,70.2,70.35,3114,0
ACP,60,20220928,150000,70.25,70.55,70.15,70.45,6030,0
ACP,60,20220928,160000,70.5,70.5,70.05,70.45,8926,0
ACP,60,20220928,170000,70.4,70.65,70.1,70.65,13339,0
ACP,60,20220929,100000,71,72.1,70.65,71.7,15978,0
ACP,60,20220929,110000,71.55,72.55,71.2,71.55,8253,0
ACP,60,20220929,120000,71.35,72.05,71.35,71.4,3676,0
ACP,60,20220929,130000,71.35,71.5,71,71,2881,0
ACP,60,20220929,140000,70.7,71.35,70.55,71,6934,0
ACP,60,20220929,150000,70.95,71.15,70.55,71.15,4454,0
ACP,60,20220929,160000,71.05,71.55,70.95,71.2,9650,0
ACP,60,20220929,170000,71.15,71.65,70.85,71,24015,0
ACP,60,20220930,100000,72.1,72.1,71.15,71.15,2244,0
ACP,60,20220930,110000,71.35,71.35,70.1,70.85,14306,0
ACP,60,20220930,120000,70.85,71.1,70.25,70.85,10784,0
ACP,60,20220930,130000,71,71.15,70,70,4600,0
ACP,60,20220930,140000,70.05,70.3,69.2,69.7,7896,0
ACP,60,20220930,150000,69.8,69.9,69.2,69.5,5539,0
ACP,60,20220930,160000,69.5,69.6,68.55,69.3,7920,0
ACP,60,20220930,170000,69.25,69.35,68.65,69.15,17991,0
ACP,60,20221003,100000,69,69.15,67.9,68.4,4420,0
ACP,60,20221003,110000,68.15,68.15,67.05,67.65,8702,0
ACP,60,20221003,120000,67.75,67.95,66.4,66.85,13191,0
ACP,60,20221003,130000,66.85,67.1,66.35,66.5,11779,0
ACP,60,20221003,140000,66.5,66.95,66.25,66.6,15868,0
ACP,60,20221003,150000,66.7,67.85,65.7,67.85,29238,0
ACP,60,20221003,160000,67.6,68.4,67.1,67.65,27031,0
ACP,60,20221003,170000,67.75,69.6,67.75,69.15,28860,0
ACP,60,20221004,100000,69.7,71.5,69.7,71.2,8490,0
ACP,60,20221004,110000,71.05,71.2,70.7,70.7,1233,0
ACP,60,20221004,120000,70.9,71,69.6,70,6341,0
ACP,60,20221004,130000,70,70.2,69.65,69.65,3938,0
ACP,60,20221004,140000,70,70,69.45,69.45,2486,0
ACP,60,20221004,150000,69.75,69.9,68.8,69.9,11680,0
ACP,60,20221004,160000,69.65,70.7,69.55,70.05,11344,0
ACP,60,20221004,170000,70,71.2,69.7,71.2,17535,0
ACP,60,20221005,100000,71.25,71.25,70.05,70.45,2527,0
ACP,60,20221005,110000,70.55,71.05,70.3,71.05,3089,0
ACP,60,20221005,120000,71.05,71.15,70.75,71.15,2786,0
ACP,60,20221005,130000,71.15,71.5,70.95,71.5,4459,0
ACP,60,20221005,140000,71.4,71.65,70.95,71.2,2654,0
ACP,60,20221005,150000,71.15,71.3,70.7,71.3,3500,0
ACP,60,20221005,160000,71.05,71.45,70.65,71.45,6147,0
ACP,60,20221005,170000,71.4,71.5,70.65,70.7,15063,0
ACP,60,20221006,100000,70.75,71.3,70.55,70.55,3755,0
ACP,60,20221006,110000,70.5,70.65,69.65,70.25,10280,0
ACP,60,20221006,120000,70.25,70.25,69.55,69.55,3465,0
ACP,60,20221006,130000,69.8,70.1,69.65,69.8,3945,0
ACP,60,20221006,140000,69.65,69.9,69.55,69.55,4835,0
ACP,60,20221006,150000,69.5,70.1,69.5,69.75,5920,0
ACP,60,20221006,160000,69.65,69.9,69.5,69.6,6021,0
ACP,60,20221006,170000,69.55,69.75,69.05,69.75,30769,0
ACP,60,20221007,100000,69.6,69.75,68.4,68.7,4410,0
ACP,60,20221007,110000,68.7,69.15,68.65,68.75,2049,0
ACP,60,20221007,120000,69.05,69.05,68.7,68.95,2461,0
ACP,60,20221007,130000,68.95,69.05,68.7,69,5006,0
ACP,60,20221007,140000,69,69.15,68.85,68.85,2507,0
ACP,60,20221007,150000,68.85,69.05,68.75,68.85,8066,0
ACP,60,20221007,160000,68.9,69,67.8,68.4,8633,0
ACP,60,20221007,170000,68.4,69.15,68.2,68.9,24726,0
ACP,60,20221010,100000,68.4,68.45,67.95,68.15,3131,0
ACP,60,20221010,110000,68.15,68.25,67.7,67.7,3667,0
ACP,60,20221010,120000,67.8,68.35,67.55,67.95,4093,0
ACP,60,20221010,130000,67.95,68,67.4,67.5,4081,0
ACP,60,20221010,140000,67.5,67.55,67.25,67.55,3465,0
ACP,60,20221010,150000,67.55,67.9,67.2,67.9,4447,0
ACP,60,20221010,160000,67.85,68.1,67.6,67.65,7289,0
ACP,60,20221010,170000,67.7,67.9,67.5,67.6,11629,0
ACP,60,20221011,100000,67.55,67.55,67,67.15,2624,0
ACP,60,20221011,110000,67.35,67.35,66.95,67.15,9044,0
ACP,60,20221011,120000,67.15,67.25,66.75,67.05,3602,0
ACP,60,20221011,130000,66.95,68.6,66.95,68.6,13057,0
ACP,60,20221011,140000,68.85,69.15,68.4,69.15,9699,0
ACP,60,20221011,150000,69.2,69.25,68.5,68.75,13169,0
ACP,60,20221011,160000,68.8,69.15,67.3,67.35,7495,0
ACP,60,20221011,170000,67.35,67.5,66.85,66.85,18339,0
ACP,60,20221012,100000,67.2,67.3,65.75,66.5,11617,0
ACP,60,20221012,110000,66.45,66.7,66.1,66.55,6098,0
ACP,60,20221012,120000,66.4,66.55,66.05,66.3,4217,0
ACP,60,20221012,130000,66.3,66.3,65.8,66.1,10008,0
ACP,60,20221012,140000,66.15,66.15,65.6,65.85,10568,0
ACP,60,20221012,150000,65.6,66,65.45,65.95,16717,0
ACP,60,20221012,160000,65.7,66.2,65.55,66.15,22166,0
ACP,60,20221012,170000,66.2,66.2,64.95,65.05,79618,0
ACP,60,20221013,100000,65.35,65.4,64.6,65.15,6803,0
ACP,60,20221013,110000,65.3,65.65,64.8,65.1,10907,0
ACP,60,20221013,120000,64.95,65.35,64.65,65.35,7068,0
ACP,60,20221013,130000,65.45,65.5,65,65,4825,0
ACP,60,20221013,140000,65,65.4,65,65.1,5797,0
ACP,60,20221013,150000,65,65.65,63.5,64,27060,0
ACP,60,20221013,160000,64,64.75,63.75,64.2,16823,0
ACP,60,20221013,170000,64.45,64.95,64.2,64.6,24450,0
ACP,60,20221014,100000,66,66,64.7,65.6,7864,0
ACP,60,20221014,110000,65.55,65.9,65.1,65.7,4482,0
ACP,60,20221014,120000,65.25,65.55,64.75,65.45,5773,0
ACP,60,20221014,130000,65.3,65.75,65.15,65.5,8462,0
ACP,60,20221014,140000,65.7,65.7,65.2,65.2,12893,0
ACP,60,20221014,150000,65.2,65.55,65.1,65.55,5547,0
ACP,60,20221014,160000,65.4,65.55,65.2,65.2,4464,0
ACP,60,20221014,170000,65.2,65.2,64.7,65,22773,0
ACP,60,20221017,100000,65.55,65.85,65.2,65.85,2798,0
ACP,60,20221017,110000,65.75,66.05,65.4,66.05,1516,0
ACP,60,20221017,120000,66,66.05,65.55,65.7,1365,0
ACP,60,20221017,130000,65.8,65.9,65.6,65.6,404,0
ACP,60,20221017,140000,65.75,65.95,65.55,65.6,355,0
ACP,60,20221017,150000,65.75,66,65.5,65.8,2213,0
ACP,60,20221017,160000,65.8,66.3,65.75,66.1,3954,0
ACP,60,20221017,170000,66.1,66.3,65.8,65.95,13174,0
ACP,60,20221018,100000,66.95,66.95,65.7,66.15,3870,0
ACP,60,20221018,110000,66.05,66.4,65.8,66.35,4368,0
ACP,60,20221018,120000,66.1,66.35,65.1,65.4,6530,0
ACP,60,20221018,130000,65.5,65.75,65.2,65.3,2310,0
ACP,60,20221018,140000,65.4,65.5,65.2,65.25,2352,0
ACP,60,20221018,150000,65.3,66,65.25,65.85,19410,0
ACP,60,20221018,160000,65.85,66.3,65.7,65.85,9834,0
ACP,60,20221018,170000,65.8,66.75,65.8,66.45,18869,0
ACP,60,20221019,100000,66.85,66.85,66.15,66.5,1173,0
ACP,60,20221019,110000,66.2,66.5,66.05,66.4,5438,0
ACP,60,20221019,120000,66.5,66.7,66.35,66.7,477,0
ACP,60,20221019,130000,66.7,66.85,66.35,66.35,2494,0
ACP,60,20221019,140000,66.35,66.55,65.4,65.45,8604,0
ACP,60,20221019,150000,65.45,65.65,64.9,65.25,6445,0
ACP,60,20221019,160000,65.15,65.55,65,65,3174,0
ACP,60,20221019,170000,65.2,65.4,64.65,64.65,14248,0
ACP,60,20221020,100000,65,65.2,63.95,64.8,10230,0
ACP,60,20221020,110000,64.8,65.15,64.6,65.15,6919,0
ACP,60,20221020,120000,65.15,65.4,64.7,64.85,4053,0
ACP,60,20221020,130000,64.95,65,64.75,64.8,1398,0
ACP,60,20221020,140000,65,65.1,64.75,65.1,2659,0
ACP,60,20221020,150000,65.2,65.3,64.15,64.25,8154,0
ACP,60,20221020,160000,64.3,64.75,64.2,64.5,8109,0
ACP,60,20221020,170000,64.5,65.4,64.15,65.4,23406,0
ACP,60,20221021,100000,65.95,65.95,65.4,65.55,4803,0
ACP,60,20221021,110000,65.55,65.6,64.8,64.8,3501,0
ACP,60,20221021,120000,64.75,65.15,64.7,65,4481,0
ACP,60,20221021,130000,65,65.2,65,65.15,433,0
ACP,60,20221021,140000,65.2,65.2,64.9,65,2798,0
ACP,60,20221021,150000,64.85,65.2,64.8,65.05,2851,0
ACP,60,20221021,160000,65.25,66,65.25,66,4840,0
ACP,60,20221021,170000,66,66.05,65.4,65.6,10430,0
ACP,60,20221024,100000,65.75,66.5,65.75,66,1554,0
ACP,60,20221024,110000,66,66.2,65.85,66.2,957,0
ACP,60,20221024,120000,66.2,66.5,66,66.45,3325,0
ACP,60,20221024,130000,66.45,66.7,66.3,66.65,1983,0
ACP,60,20221024,140000,66.7,67,66.35,66.75,1916,0
ACP,60,20221024,150000,66.7,67.05,66.6,67,2660,0
ACP,60,20221024,160000,67.15,67.4,66.9,67.25,5958,0
ACP,60,20221024,170000,67.2,67.35,66.5,66.65,18370,0
ACP,60,20221025,100000,66.85,67.75,66.85,67.65,2284,0
ACP,60,20221025,110000,67.65,67.9,67.6,67.9,4200,0
ACP,60,20221025,120000,67.75,67.75,67.2,67.35,2593,0
ACP,60,20221025,130000,67.2,67.25,66.95,67.15,1895,0
ACP,60,20221025,140000,67.3,67.3,66.95,66.95,2777,0
ACP,60,20221025,150000,66.9,67,66.45,66.65,4210,0
ACP,60,20221025,160000,66.65,67.1,66.6,67.1,4511,0
ACP,60,20221025,170000,66.95,67.1,66.55,67,13022,0
ACP,60,20221026,100000,67.3,67.85,66.8,67.8,3239,0
ACP,60,20221026,110000,67.6,68.1,67.3,67.6,7727,0
ACP,60,20221026,120000,67.7,68.15,67.7,68.1,3556,0
ACP,60,20221026,130000,68.1,68.2,67.9,68.2,4036,0
ACP,60,20221026,140000,68.2,68.35,67.9,68.05,2314,0
ACP,60,20221026,150000,68.25,68.25,67,67.4,4263,0
ACP,60,20221026,160000,67.5,67.95,67.2,67.65,5317,0
ACP,60,20221026,170000,67.65,68.35,67.65,68.25,13556,0
ACP,60,20221027,100000,68.2,68.2,67.45,67.8,2611,0
ACP,60,20221027,110000,67.8,68.65,67.8,68.65,3703,0
ACP,60,20221027,120000,68.7,68.75,67.8,68.05,5739,0
ACP,60,20221027,130000,68,68.05,67.75,68.05,2425,0
ACP,60,20221027,140000,68.1,68.35,67.85,67.9,3821,0
ACP,60,20221027,150000,67.9,68.55,67.9,68.5,4560,0
ACP,60,20221027,160000,68.55,69,68.35,68.6,7465,0
ACP,60,20221027,170000,68.55,69.6,68.55,69.3,15371,0
ACP,60,20221028,100000,69,69,68.2,69,2066,0
ACP,60,20221028,110000,69,69.6,68.95,69.6,3405,0
ACP,60,20221028,120000,69.35,69.4,68.85,69.3,2726,0
ACP,60,20221028,130000,69.55,69.55,69.2,69.2,2059,0
ACP,60,20221028,140000,69.3,69.4,68.85,68.85,2647,0
ACP,60,20221028,150000,69.15,69.15,68.6,68.6,1682,0
ACP,60,20221028,160000,68.55,69,68.5,68.85,2659,0
ACP,60,20221028,170000,68.8,69.5,68.8,68.8,16082,0
ACP,60,20221031,100000,69,69,68.7,68.7,1991,0
ACP,60,20221031,110000,68.9,69.1,68.7,68.9,10481,0
ACP,60,20221031,120000,68.7,68.95,68.6,68.75,2247,0
ACP,60,20221031,130000,68.85,68.95,68.8,68.9,1834,0
ACP,60,20221031,140000,69,69.05,68.8,68.95,7034,0
ACP,60,20221031,150000,68.9,69,68.25,68.8,10861,0
ACP,60,20221031,160000,68.8,68.95,68.45,68.55,3745,0
ACP,60,20221031,170000,68.55,69,68.5,68.75,17741,0
ACP,60,20221102,100000,69.35,71.25,69.1,70.85,15190,0
ACP,60,20221102,110000,70.9,71.1,70.25,70.65,9610,0
ACP,60,20221102,120000,70.7,70.95,70.55,70.8,6379,0
ACP,60,20221102,130000,70.8,71.35,70.75,71.05,11075,0
ACP,60,20221102,140000,71.15,71.3,70.65,71.25,6452,0
ACP,60,20221102,150000,71.25,71.6,71,71.35,12316,0
ACP,60,20221102,160000,71.4,71.4,70.6,70.9,6729,0
ACP,60,20221102,170000,70.95,71.3,70.6,71.25,21635,0
ACP,60,20221103,100000,71.25,71.25,69.55,70.15,4293,0
ACP,60,20221103,110000,70.2,70.65,70.2,70.55,1751,0
ACP,60,20221103,120000,70.45,70.5,69.95,70.25,2612,0
ACP,60,20221103,130000,70.05,70.4,69.95,70.1,2815,0
ACP,60,20221103,140000,70.25,70.55,70.15,70.4,2985,0
ACP,60,20221103,150000,70.45,71,70.35,70.45,8044,0
ACP,60,20221103,160000,70.45,71.25,70.2,71.1,7681,0
ACP,60,20221103,170000,71.15,71.15,70.7,70.9,13502,0
ACP,60,20221104,100000,70.95,71.45,70,71.1,7952,0
ACP,60,20221104,110000,71.1,71.2,70.45,70.55,6504,0
ACP,60,20221104,120000,70.35,71.5,70.25,71.35,7699,0
ACP,60,20221104,130000,71.45,71.5,70.95,71.2,4041,0
ACP,60,20221104,140000,71.4,71.4,70.5,71.1,8693,0
ACP,60,20221104,150000,71.15,71.6,70.9,71.1,9604,0
ACP,60,20221104,160000,71.2,71.65,71.1,71.15,9594,0
ACP,60,20221104,170000,71.05,71.3,70.2,70.55,22935,0
ACP,60,20221107,100000,70.25,70.5,68.8,69.95,12630,0
ACP,60,20221107,110000,70.05,70.55,70.05,70.4,3751,0
ACP,60,20221107,120000,70.2,70.45,70,70.25,20583,0
ACP,60,20221107,130000,70.25,70.3,70.05,70.1,5303,0
ACP,60,20221107,140000,70.3,70.3,70.1,70.3,1959,0
ACP,60,20221107,150000,70.3,70.3,70.05,70.25,3414,0
ACP,60,20221107,160000,70.3,70.3,69.9,70,7311,0
ACP,60,20221107,170000,70.05,70.35,70,70.35,12312,0
ACP,60,20221108,100000,70.2,70.35,69.8,70.35,3166,0
ACP,60,20221108,110000,70.15,70.75,70.15,70.55,2488,0
ACP,60,20221108,120000,70.5,70.5,69.7,69.75,1558,0
ACP,60,20221108,130000,69.9,69.9,69.5,69.5,891,0
ACP,60,20221108,140000,69.6,69.75,69.5,69.6,3455,0
ACP,60,20221108,150000,69.75,69.85,69.3,69.7,6001,0
ACP,60,20221108,160000,69.8,70.05,69.55,70.05,37636,0
ACP,60,20221108,170000,69.95,70.4,69.3,69.5,30819,0
ACP,60,20221109,100000,69.25,70,69,69.1,7509,0
ACP,60,20221109,110000,69.35,69.35,68.75,69.1,8270,0
ACP,60,20221109,120000,69.05,70.2,68.85,70.2,9834,0
ACP,60,20221109,130000,70.3,70.3,69.8,70,1450,0
ACP,60,20221109,140000,69.95,70.05,69.45,69.65,3876,0
ACP,60,20221109,150000,69.65,69.75,69.3,69.3,2077,0
ACP,60,20221109,160000,69.55,69.6,68.9,68.9,9102,0
ACP,60,20221109,170000,69.05,69.4,68.9,68.9,26922,0
ACP,60,20221110,100000,69,69.45,67.65,67.65,13376,0
ACP,60,20221110,110000,67.65,67.9,67.35,67.45,10298,0
ACP,60,20221110,120000,67.5,67.6,67.25,67.35,4919,0
ACP,60,20221110,130000,67.35,67.35,67.15,67.2,4161,0
ACP,60,20221110,140000,67.25,67.25,67.1,67.25,5879,0
ACP,60,20221110,150000,67.25,69.3,67.2,69.2,19686,0
ACP,60,20221110,160000,69.25,69.8,68.6,69.55,17824,0
ACP,60,20221110,170000,69.55,69.65,68.9,68.95,31370,0
ACP,60,20221114,100000,69.4,69.85,68.4,68.95,26603,0
ACP,60,20221114,110000,68.95,68.95,68.5,68.5,9897,0
ACP,60,20221114,120000,68.5,69,68.5,68.8,8961,0
ACP,60,20221114,130000,68.85,68.9,68.45,68.6,15150,0
ACP,60,20221114,140000,68.6,68.65,68.2,68.45,25542,0
ACP,60,20221114,150000,68.4,69,68.2,69,24208,0
ACP,60,20221114,160000,68.85,69,68.55,68.7,19615,0
ACP,60,20221114,170000,68.7,68.95,67.5,68.05,54722,0
ACP,60,20221115,100000,68.4,68.4,67.6,68.2,6974,0
ACP,60,20221115,110000,68.3,68.45,68.1,68.25,3136,0
ACP,60,20221115,120000,68.1,68.6,68.1,68.6,3973,0
ACP,60,20221115,130000,68.6,68.85,68.3,68.3,4582,0
ACP,60,20221115,140000,68.4,68.85,68.25,68.85,3137,0
ACP,60,20221115,150000,68.85,70.35,68.6,70.2,24231,0
ACP,60,20221115,160000,70.05,70.7,69.95,70.5,12407,0
ACP,60,20221115,170000,70.5,70.85,70,70.15,19727,0
ACP,60,20221116,100000,70,70.4,69.2,69.8,14715,0
ACP,60,20221116,110000,69.75,69.9,69.3,69.5,3226,0
ACP,60,20221116,120000,69.65,70.5,69.55,70.35,5249,0
ACP,60,20221116,130000,70.45,70.55,70.1,70.45,4178,0
ACP,60,20221116,140000,70.45,70.45,69.95,70.2,2208,0
ACP,60,20221116,150000,70.1,70.1,69.9,70,1832,0
ACP,60,20221116,160000,70.05,70.95,70.05,70.7,8985,0
ACP,60,20221116,170000,70.75,71.35,70.7,71,18970,0
ACP,60,20221117,100000,71,71,69.75,70,5005,0
ACP,60,20221117,110000,69.75,69.75,69.3,69.3,3525,0
ACP,60,20221117,120000,69.25,69.35,68.7,68.9,15982,0
ACP,60,20221117,130000,68.9,69.35,68.85,69.35,4341,0
ACP,60,20221117,140000,69.35,69.4,69.1,69.2,1683,0
ACP,60,20221117,150000,69.25,69.3,68.45,69.3,11433,0
ACP,60,20221117,160000,69.3,69.7,68.65,69.15,8953,0
ACP,60,20221117,170000,69.15,69.65,68.55,68.65,18113,0
ACP,60,20221118,100000,69,69,68.1,68.65,6684,0
ACP,60,20221118,110000,68.75,69.9,68.75,69.6,11099,0
ACP,60,20221118,120000,69.65,70.35,69.55,70.2,10915,0
ACP,60,20221118,130000,70.15,70.75,70.05,70.6,8426,0
ACP,60,20221118,140000,70.6,70.65,70.4,70.55,5986,0
ACP,60,20221118,150000,70.5,70.7,70.4,70.65,4860,0
ACP,60,20221118,160000,70.6,70.95,70.35,70.65,8739,0
ACP,60,20221118,170000,70.7,70.85,70.4,70.45,18838,0
ACP,60,20221121,100000,71.15,71.7,70.3,71.3,14385,0
ACP,60,20221121,110000,71.2,71.3,71.05,71.2,3526,0
ACP,60,20221121,120000,71.2,71.6,70.85,71.6,6000,0
ACP,60,20221121,130000,71.6,71.9,71.2,71.4,5547,0
ACP,60,20221121,140000,71.4,71.5,70.65,71.15,2796,0
ACP,60,20221121,150000,71,71.7,70.8,71.7,7477,0
ACP,60,20221121,160000,71.6,71.75,71.45,71.65,2493,0
ACP,60,20221121,170000,71.45,71.6,70.55,70.55,16990,0
ACP,60,20221122,100000,70.25,71.5,70.2,71.5,3705,0
ACP,60,20221122,110000,71.75,72.4,71.55,72.25,8476,0
ACP,60,20221122,120000,72.15,72.25,72.05,72.2,8054,0
ACP,60,20221122,130000,72.2,72.2,71.9,72,5630,0
ACP,60,20221122,140000,72.1,72.15,71.75,71.85,6211,0
ACP,60,20221122,150000,72,72.15,71.9,72.15,6668,0
ACP,60,20221122,160000,72.15,72.15,71.45,71.6,8822,0
ACP,60,20221122,170000,71.45,72.1,71.35,71.55,20183,0
ACP,60,20221123,100000,72.3,72.3,71.55,71.6,3023,0
ACP,60,20221123,110000,71.6,71.95,71.6,71.85,699,0
ACP,60,20221123,120000,71.9,71.9,71.55,71.55,2197,0
ACP,60,20221123,130000,71.6,71.6,71.05,71.05,1181,0
ACP,60,20221123,140000,71.15,71.5,71,71,1413,0
ACP,60,20221123,150000,71.3,71.3,70.75,70.8,2118,0
ACP,60,20221123,160000,70.95,71,70.5,70.9,3609,0
ACP,60,20221123,170000,70.9,71,70.6,70.65,9710,0
ACP,60,20221124,100000,72.2,72.2,70.5,71.05,4613,0
ACP,60,20221124,110000,71,71.6,70.75,71.25,3196,0
ACP,60,20221124,120000,71,71.25,71,71.25,531,0
ACP,60,20221124,130000,71.1,71.25,71,71.25,565,0
ACP,60,20221124,140000,71.35,71.45,71.15,71.45,653,0
ACP,60,20221124,150000,71.25,72.2,71.2,72.15,6260,0
ACP,60,20221124,160000,71.95,72,71.65,72,1965,0
ACP,60,20221124,170000,71.95,72.2,71.95,72.2,7094,0
ACP,60,20221125,100000,72.3,73.35,72.05,72.65,7534,0
ACP,60,20221125,110000,72.5,73.2,72.5,73,5713,0
ACP,60,20221125,120000,73,73.4,72.75,73.1,9716,0
ACP,60,20221125,130000,73.1,73.25,73,73.1,4017,0
ACP,60,20221125,140000,73,73.15,72.8,73,4261,0
ACP,60,20221125,150000,72.85,73.05,72.85,72.9,3955,0
ACP,60,20221125,160000,72.9,73.35,72.9,73.25,12354,0
ACP,60,20221125,170000,73.2,73.9,73.2,73.6,17506,0
ACP,60,20221128,100000,74,74,72.5,72.55,11353,0
ACP,60,20221128,110000,72.6,74.1,72.6,74.1,9865,0
ACP,60,20221128,120000,74.1,74.7,73.75,74.25,16499,0
ACP,60,20221128,130000,74.5,74.75,74.3,74.55,7784,0
ACP,60,20221128,140000,74.55,74.6,74.3,74.45,4850,0
ACP,60,20221128,150000,74.45,74.6,74.3,74.45,5882,0
ACP,60,20221128,160000,74.3,74.5,74,74.3,10791,0
ACP,60,20221128,170000,74.45,74.6,74.2,74.3,15750,0
ACP,60,20221129,100000,74.5,74.5,73.3,73.85,7858,0
ACP,60,20221129,110000,73.85,74,73.1,73.15,13444,0
ACP,60,20221129,120000,73.2,73.3,72.6,72.9,2686,0
ACP,60,20221129,130000,72.95,73.2,72.8,72.8,1537,0
ACP,60,20221129,140000,72.8,72.95,72.65,72.7,2992,0
ACP,60,20221129,150000,72.7,72.75,72.35,72.45,5906,0
ACP,60,20221129,160000,72.45,72.65,72.25,72.35,4210,0
ACP,60,20221129,170000,72.4,73.2,72.1,72.1,15653,0
ACP,60,20221130,100000,72.75,73.2,72.3,73.15,4813,0
ACP,60,20221130,110000,73.15,73.5,72.85,73.15,4707,0
ACP,60,20221130,120000,73.55,73.85,73,73.45,6334,0
ACP,60,20221130,130000,73.7,73.75,73.4,73.55,3200,0
ACP,60,20221130,140000,73.5,73.75,73.1,73.6,5380,0
ACP,60,20221130,150000,73.65,73.8,73.25,73.65,9165,0
ACP,60,20221130,160000,73.55,73.8,73.3,73.55,10750,0
ACP,60,20221130,170000,73.5,73.75,73.1,73.1,46872,0
ACP,60,20221201,100000,73.25,74.2,73.25,73.9,3766,0
ACP,60,20221201,110000,74.15,74.3,74,74.1,1193,0
ACP,60,20221201,120000,74.15,74.15,73.8,73.85,2723,0
ACP,60,20221201,130000,73.8,74.1,73.8,73.8,5714,0
ACP,60,20221201,140000,73.9,74,73.25,73.35,10373,0
ACP,60,20221201,150000,73.2,73.9,73,73.5,10630,0
ACP,60,20221201,160000,73.6,74.5,73.6,74.1,8919,0
ACP,60,20221201,170000,74.05,74.5,73.75,74.1,13074,0
ACP,60,20221202,100000,74.55,75.3,74,74.9,13868,0
ACP,60,20221202,110000,74.8,75,74.55,74.95,7693,0
ACP,60,20221202,120000,74.8,75,74.8,74.8,7823,0
ACP,60,20221202,130000,74.95,75.5,74.95,75.25,7992,0
ACP,60,20221202,140000,75.05,75.2,75,75.15,4568,0
ACP,60,20221202,150000,75,75.5,74.9,75.3,12779,0
ACP,60,20221202,160000,75.15,75.5,74.9,75.25,15577,0
ACP,60,20221202,170000,75.45,75.45,74.9,74.95,15770,0
ACP,60,20221205,100000,75.6,75.6,74.7,75.1,3268,0
ACP,60,20221205,110000,75.05,75.85,75,75.85,3320,0
ACP,60,20221205,120000,75.5,75.85,75.3,75.55,2891,0
ACP,60,20221205,130000,75.55,75.65,75.3,75.5,1696,0
ACP,60,20221205,140000,75.7,76,75.55,75.7,3817,0
ACP,60,20221205,150000,75.7,76,75,75.2,7463,0
ACP,60,20221205,160000,75.1,75.15,74.55,74.75,16921,0
ACP,60,20221205,170000,74.75,74.75,74.15,74.5,16980,0
ACP,60,20221206,100000,74.85,74.85,73.65,74.2,2621,0
ACP,60,20221206,110000,74.2,74.85,74.2,74.85,6478,0
ACP,60,20221206,120000,74.9,75,74.4,74.45,1377,0
ACP,60,20221206,130000,74.45,74.65,74.45,74.6,223,0
ACP,60,20221206,140000,74.45,74.65,74.25,74.65,2209,0
ACP,60,20221206,150000,74.65,74.95,74.35,74.5,2885,0
ACP,60,20221206,160000,74.45,74.55,73.85,73.85,4865,0
ACP,60,20221206,170000,73.85,74.3,73.65,74,11936,0
ACP,60,20221207,100000,74.55,74.55,73.85,74.25,1340,0
ACP,60,20221207,110000,74.5,74.85,74.15,74.3,1434,0
ACP,60,20221207,120000,74.15,74.3,74.15,74.2,151,0
ACP,60,20221207,130000,74.3,74.3,74.2,74.2,96,0
ACP,60,20221207,140000,74.35,74.5,74.2,74.2,133,0
ACP,60,20221207,150000,74.5,74.7,74.2,74.5,889,0
ACP,60,20221207,160000,74.65,74.95,74.55,74.8,5105,0
ACP,60,20221207,170000,74.8,75.3,74.55,74.85,18166,0
ACP,60,20221208,100000,74.95,74.95,74.1,74.3,2655,0
ACP,60,20221208,110000,74.3,74.5,74.15,74.25,7795,0
ACP,60,20221208,120000,74.3,74.55,74.15,74.55,2511,0
ACP,60,20221208,130000,74.6,74.7,74.4,74.6,1757,0
ACP,60,20221208,140000,74.5,74.7,74.4,74.5,1508,0
ACP,60,20221208,150000,74.4,74.6,74.25,74.55,6009,0
ACP,60,20221208,160000,74.45,74.95,74.2,74.75,18310,0
ACP,60,20221208,170000,74.75,75.5,74.6,75.15,23364,0
ACP,60,20221209,100000,75.75,75.75,74.5,74.95,6328,0
ACP,60,20221209,110000,74.95,75,74.75,74.9,4145,0
ACP,60,20221209,120000,74.95,75,74.8,74.85,1513,0
ACP,60,20221209,130000,74.85,75.2,74.85,75.2,4591,0
ACP,60,20221209,140000,75.2,75.25,75.1,75.2,1269,0
ACP,60,20221209,150000,75.1,75.25,75,75.25,8950,0
ACP,60,20221209,160000,75.2,75.4,75,75.1,9506,0
ACP,60,20221209,170000,75.05,75.3,74.4,74.4,20845,0
ACP,60,20221212,100000,75.45,75.45,74.2,74.5,15173,0
ACP,60,20221212,110000,74.45,74.8,74.45,74.55,8188,0
ACP,60,20221212,120000,74.65,75.1,74.45,75.1,2555,0
ACP,60,20221212,130000,74.75,75,74.75,74.8,1129,0
ACP,60,20221212,140000,74.8,75.05,74.75,75.05,2250,0
ACP,60,20221212,150000,74.9,75.3,74.9,75.3,3518,0
ACP,60,20221212,160000,75.3,75.3,75.1,75.3,750,0
ACP,60,20221212,170000,75.3,75.45,75.1,75.1,19597,0
ACP,60,20221213,100000,75.45,75.45,74,74.6,19767,0
ACP,60,20221213,110000,74.65,74.75,74.5,74.5,4326,0
ACP,60,20221213,120000,74.5,74.85,74.5,74.7,7979,0
ACP,60,20221213,130000,74.7,75,74.7,75,5696,0
ACP,60,20221213,140000,75,75.15,75,75,2483,0
ACP,60,20221213,150000,75,76.2,75,76.05,14262,0
ACP,60,20221213,160000,76.1,76.65,76.05,76.55,10850,0
ACP,60,20221213,170000,76.55,76.55,75.9,75.9,21178,0
ACP,60,20221214,100000,76.55,76.55,75.1,75.45,2156,0
ACP,60,20221214,110000,75.6,76.1,75.6,75.85,10911,0
ACP,60,20221214,120000,75.85,76.1,75.85,75.85,10407,0
ACP,60,20221214,130000,75.9,76.05,75.85,75.9,3500,0
ACP,60,20221214,140000,75.9,76.1,75.85,76.05,2752,0
ACP,60,20221214,150000,76.05,76.3,75.9,76.15,2439,0
ACP,60,20221214,160000,76.15,76.2,75.9,76,5454,0
ACP,60,20221214,170000,76.15,76.2,75.8,75.8,16582,0
ACP,60,20221215,100000,76,76,74.15,74.15,7142,0
ACP,60,20221215,110000,74.2,74.5,74.1,74.25,2341,0
ACP,60,20221215,120000,74.25,74.25,73.55,74,14552,0
ACP,60,20221215,130000,74,74.15,74,74,10194,0
ACP,60,20221215,140000,74.05,74.2,74,74,3187,0
ACP,60,20221215,150000,74,74.1,72.6,73.25,23473,0
ACP,60,20221215,160000,73.3,73.8,73.3,73.6,16956,0
ACP,60,20221215,170000,73.6,73.7,72.65,72.7,20464,0
ACP,60,20221216,100000,73.35,73.95,72.6,73.6,13451,0
ACP,60,20221216,110000,73.5,73.65,73.4,73.45,1373,0
ACP,60,20221216,120000,73.45,73.7,73.4,73.4,9431,0
ACP,60,20221216,130000,73.4,74.2,73.4,74.1,3204,0
ACP,60,20221216,140000,74.1,74.65,73.95,74.55,6081,0
ACP,60,20221216,150000,74.55,74.7,74.2,74.4,7055,0
ACP,60,20221216,160000,74.45,74.6,74.2,74.2,22939,0
ACP,60,20221216,170000,74.2,74.4,72,73.15,127963,0
ACP,60,20221219,100000,73.45,73.55,72.5,73.05,1506,0
ACP,60,20221219,110000,73.15,73.95,73.15,73.5,3372,0
ACP,60,20221219,120000,73.5,73.5,72.7,72.8,2616,0
ACP,60,20221219,130000,72.7,72.95,72.4,72.65,2809,0
ACP,60,20221219,140000,72.7,73.15,72.7,73.15,1194,0
ACP,60,20221219,150000,72.95,72.95,72.35,72.65,5010,0
ACP,60,20221219,160000,72.65,72.65,72.15,72.2,3039,0
ACP,60,20221219,170000,72.3,72.8,72.05,72.05,13841,0
ACP,60,20221220,100000,72.05,72.45,71.7,71.9,14773,0
ACP,60,20221220,110000,71.7,71.9,71.3,71.45,6245,0
ACP,60,20221220,120000,71.45,71.85,71.3,71.4,3451,0
ACP,60,20221220,130000,71.25,71.9,71.1,71.9,5196,0
ACP,60,20221220,140000,71.7,72.15,71.7,71.75,2643,0
ACP,60,20221220,150000,71.7,71.9,71.1,71.1,6261,0
ACP,60,20221220,160000,71.1,71.5,71.05,71.4,7764,0
ACP,60,20221220,170000,71.5,71.9,71.15,71.4,15544,0
ACP,60,20221221,100000,71.4,71.75,71,71.75,2618,0
ACP,60,20221221,110000,71.65,71.65,71.45,71.5,1258,0
ACP,60,20221221,120000,71.4,71.4,71.1,71.1,1839,0
ACP,60,20221221,130000,71.35,71.4,71.2,71.4,2107,0
ACP,60,20221221,140000,71.5,71.5,71.2,71.5,1899,0
ACP,60,20221221,150000,71.25,71.5,71.2,71.35,1718,0
ACP,60,20221221,160000,71.45,71.45,71.25,71.3,1610,0
ACP,60,20221221,170000,71.25,71.4,71.2,71.2,6011,0
ACP,60,20221222,100000,71.25,71.45,70.85,71.4,4829,0
ACP,60,20221222,110000,71.45,72.2,71.4,72.15,6543,0
ACP,60,20221222,120000,72.3,72.6,71.8,72.5,5625,0
ACP,60,20221222,130000,72.45,72.45,72,72.25,5232,0
ACP,60,20221222,140000,72.2,72.4,72.05,72.25,4461,0
ACP,60,20221222,150000,72.25,72.55,72.1,72.15,5798,0
ACP,60,20221222,160000,72.15,72.5,72,72.35,8339,0
ACP,60,20221222,170000,72.35,72.9,72.25,72.55,11283,0
ACP,60,20221223,100000,72.95,72.95,72.15,72.65,2599,0
ACP,60,20221223,110000,72.7,72.7,72.7,72.7,49,0
ACP,60,20221223,120000,72.65,72.9,72.4,72.6,1961,0
ACP,60,20221223,130000,72.55,72.75,72.4,72.55,1802,0
ACP,60,20221223,140000,72.65,72.65,72.4,72.4,456,0
ACP,60,20221223,150000,72.4,72.6,71.85,72.6,2040,0
ACP,60,20221223,160000,72.6,72.6,71.75,71.95,3486,0
ACP,60,20221223,170000,72.15,72.35,71.8,71.95,3939,0
ACP,60,20221227,100000,72.5,72.5,72,72.1,1464,0
ACP,60,20221227,110000,72.1,72.15,71.9,71.9,1476,0
ACP,60,20221227,120000,72.1,72.2,71.95,71.95,731,0
ACP,60,20221227,130000,72.25,72.5,72.05,72.5,993,0
ACP,60,20221227,140000,72.5,72.8,72.45,72.45,2707,0
ACP,60,20221227,150000,72.45,72.65,72.1,72.4,426,0
ACP,60,20221227,160000,72.1,72.4,71.8,71.85,761,0
ACP,60,20221227,170000,71.8,72,71.45,71.85,4455,0
ACP,60,20221228,100000,71.85,72.5,71,71.5,2015,0
ACP,60,20221228,110000,71.45,71.55,71.2,71.55,11927,0
ACP,60,20221228,120000,71.6,72.1,71.55,72.1,452,0
ACP,60,20221228,130000,72.1,72.1,71.45,71.65,4191,0
ACP,60,20221228,140000,71.5,71.7,71.35,71.55,1482,0
ACP,60,20221228,150000,71.55,71.7,71.2,71.35,6540,0
ACP,60,20221228,160000,71.4,71.5,71.2,71.25,9442,0
ACP,60,20221228,170000,71.3,71.55,71.15,71.45,20631,0
ACP,60,20221229,100000,71.4,72,71.1,72,1875,0
ACP,60,20221229,110000,71.95,72.1,71.75,71.75,279,0
ACP,60,20221229,120000,71.85,72.35,71.8,72.35,1603,0
ACP,60,20221229,130000,72.4,72.45,72.1,72.45,1232,0
ACP,60,20221229,140000,72.25,72.35,72,72.15,3134,0
ACP,60,20221229,150000,72.15,72.15,71.9,71.95,17471,0
ACP,60,20221229,160000,72.1,72.5,71.9,72.5,27189,0
ACP,60,20221229,170000,72.4,72.95,72.4,72.5,17608,0
ACP,60,20221230,100000,73.4,74.4,72.85,74.15,5934,0
ACP,60,20221230,110000,74.05,74.6,73.95,74.45,4533,0
ACP,60,20221230,120000,74.45,74.8,74.15,74.15,3369,0
ACP,60,20221230,130000,74.1,74.5,74,74.35,5993,0
ACP,60,20221230,140000,74.05,74.2,73.2,73.5,3751,0
ACP,60,20221230,150000,73.6,74,73.15,73.85,4711,0
ACP,60,20221230,160000,73.7,73.75,72.35,72.55,13168,0
ACP,60,20221230,170000,72.6,73.35,72.6,72.6,41938,0
ACP,60,20230102,100000,72.6,73.7,72.6,73.55,927,0
ACP,60,20230102,110000,73.8,73.8,73.1,73.3,786,0
ACP,60,20230102,120000,73.2,73.45,72.8,73.2,1190,0
ACP,60,20230102,130000,72.9,73.2,72.9,72.9,205,0
ACP,60,20230102,140000,73.15,73.15,72.5,73.1,1024,0
ACP,60,20230102,150000,72.65,73.1,72.6,72.8,973,0
ACP,60,20230102,160000,73.2,73.2,72.8,73.1,77,0
ACP,60,20230102,170000,73.1,73.45,73.1,73.2,2682,0
ACP,60,20230103,100000,73.4,73.4,72.65,73.25,4802,0
ACP,60,20230103,110000,73.3,74,73.1,73.95,1408,0
ACP,60,20230103,120000,74,74.45,73.9,73.95,1230,0
ACP,60,20230103,130000,73.75,73.9,73.45,73.5,1336,0
ACP,60,20230103,140000,73.45,73.45,73.1,73.45,1622,0
ACP,60,20230103,150000,73.45,73.75,73.35,73.75,1428,0
ACP,60,20230103,160000,73.85,73.9,73.1,73.15,4302,0
ACP,60,20230103,170000,73.45,73.5,73,73,9820,0
ACP,60,20230104,100000,73.3,73.45,73.05,73.1,1956,0
ACP,60,20230104,110000,73.1,73.55,73.05,73.55,3141,0
ACP,60,20230104,120000,73.35,73.7,73.05,73.05,2653,0
ACP,60,20230104,130000,73.05,73.6,73.05,73.6,2230,0
ACP,60,20230104,140000,73.6,73.6,73.15,73.15,1344,0
ACP,60,20230104,150000,73.35,73.65,73.25,73.6,2759,0
ACP,60,20230104,160000,73.35,73.6,73.05,73.3,3390,0
ACP,60,20230104,170000,73.3,73.35,73,73.35,15917,0
ACP,60,20230105,100000,73.5,73.95,73.1,73.8,3843,0
ACP,60,20230105,110000,73.6,74.2,73.6,73.9,8786,0
ACP,60,20230105,120000,74,74,73.8,73.95,3448,0
ACP,60,20230105,130000,73.95,74,73.75,73.75,17374,0
ACP,60,20230105,140000,73.7,73.85,73.2,73.8,4882,0
ACP,60,20230105,150000,73.75,73.75,73.15,73.4,6423,0
ACP,60,20230105,160000,73.4,73.5,72.75,73.1,10199,0
ACP,60,20230105,170000,73.2,74,72.95,73.3,25253,0
ACP,60,20230109,100000,73.7,75.2,73.7,74.7,9980,0
ACP,60,20230109,110000,74.7,74.7,74.05,74.05,11925,0
ACP,60,20230109,120000,74.2,74.2,73.75,74,10907,0
ACP,60,20230109,130000,74.15,74.2,74,74.2,8254,0
ACP,60,20230109,140000,74.2,75,74.2,74.55,11528,0
ACP,60,20230109,150000,74.4,74.6,74.25,74.5,5201,0
ACP,60,20230109,160000,74.5,74.9,74.2,74.75,14884,0
ACP,60,20230109,170000,74.9,75.95,74.8,75.85,40520,0
ACP,60,20230110,100000,75.85,75.9,74.65,75.3,6659,0
ACP,60,20230110,110000,75.4,75.55,75.1,75.55,3323,0
ACP,60,20230110,120000,75.5,75.9,74.6,74.95,11038,0
ACP,60,20230110,130000,75,75.15,74.85,75.15,1324,0
ACP,60,20230110,140000,74.95,74.95,74.5,74.85,2616,0
ACP,60,20230110,150000,75,75.2,74.75,74.95,5092,0
ACP,60,20230110,160000,75.2,75.2,74.5,74.85,4418,0
ACP,60,20230110,170000,74.85,75.65,74.8,74.8,43775,0
ACP,60,20230111,100000,74.75,75.05,73.8,74.4,12737,0
ACP,60,20230111,110000,74.4,74.5,73.2,73.85,15373,0
ACP,60,20230111,120000,73.95,74.1,73.5,73.5,8320,0
ACP,60,20230111,130000,73.45,73.75,73.3,73.75,6797,0
ACP,60,20230111,140000,73.7,73.75,73.45,73.7,5032,0
ACP,60,20230111,150000,73.55,73.75,73.15,73.4,10593,0
ACP,60,20230111,160000,73.4,73.5,73.2,73.3,7406,0
ACP,60,20230111,170000,73.25,73.75,73,73.1,25768,0
ACP,60,20230112,100000,73,74.7,73,74.6,11035,0
ACP,60,20230112,110000,74.65,75.4,74.45,75.2,12461,0
ACP,60,20230112,120000,75.25,75.25,74.85,74.85,6008,0
ACP,60,20230112,130000,74.8,75.1,74.65,75.1,5205,0
ACP,60,20230112,140000,75,75.15,74.85,75,5488,0
ACP,60,20230112,150000,74.95,75,74,74.4,15613,0
ACP,60,20230112,160000,74.5,74.7,73.4,73.6,15459,0
ACP,60,20230112,170000,73.6,73.95,73.4,73.45,17227,0
ACP,60,20230113,100000,73.55,73.6,72.65,72.95,7037,0
ACP,60,20230113,110000,72.95,73.05,72.4,73,31992,0
ACP,60,20230113,120000,73,73.25,72.95,72.95,3891,0
ACP,60,20230113,130000,72.95,73.45,72.9,73.35,4096,0
ACP,60,20230113,140000,73.25,73.25,72.85,73.05,3682,0
ACP,60,20230113,150000,72.9,73.05,72.55,72.65,5979,0
ACP,60,20230113,160000,72.55,73.3,72.35,73.05,9987,0
ACP,60,20230113,170000,73.05,73.3,72.7,72.8,25740,0
ACP,60,20230116,100000,73,73.35,72.55,73,7014,0
ACP,60,20230116,110000,72.8,72.95,72.1,72.8,6940,0
ACP,60,20230116,120000,72.9,73.7,72.4,72.9,11432,0
ACP,60,20230116,130000,72.65,72.95,72.65,72.75,4908,0
ACP,60,20230116,140000,72.95,72.95,72.6,72.9,2072,0
ACP,60,20230116,150000,72.95,72.95,72.6,72.9,2260,0
ACP,60,20230116,160000,72.75,73.6,72.6,73.15,8518,0
ACP,60,20230116,170000,73.3,73.4,72.95,73.35,9457,0
ACP,60,20230117,100000,72.95,73.6,72.8,72.9,3430,0
ACP,60,20230117,110000,73.05,73.1,73,73.1,10179,0
ACP,60,20230117,120000,73.1,73.1,72.75,72.75,4997,0
ACP,60,20230117,130000,72.7,73.35,72.55,73.35,8038,0
ACP,60,20230117,140000,73.45,73.5,72.9,73.15,2499,0
ACP,60,20230117,150000,73.4,73.9,73.3,73.9,7793,0
ACP,60,20230117,160000,73.8,74,73.5,73.8,15140,0
ACP,60,20230117,170000,73.8,74.5,73.8,73.85,18707,0
ACP,60,20230118,100000,73.8,75.4,73.7,75,13830,0
ACP,60,20230118,110000,74.9,75,73.8,73.8,9823,0
ACP,60,20230118,120000,74,74.95,74,74.85,6361,0
ACP,60,20230118,130000,74.85,74.9,74.35,74.35,2953,0
ACP,60,20230118,140000,74.45,74.75,74.45,74.5,3767,0
ACP,60,20230118,150000,74.45,75,74.4,74.95,5530,0
ACP,60,20230118,160000,74.95,75.35,74.45,74.45,11730,0
ACP,60,20230118,170000,74.4,75,73.75,73.95,18746,0
ACP,60,20230119,100000,73.95,73.95,73.5,73.65,5318,0
ACP,60,20230119,110000,73.6,74.05,73.25,73.3,10033,0
ACP,60,20230119,120000,73.25,73.55,73.05,73.05,5844,0
ACP,60,20230119,130000,73.2,73.45,73,73.2,5442,0
ACP,60,20230119,140000,73.3,73.6,73.25,73.4,6390,0
ACP,60,20230119,150000,73.6,73.8,73.15,73.2,5838,0
ACP,60,20230119,160000,73.2,73.8,73.1,73.65,18618,0
ACP,60,20230119,170000,73.65,73.8,73.5,73.55,26657,0
ACP,60,20230120,100000,73.4,73.7,72.9,72.95,6234,0
ACP,60,20230120,110000,72.95,73.05,72.6,72.9,9246,0
ACP,60,20230120,120000,72.9,72.9,72.35,72.55,7639,0
ACP,60,20230120,130000,72.55,72.75,72.4,72.6,5863,0
ACP,60,20230120,140000,72.75,73.1,72.55,72.95,4135,0
ACP,60,20230120,150000,73,73.25,72.55,72.55,9807,0
ACP,60,20230120,160000,72.6,72.85,72.3,72.65,13575,0
ACP,60,20230120,170000,72.8,72.8,71.75,71.75,86629,0
ACP,60,20230123,100000,71.8,73.4,71.8,73.25,8069,0
ACP,60,20230123,110000,73.2,73.45,72.95,73.25,7833,0
ACP,60,20230123,120000,73.4,73.75,73.15,73.6,2910,0
ACP,60,20230123,130000,73.6,73.75,73.4,73.45,3404,0
ACP,60,20230123,140000,73.7,73.9,73.55,73.6,6671,0
ACP,60,20230123,150000,73.8,73.8,73.25,73.45,2780,0
ACP,60,20230123,160000,73.5,74.2,73.2,73.7,9036,0
ACP,60,20230123,170000,73.7,74.1,73.45,73.45,13183,0
ACP,60,20230124,100000,74.05,74.2,73.6,74.2,6281,0
ACP,60,20230124,110000,74.35,75.15,74.05,74.9,13362,0
ACP,60,20230124,120000,74.7,75,74.5,74.9,9043,0
ACP,60,20230124,130000,74.9,75.15,74.7,75,8280,0
ACP,60,20230124,140000,74.85,74.85,74.15,74.15,6412,0
ACP,60,20230124,150000,74.1,74.55,74.1,74.5,3003,0
ACP,60,20230124,160000,74.5,74.5,73.85,74.1,7735,0
ACP,60,20230124,170000,74,74.15,73.55,73.55,9191,0
ACP,60,20230125,100000,73.9,74.35,73.4,74.2,8518,0
ACP,60,20230125,110000,74.15,74.5,73.85,74,3446,0
ACP,60,20230125,120000,73.85,74,73.55,73.8,3144,0
ACP,60,20230125,130000,73.8,74.05,73.4,73.7,5736,0
ACP,60,20230125,140000,73.7,73.7,73.5,73.5,2178,0
ACP,60,20230125,150000,73.65,73.7,73.15,73.15,2630,0
ACP,60,20230125,160000,73.15,73.55,73.15,73.35,4239,0
ACP,60,20230125,170000,73.35,73.7,73.35,73.4,12547,0
ACP,60,20230126,100000,74.85,75,73.5,73.5,2575,0
ACP,60,20230126,110000,73.5,73.55,73.2,73.55,1700,0
ACP,60,20230126,120000,73.65,74.1,73.55,74.05,3761,0
ACP,60,20230126,130000,74.05,74.2,74,74.2,1744,0
ACP,60,20230126,140000,74.25,74.4,74.1,74.2,1932,0
ACP,60,20230126,150000,74.25,74.95,74.25,74.8,5203,0
ACP,60,20230126,160000,74.8,75.35,74.7,75.35,16560,0
ACP,60,20230126,170000,75.2,75.45,75.05,75.05,16030,0
ACP,60,20230127,100000,75.25,75.25,74.6,74.9,8756,0
ACP,60,20230127,110000,75.1,75.6,75.1,75.15,12204,0
ACP,60,20230127,120000,75.3,75.35,75.05,75.35,5334,0
ACP,60,20230127,130000,75.35,75.4,75.2,75.4,2034,0
ACP,60,20230127,140000,75.4,75.4,74.7,74.85,3531,0
ACP,60,20230127,150000,74.85,75.25,74.5,74.75,4466,0
ACP,60,20230127,160000,74.75,75.45,74.75,75.25,7481,0
ACP,60,20230127,170000,75.25,75.6,74.65,74.65,12462,0
ACP,60,20230130,100000,74.05,74.65,74.05,74.65,2289,0
ACP,60,20230130,110000,74.55,75,74.55,74.95,2139,0
ACP,60,20230130,120000,74.95,75.1,74.25,74.65,6608,0
ACP,60,20230130,130000,74.45,74.65,74.45,74.65,1210,0
ACP,60,20230130,140000,74.75,74.95,74.4,74.4,3032,0
ACP,60,20230130,150000,74.5,74.6,74.4,74.4,1500,0
ACP,60,20230130,160000,74.6,74.85,74.1,74.6,6014,0
ACP,60,20230130,170000,74.7,74.7,74.05,74.05,9420,0
ACP,60,20230131,100000,74.05,74.9,74,74.9,5008,0
ACP,60,20230131,110000,74.9,75.5,74.6,75.5,5139,0
ACP,60,20230131,120000,75.25,76.05,74.95,75.75,9678,0
ACP,60,20230131,130000,75.75,76.3,75.4,76.15,8990,0
ACP,60,20230131,140000,76.2,76.75,75.8,76.7,10128,0
ACP,60,20230131,150000,76.7,76.85,76.1,76.6,9977,0
ACP,60,20230131,160000,76.6,77,75.8,75.8,18311,0
ACP,60,20230131,170000,75.85,76.25,75.1,76.15,34832,0
ACP,60,20230201,100000,77,77,75.8,75.9,9660,0
ACP,60,20230201,110000,75.9,76.45,75.9,76.25,25657,0
ACP,60,20230201,120000,76.3,76.5,76.05,76.2,3469,0
ACP,60,20230201,130000,76.25,76.75,76.2,76.25,3002,0
ACP,60,20230201,140000,76.45,76.65,76.3,76.3,4285,0
ACP,60,20230201,150000,76.3,76.5,76.2,76.5,2844,0
ACP,60,20230201,160000,76.25,76.35,75.8,76.2,14699,0
ACP,60,20230201,170000,76.25,76.65,75.75,75.75,17047,0
ACP,60,20230202,100000,76.9,77,76.5,76.95,9967,0
ACP,60,20230202,110000,76.95,77.65,76.7,77,11102,0
ACP,60,20230202,120000,77,77.8,76.8,77.35,8522,0
ACP,60,20230202,130000,77.35,77.35,76.85,76.9,3787,0
ACP,60,20230202,140000,77.1,77.3,76.8,77.2,4661,0
ACP,60,20230202,150000,77.2,78.2,77.1,78.2,11097,0
ACP,60,20230202,160000,78.2,78.8,77.9,78.45,18115,0
ACP,60,20230202,170000,78.3,78.9,77.85,78.15,27198,0
ACP,60,20230203,100000,78.5,78.8,78.15,78.55,5127,0
ACP,60,20230203,110000,78.6,79.2,78.6,79.2,4077,0
ACP,60,20230203,120000,79.2,79.2,78.5,78.85,3002,0
ACP,60,20230203,130000,78.75,79.2,78.75,78.95,3029,0
ACP,60,20230203,140000,78.95,79.8,78.9,79.25,11072,0
ACP,60,20230203,150000,79.5,79.55,78.9,79.05,6110,0
ACP,60,20230203,160000,79,79.35,78.8,79.35,5447,0
ACP,60,20230203,170000,79.15,79.35,78.7,79,18125,0
ACP,60,20230206,100000,79,79,78,78.05,2653,0
ACP,60,20230206,110000,78.1,78.2,77.55,77.55,3898,0
ACP,60,20230206,120000,77.4,77.7,77.25,77.6,4114,0
ACP,60,20230206,130000,77.6,77.75,77.3,77.4,3530,0
ACP,60,20230206,140000,77.7,77.7,77.2,77.45,2197,0
ACP,60,20230206,150000,77.4,77.6,77.2,77.3,4338,0
ACP,60,20230206,160000,77.25,77.6,77.05,77.45,7489,0
ACP,60,20230206,170000,77.35,77.85,77.05,77.3,20478,0
ACP,60,20230207,100000,77.85,77.85,77,77.3,4249,0
ACP,60,20230207,110000,77.15,77.45,77.15,77.45,1461,0
ACP,60,20230207,120000,77.2,77.65,77.2,77.3,1619,0
ACP,60,20230207,130000,77.45,77.5,77.2,77.4,6696,0
ACP,60,20230207,140000,77.35,78.15,77.2,77.95,8539,0
ACP,60,20230207,150000,77.85,78.35,77.85,78.15,4772,0
ACP,60,20230207,160000,78.1,78.3,78,78.1,2043,0
ACP,60,20230207,170000,78.25,78.4,78,78.2,13301,0
ACP,60,20230208,100000,78.45,78.85,78.2,78.75,4103,0
ACP,60,20230208,110000,78.8,78.8,78.25,78.45,2200,0
ACP,60,20230208,120000,78.5,78.6,78.3,78.3,1691,0
ACP,60,20230208,130000,78.3,78.5,78.3,78.5,478,0
ACP,60,20230208,140000,78.3,78.5,78.15,78.4,4835,0
ACP,60,20230208,150000,78.4,78.4,78.15,78.25,1714,0
ACP,60,20230208,160000,78.2,78.7,77.85,78.4,3232,0
ACP,60,20230208,170000,78.4,78.7,78.1,78.15,17492,0
ACP,60,20230209,100000,78,80.3,78,79.85,48937,0
ACP,60,20230209,110000,79.95,80.7,79.75,80.7,4689,0
ACP,60,20230209,120000,80.7,81.35,80.55,81.2,18332,0
ACP,60,20230209,130000,81.2,81.3,81,81.25,4241,0
ACP,60,20230209,140000,81.25,81.25,80.95,81.2,4226,0
ACP,60,20230209,150000,81.15,81.55,81.1,81.55,13402,0
ACP,60,20230209,160000,81.25,81.5,81.1,81.1,46915,0
ACP,60,20230209,170000,81.3,81.65,81.15,81.65,44987,0
ACP,60,20230210,100000,81.65,81.65,79.75,80.25,4451,0
ACP,60,20230210,110000,80.3,80.5,79.55,79.65,6377,0
ACP,60,20230210,120000,79.5,79.65,79.1,79.2,7822,0
ACP,60,20230210,130000,79.15,79.15,78.35,79.05,19030,0
ACP,60,20230210,140000,79.15,79.15,78.7,78.7,7738,0
ACP,60,20230210,150000,78.85,79.1,78.7,78.9,9248,0
ACP,60,20230210,160000,78.85,78.9,78.45,78.45,14024,0
ACP,60,20230210,170000,78.4,79.05,78.35,78.7,18104,0
ACP,60,20230213,100000,79,79.45,78.55,79.45,3161,0
ACP,60,20230213,110000,79.4,79.65,79.15,79.45,6756,0
ACP,60,20230213,120000,79.45,79.95,79.25,79.55,3471,0
ACP,60,20230213,130000,79.3,79.3,78.7,79.1,6284,0
ACP,60,20230213,140000,79.1,79.2,78.75,79.15,5411,0
ACP,60,20230213,150000,79.15,79.25,78.7,78.8,8971,0
ACP,60,20230213,160000,78.8,79.55,78.55,79.55,11140,0
ACP,60,20230213,170000,79.6,79.8,79.05,79.55,19469,0
ACP,60,20230214,100000,80.05,80.5,79.05,79.25,3909,0
ACP,60,20230214,110000,79.2,79.5,79.1,79.25,2380,0
ACP,60,20230214,120000,79.25,79.55,79.15,79.3,2635,0
ACP,60,20230214,130000,79.4,79.55,79.1,79.1,4341,0
ACP,60,20230214,140000,79.15,79.4,79.1,79.35,3650,0
ACP,60,20230214,150000,79.3,79.4,78.5,78.95,15342,0
ACP,60,20230214,160000,78.95,79.5,78.65,79.5,10148,0
ACP,60,20230214,170000,79.45,79.6,78.9,79.1,15141,0
ACP,60,20230215,100000,80.05,80.05,79,79.8,2173,0
ACP,60,20230215,110000,80,80.35,79.85,80.15,3526,0
ACP,60,20230215,120000,80.2,80.35,79.85,80.35,3096,0
ACP,60,20230215,130000,80.35,80.5,80,80.5,3542,0
ACP,60,20230215,140000,80.5,80.55,80.15,80.15,2469,0
ACP,60,20230215,150000,80.1,80.7,79.6,80.7,28440,0
ACP,60,20230215,160000,80.7,80.8,80.2,80.2,7471,0
ACP,60,20230215,170000,80.2,80.5,80.2,80.5,11419,0
ACP,60,20230216,100000,80.7,80.9,80.05,80.45,3178,0
ACP,60,20230216,110000,80.2,80.55,79.8,80.5,7057,0
ACP,60,20230216,120000,80.35,80.85,80.15,80.7,4089,0
ACP,60,20230216,130000,80.8,80.8,80.5,80.5,2162,0
ACP,60,20230216,140000,80.5,80.65,80.35,80.4,5082,0
ACP,60,20230216,150000,80.4,80.5,79.75,79.85,13237,0
ACP,60,20230216,160000,79.8,80.6,79.45,80.55,11193,0
ACP,60,20230216,170000,80.6,80.65,80.25,80.5,10347,0
ACP,60,20230217,100000,80.5,80.5,79.8,79.8,5303,0
ACP,60,20230217,110000,79.8,80,79.5,80,4226,0
ACP,60,20230217,120000,79.85,80,79.65,80,4157,0
ACP,60,20230217,130000,80,80.3,79.65,79.95,4312,0
ACP,60,20230217,140000,80.1,80.4,80.1,80.1,900,0
ACP,60,20230217,150000,80.05,80.2,79.9,80.2,657,0
ACP,60,20230217,160000,80.2,80.3,79.75,79.85,5007,0
ACP,60,20230217,170000,79.85,79.95,79.75,79.75,13101,0
ACP,60,20230220,100000,80,80.1,79.65,79.7,2741,0
ACP,60,20230220,110000,79.7,79.85,79.1,79.4,5813,0
ACP,60,20230220,120000,79.4,79.5,79.05,79.25,2686,0
ACP,60,20230220,130000,79.25,79.35,79.1,79.2,4033,0
ACP,60,20230220,140000,79.2,79.35,78.8,79.2,4799,0
ACP,60,20230220,150000,79.2,79.55,79.2,79.5,1932,0
ACP,60,20230220,160000,79.45,79.5,79.25,79.3,5356,0
ACP,60,20230220,170000,79.3,79.55,79.15,79.25,6901,0
ACP,60,20230221,100000,79.25,79.45,78,78.75,4773,0
ACP,60,20230221,110000,78.5,78.7,78.25,78.65,1435,0
ACP,60,20230221,120000,78.45,78.55,78.25,78.4,887,0
ACP,60,20230221,130000,78.4,78.45,78.1,78.45,1909,0
ACP,60,20230221,140000,78.4,78.4,77.75,78.1,3641,0
ACP,60,20230221,150000,78.2,78.55,77.65,78.55,12264,0
ACP,60,20230221,160000,78.5,79.25,78.5,79.2,8774,0
ACP,60,20230221,170000,79.2,79.2,78.65,78.8,11132,0
ACP,60,20230222,100000,79,79,78.3,78.65,4981,0
ACP,60,20230222,110000,78.35,79,78.35,78.75,2518,0
ACP,60,20230222,120000,78.8,78.9,78.45,78.55,3590,0
ACP,60,20230222,130000,78.55,78.55,77.9,78.1,3641,0
ACP,60,20230222,140000,78.1,78.55,77.95,78.35,6833,0
ACP,60,20230222,150000,78.35,78.45,78.1,78.4,3073,0
ACP,60,20230222,160000,78.4,78.8,78.25,78.5,6403,0
ACP,60,20230222,170000,78.5,78.65,78.2,78.5,11897,0
ACP,60,20230223,100000,78.65,78.9,78.2,78.45,6552,0
ACP,60,20230223,110000,78.3,78.95,78.3,78.45,1345,0
ACP,60,20230223,120000,78.5,79,78.15,78.45,2198,0
ACP,60,20230223,130000,78.15,78.35,77.8,78.35,5321,0
ACP,60,20230223,140000,78.1,78.1,77.5,77.7,7143,0
ACP,60,20230223,150000,77.8,78.05,77.8,78.05,118,0
ACP,60,20230223,160000,78,78.4,77.8,78.25,3445,0
ACP,60,20230223,170000,78.35,78.6,78.05,78.45,12726,0
ACP,60,20230224,100000,79,79.1,78.45,79.1,3159,0
ACP,60,20230224,110000,79.2,79.25,78.8,79,2576,0
ACP,60,20230224,120000,79.15,79.2,79,79.2,301,0
ACP,60,20230224,130000,79.2,79.7,79.05,79.3,4410,0
ACP,60,20230224,140000,79.3,79.65,79.3,79.35,3444,0
ACP,60,20230224,150000,79.35,79.5,78.85,79,5128,0
ACP,60,20230224,160000,78.9,79.3,78.55,79.25,4735,0
ACP,60,20230224,170000,79.25,79.4,78.8,78.9,8015,0
ACP,60,20230227,100000,78.9,78.95,78.7,78.9,965,0
ACP,60,20230227,110000,78.95,79.55,78.95,79.15,2243,0
ACP,60,20230227,120000,78.95,79.9,78.95,79.5,4373,0
ACP,60,20230227,130000,79.7,79.75,79.55,79.55,965,0
ACP,60,20230227,140000,79.75,80.4,79.75,80.15,16082,0
ACP,60,20230227,150000,80.3,80.6,80.15,80.2,2777,0
ACP,60,20230227,160000,80.25,80.5,80.15,80.3,1099,0
ACP,60,20230227,170000,80.45,80.5,79.3,80.25,8051,0
ACP,60,20230228,100000,80,80.3,79.05,79.8,2904,0
ACP,60,20230228,110000,79.9,80,79.5,79.65,1349,0
ACP,60,20230228,120000,79.75,80,79.55,79.7,1708,0
ACP,60,20230228,130000,79.5,79.85,79.3,79.7,1835,0
ACP,60,20230228,140000,79.8,79.95,79.25,79.45,4569,0
ACP,60,20230228,150000,79.45,79.5,79,79.1,5070,0
ACP,60,20230228,160000,79.1,79.4,78.8,79.25,7088,0
ACP,60,20230228,170000,79.25,79.85,79.15,79.85,19665,0
ACP,60,20230301,100000,80,80.4,79.75,80.2,4148,0
ACP,60,20230301,110000,80.25,80.55,79.95,80.2,5280,0
ACP,60,20230301,120000,80.25,80.6,79.9,80.05,6815,0
ACP,60,20230301,130000,80.05,80.5,79.9,80.45,3512,0
ACP,60,20230301,140000,80.4,80.7,80.25,80.4,9160,0
ACP,60,20230301,150000,80.4,80.45,80.1,80.4,5348,0
ACP,60,20230301,160000,80.35,80.4,79.95,80.2,9407,0
ACP,60,20230301,170000,80.1,80.4,79.8,80.4,27652,0
ACP,60,20230302,100000,80.5,80.55,78.7,79.05,10391,0
ACP,60,20230302,110000,79.25,79.35,78.85,79.1,3069,0
ACP,60,20230302,120000,79,79.35,78.85,79.35,1236,0
ACP,60,20230302,130000,79.25,79.3,78.65,78.7,4407,0
ACP,60,20230302,140000,78.75,79.15,78.7,78.85,3761,0
ACP,60,20230302,150000,78.85,79.05,78.6,78.95,7484,0
ACP,60,20230302,160000,79,79.25,79,79.15,6867,0
ACP,60,20230302,170000,79.05,79.3,78.7,78.95,14026,0
ACP,60,20230303,100000,79.4,79.45,79.1,79.25,1402,0
ACP,60,20230303,110000,79.3,79.5,78.9,79,1004,0
ACP,60,20230303,120000,79,79.2,78.9,79.05,1352,0
ACP,60,20230303,130000,79.05,79.2,78.8,79,1216,0
ACP,60,20230303,140000,79,79.15,78.8,78.85,2239,0
ACP,60,20230303,150000,78.85,78.95,78.65,78.75,2956,0
ACP,60,20230303,160000,78.75,79.4,78.75,79.3,2965,0
ACP,60,20230303,170000,79.3,79.85,79.2,79.6,8998,0
ACP,60,20230306,100000,80.4,80.65,80,80.15,25360,0
ACP,60,20230306,110000,80.15,80.6,80.15,80.3,8488,0
ACP,60,20230306,120000,80.4,80.4,80.05,80.3,7882,0
ACP,60,20230306,130000,80.15,80.3,80.05,80.2,4926,0
ACP,60,20230306,140000,80.05,80.3,80.05,80.2,8180,0
ACP,60,20230306,150000,80.15,80.25,80.1,80.1,9517,0
ACP,60,20230306,160000,80.15,80.25,80,80.25,8175,0
ACP,60,20230306,170000,80.2,80.65,80.15,80.3,55313,0
ACP,60,20230307,100000,80.4,80.4,79.7,80,3612,0
ACP,60,20230307,110000,80.2,80.7,79.9,80.3,9407,0
ACP,60,20230307,120000,80.35,80.65,80.3,80.45,1195,0
ACP,60,20230307,130000,80.3,80.4,80.2,80.4,474,0
ACP,60,20230307,140000,80.2,80.45,80.05,80.45,2088,0
ACP,60,20230307,150000,80.5,80.6,80.25,80.45,7542,0
ACP,60,20230307,160000,80.45,80.5,80.25,80.45,2914,0
ACP,60,20230307,170000,80.3,80.35,79.85,80.1,6178,0
ACP,60,20230308,100000,80,80,79.45,79.9,2402,0
ACP,60,20230308,110000,79.7,80.4,79.65,80.35,3266,0
ACP,60,20230308,120000,80.45,80.45,79.95,80.3,1282,0
ACP,60,20230308,130000,80.35,80.9,80.35,80.65,18017,0
ACP,60,20230308,140000,80.75,80.75,79.95,79.95,16962,0
ACP,60,20230308,150000,79.95,80.3,79.7,80,6066,0
ACP,60,20230308,160000,80.1,80.4,79.9,80.4,6385,0
ACP,60,20230308,170000,80.3,80.55,79.95,80.05,15803,0
ACP,60,20230309,100000,80.15,80.5,79.85,79.9,4214,0
ACP,60,20230309,110000,79.75,79.95,79.55,79.9,2130,0
ACP,60,20230309,120000,79.7,80.25,79.7,80.2,3558,0
ACP,60,20230309,130000,80.4,80.5,80.3,80.5,1732,0
ACP,60,20230309,140000,80.35,80.65,80.3,80.4,2644,0
ACP,60,20230309,150000,80.45,80.85,80.3,80.7,5464,0
ACP,60,20230309,160000,80.7,80.7,79.95,80.05,10990,0
ACP,60,20230309,170000,80.05,80.25,79.75,80.1,9384,0
ACP,60,20230310,100000,78.6,78.9,78.3,78.65,5556,0
ACP,60,20230310,110000,78.65,78.65,77.95,78.1,13808,0
ACP,60,20230310,120000,78,78.15,77.7,77.8,6449,0
ACP,60,20230310,130000,77.85,78.05,77.65,78,2556,0
ACP,60,20230310,140000,77.85,78.2,77.75,78,2374,0
ACP,60,20230310,150000,78,78.15,77.8,77.95,2655,0
ACP,60,20230310,160000,77.95,78.1,77.55,77.85,6277,0
ACP,60,20230310,170000,77.6,77.75,77.3,77.5,8265,0
ACP,60,20230313,100000,77.6,77.6,76.15,76.4,10125,0
ACP,60,20230313,110000,76.55,77,75.8,76.05,21879,0
ACP,60,20230313,120000,75.9,76.3,75.55,76.3,9178,0
ACP,60,20230313,130000,76.3,76.5,75.6,75.6,7707,0
ACP,60,20230313,140000,75.8,76.05,75.7,76.05,6434,0
ACP,60,20230313,150000,76.05,76.4,75.8,76.4,6214,0
ACP,60,20230313,160000,76.25,76.75,76.2,76.5,12367,0
ACP,60,20230313,170000,76.65,77,76.5,76.75,15131,0
ACP,60,20230314,100000,77.5,77.5,76.25,76.55,2804,0
ACP,60,20230314,110000,76.75,76.75,76.3,76.45,4815,0
ACP,60,20230314,120000,76.45,76.6,76.1,76.25,2428,0
ACP,60,20230314,130000,76.25,76.3,75.9,75.9,1728,0
ACP,60,20230314,140000,76,76.25,75.65,75.95,3210,0
ACP,60,20230314,150000,75.85,76.1,75.25,75.55,8040,0
ACP,60,20230314,160000,75.55,75.8,75.25,75.35,8308,0
ACP,60,20230314,170000,75.25,75.35,74.55,74.8,16938,0
ACP,60,20230315,100000,75.6,75.9,75,75.75,10392,0
ACP,60,20230315,110000,75.8,75.85,75.45,75.5,5668,0
ACP,60,20230315,120000,75.35,75.45,74.35,74.7,6351,0
ACP,60,20230315,130000,74.9,75,74.7,74.95,5519,0
ACP,60,20230315,140000,75,75,74.4,74.4,8811,0
ACP,60,20230315,150000,74.3,75.1,74.3,74.95,9280,0
ACP,60,20230315,160000,74.95,75.15,74.75,74.95,16395,0
ACP,60,20230315,170000,75,75.15,74.8,75.15,17012,0
ACP,60,20230316,100000,75.45,75.55,74.75,74.75,4051,0
ACP,60,20230316,110000,74.85,74.95,74.5,74.6,2153,0
ACP,60,20230316,120000,74.7,74.8,74.1,74.75,6478,0
ACP,60,20230316,130000,74.5,74.85,74.4,74.85,8485,0
ACP,60,20230316,140000,74.9,75.1,74.4,74.9,12893,0
ACP,60,20230316,150000,74.85,75.5,74.85,75.3,7118,0
ACP,60,20230316,160000,75.35,75.55,75,75.5,3318,0
ACP,60,20230316,170000,75.6,75.8,75.35,75.45,13004,0
ACP,60,20230317,100000,75.5,76.15,74.8,75.05,4476,0
ACP,60,20230317,110000,75.05,75.4,75.05,75.15,2919,0
ACP,60,20230317,120000,75.1,75.65,75,75.35,5801,0
ACP,60,20230317,130000,75.1,75.1,74.55,74.95,2906,0
ACP,60,20230317,140000,75.1,75.1,74.3,74.7,4152,0
ACP,60,20230317,150000,74.7,74.7,73.75,74.15,6318,0
ACP,60,20230317,160000,74.25,74.55,73.25,73.7,17692,0
ACP,60,20230317,170000,73.85,74.2,72.3,73.05,87324,0
ACP,60,20230320,100000,73,73.75,71.75,73.75,9792,0
ACP,60,20230320,110000,73.8,74,73.05,73.35,2365,0
ACP,60,20230320,120000,73.3,73.5,72.6,72.85,7017,0
ACP,60,20230320,130000,73,73.05,72.65,72.65,2954,0
ACP,60,20230320,140000,72.6,72.8,72.3,72.75,9183,0
ACP,60,20230320,150000,72.8,72.85,72.25,72.45,2961,0
ACP,60,20230320,160000,72.45,73.05,72.15,73,11855,0
ACP,60,20230320,170000,72.75,73.05,72.5,73,12173,0
ACP,60,20230321,100000,73,74.3,73,74.1,6179,0
ACP,60,20230321,110000,74.05,74.3,73.9,74.15,4971,0
ACP,60,20230321,120000,74.15,74.15,73.6,73.7,8521,0
ACP,60,20230321,130000,73.7,74.4,73.7,74.2,6335,0
ACP,60,20230321,140000,74.2,75.1,74.05,74.9,11184,0
ACP,60,20230321,150000,74.9,75.2,74.7,75.15,30573,0
ACP,60,20230321,160000,75.1,75.2,74.8,74.9,16198,0
ACP,60,20230321,170000,75,75.3,74.75,75,21933,0
ACP,60,20230322,100000,75.7,75.7,74.9,75.35,4691,0
ACP,60,20230322,110000,75.3,75.85,75.3,75.7,2847,0
ACP,60,20230322,120000,75.8,75.9,75.4,75.45,1847,0
ACP,60,20230322,130000,75.7,75.95,75.45,75.45,3289,0
ACP,60,20230322,140000,75.45,75.7,75.05,75.2,2739,0
ACP,60,20230322,150000,75.2,75.3,75.15,75.3,1782,0
ACP,60,20230322,160000,75.35,75.35,75,75.2,3983,0
ACP,60,20230322,170000,75.05,75.5,74.8,75.45,14295,0
ACP,60,20230323,100000,75.9,76,75.2,75.3,1739,0
ACP,60,20230323,110000,75.3,76,75.3,75.55,7146,0
ACP,60,20230323,120000,75.3,75.95,75.3,75.95,2901,0
ACP,60,20230323,130000,75.95,75.95,75.65,75.65,840,0
ACP,60,20230323,140000,75.55,75.8,75.5,75.6,1506,0
ACP,60,20230323,150000,75.7,75.8,75.35,75.45,4596,0
ACP,60,20230323,160000,75.4,75.65,75.4,75.55,8332,0
ACP,60,20230323,170000,75.65,75.75,75.3,75.4,11357,0
ACP,60,20230324,100000,74.75,76.35,74.75,75.15,21188,0
ACP,60,20230324,110000,75.45,75.45,74.9,75.2,3284,0
ACP,60,20230324,120000,75,75.6,75,75.3,5638,0
ACP,60,20230324,130000,75.15,75.2,74.9,75.05,2528,0
ACP,60,20230324,140000,75.2,75.2,74.9,75.05,819,0
ACP,60,20230324,150000,75.05,75.3,75,75.3,49728,0
ACP,60,20230324,160000,75.35,75.35,75,75.35,1121,0
ACP,60,20230324,170000,75.2,75.4,75,75.05,9602,0
ACP,60,20230327,100000,75.05,75.8,75,75.15,2630,0
ACP,60,20230327,110000,75.45,75.5,75,75.15,4358,0
ACP,60,20230327,120000,75.2,75.25,75.1,75.2,2995,0
ACP,60,20230327,130000,75.25,75.3,75.1,75.2,3313,0
ACP,60,20230327,140000,75.25,75.25,75.05,75.05,3860,0
ACP,60,20230327,150000,75.05,75.25,75.05,75.2,2163,0
ACP,60,20230327,160000,75.2,75.25,74.9,75,17115,0
ACP,60,20230327,170000,75,75.15,75,75.1,9988,0
ACP,60,20230328,100000,75,75.65,75,75.15,2053,0
ACP,60,20230328,110000,75.2,75.3,74.9,75.3,42615,0
ACP,60,20230328,120000,75.15,75.5,75.15,75.5,491,0
ACP,60,20230328,130000,75.5,75.55,75.35,75.35,283,0
ACP,60,20230328,140000,75.35,75.6,75.25,75.35,1630,0
ACP,60,20230328,150000,75.4,75.4,75,75.05,10110,0
ACP,60,20230328,160000,75.1,75.5,75,75.3,11121,0
ACP,60,20230328,170000,75.4,75.4,74.95,75,16756,0
ACP,60,20230329,100000,75.7,76,75.05,75.35,3225,0
ACP,60,20230329,110000,75.25,75.25,75,75.15,11068,0
ACP,60,20230329,120000,75.15,75.95,75.15,75.9,15781,0
ACP,60,20230329,130000,75.9,76.35,75.85,76.2,6456,0
ACP,60,20230329,140000,76.25,76.25,76.05,76.15,3363,0
ACP,60,20230329,150000,76.2,76.2,75.5,75.55,7209,0
ACP,60,20230329,160000,75.45,75.5,74.8,75,10648,0
ACP,60,20230329,170000,75.05,75.2,74.95,75,22185,0
ACP,60,20230330,100000,75,75.5,74.8,75.5,8096,0
ACP,60,20230330,110000,75.3,75.4,74.8,75,5078,0
ACP,60,20230330,120000,75,75.05,74.85,75,17808,0
ACP,60,20230330,130000,75.05,75.2,74.95,75.1,5498,0
ACP,60,20230330,140000,75.1,75.3,75,75.3,4253,0
ACP,60,20230330,150000,75.3,75.35,75.05,75.3,1997,0
ACP,60,20230330,160000,75.4,75.9,75.3,75.7,5261,0
ACP,60,20230330,170000,75.8,75.8,75.35,75.35,8639,0
ACP,60,20230331,100000,76.3,76.3,75.5,76,2214,0
ACP,60,20230331,110000,75.85,76.1,75.5,76,2480,0
ACP,60,20230331,120000,76.1,76.5,76.1,76.15,2354,0
ACP,60,20230331,130000,76.35,76.65,76.15,76.5,5368,0
ACP,60,20230331,140000,76.45,76.45,76.05,76.05,4356,0
ACP,60,20230331,150000,76.05,76.45,76,76.15,6293,0
ACP,60,20230331,160000,76.05,76.2,76,76.1,7138,0
ACP,60,20230331,170000,76.1,76.3,76,76.1,21119,0
ACP,60,20230403,100000,76.6,76.65,76.15,76.4,2528,0
ACP,60,20230403,110000,76.35,76.35,75.9,76.2,1804,0
ACP,60,20230403,120000,76.2,76.25,76,76.05,847,0
ACP,60,20230403,130000,76.05,76.25,75.95,75.95,503,0
ACP,60,20230403,140000,75.95,76,75.5,75.65,6353,0
ACP,60,20230403,150000,75.65,75.8,75.35,75.65,3701,0
ACP,60,20230403,160000,75.6,75.7,75.3,75.5,8879,0
ACP,60,20230403,170000,75.45,75.5,75,75,12820,0
ACP,60,20230404,100000,75.6,75.6,75,75.3,956,0
ACP,60,20230404,110000,75.15,75.45,75.1,75.2,5585,0
ACP,60,20230404,120000,75.2,75.3,75.15,75.3,3937,0
ACP,60,20230404,130000,75.3,75.55,75.25,75.5,1442,0
ACP,60,20230404,140000,75.4,75.45,75.3,75.45,418,0
ACP,60,20230404,150000,75.45,75.5,75.15,75.35,3311,0
ACP,60,20230404,160000,75.2,75.25,74.75,75,14058,0
ACP,60,20230404,170000,75.15,75.25,75.05,75.05,8010,0
ACP,60,20230405,100000,75.3,75.35,74.7,75.35,3827,0
ACP,60,20230405,110000,75.35,75.6,75.3,75.6,1144,0
ACP,60,20230405,120000,75.6,76,75.6,75.95,2302,0
ACP,60,20230405,130000,76,76.3,75.8,76.15,5767,0
ACP,60,20230405,140000,76.25,76.25,76.15,76.15,580,0
ACP,60,20230405,150000,76.2,76.25,76,76.1,1771,0
ACP,60,20230405,160000,76.2,76.35,76.1,76.1,4583,0
ACP,60,20230405,170000,76.1,76.45,76,76,10541,0
ACP,60,20230406,100000,76.25,76.25,75.45,75.45,2140,0
ACP,60,20230406,110000,75.5,75.5,75.45,75.45,473,0
ACP,60,20230406,120000,75.5,75.55,75.1,75.3,3101,0
ACP,60,20230406,130000,75.2,75.4,75,75.35,1839,0
ACP,60,20230406,140000,75.35,75.35,75.15,75.3,2389,0
ACP,60,20230406,150000,75.25,75.3,75,75.1,3615,0
ACP,60,20230406,160000,75.15,75.2,75,75,10884,0
ACP,60,20230406,170000,75.05,75.3,75,75.1,28784,0
ACP,60,20230411,100000,75.6,75.6,75.05,75.55,3401,0
ACP,60,20230411,110000,75.6,75.8,75.3,75.4,6316,0
ACP,60,20230411,120000,75.4,75.8,75.3,75.6,2372,0
ACP,60,20230411,130000,75.6,76,75.55,75.85,7133,0
ACP,60,20230411,140000,75.9,75.9,75.55,75.6,3571,0
ACP,60,20230411,150000,75.6,75.7,75.5,75.7,4092,0
ACP,60,20230411,160000,75.9,76.2,75.8,75.95,4307,0
ACP,60,20230411,170000,76,76.3,75.55,75.65,17339,0
ACP,60,20230412,100000,76,76.1,75.9,76.1,1731,0
ACP,60,20230412,110000,76.3,76.6,76.1,76.6,8393,0
ACP,60,20230412,120000,76.55,77.05,76.45,77,12419,0
ACP,60,20230412,130000,77,77.25,76.75,76.75,8646,0
ACP,60,20230412,140000,76.8,77.15,76.75,77.15,7041,0
ACP,60,20230412,150000,77.05,77.5,77,77.4,2586,0
ACP,60,20230412,160000,77.4,77.5,77.1,77.5,6486,0
ACP,60,20230412,170000,77.55,77.75,77.3,77.3,14863,0
ACP,60,20230413,100000,77.9,79.65,77.55,78.05,31200,0
ACP,60,20230413,110000,78.05,78.05,77.05,77.05,4242,0
ACP,60,20230413,120000,77.05,77.15,76.9,77.05,3705,0
ACP,60,20230413,130000,77.15,77.3,77.05,77.3,2980,0
ACP,60,20230413,140000,77.35,77.95,77.35,77.75,3398,0
ACP,60,20230413,150000,77.75,78.25,77.7,77.8,7343,0
ACP,60,20230413,160000,77.95,78.05,77.75,77.95,9758,0
ACP,60,20230413,170000,78,78.6,77.95,77.95,17332,0
ACP,60,20230414,100000,78.2,79.2,78.1,78.75,5041,0
ACP,60,20230414,110000,78.7,78.95,78.7,78.8,268,0
ACP,60,20230414,120000,78.7,79.3,78.6,79.1,4332,0
ACP,60,20230414,130000,79.15,79.3,78.8,79.25,2269,0
ACP,60,20230414,140000,79.1,79.3,79,79.3,1611,0
ACP,60,20230414,150000,79.15,79.5,79.1,79.1,2099,0
ACP,60,20230414,160000,79.1,79.55,79.05,79.55,2437,0
ACP,60,20230414,170000,79.55,79.85,78.9,79.1,13960,0
ACP,60,20230417,100000,79.45,80.3,79.3,80.3,12541,0
ACP,60,20230417,110000,80.3,80.75,80.05,80.6,16994,0
ACP,60,20230417,120000,80.7,81.3,80.7,81.3,18802,0
ACP,60,20230417,130000,81.2,81.4,81.05,81.4,2852,0
ACP,60,20230417,140000,81.25,81.6,81.1,81.35,9653,0
ACP,60,20230417,150000,81.35,81.65,81.3,81.55,7433,0
ACP,60,20230417,160000,81.55,82.2,81.5,81.85,18675,0
ACP,60,20230417,170000,81.9,82.3,81.85,81.95,18276,0
ACP,60,20230418,100000,82,82,80.9,81.3,8908,0
ACP,60,20230418,110000,81.35,83,81.35,82.85,12574,0
ACP,60,20230418,120000,82.8,83.4,82.75,83.15,10942,0
ACP,60,20230418,130000,83.1,83.3,82.5,82.55,17201,0
ACP,60,20230418,140000,82.7,82.8,82.15,82.8,15792,0
ACP,60,20230418,150000,82.8,83.55,82.8,83.55,53065,0
ACP,60,20230418,160000,83.35,83.95,83.35,83.9,16784,0
ACP,60,20230418,170000,83.8,84,83.45,83.45,27072,0
ACP,60,20230419,100000,83.95,83.95,82.55,83.25,10727,0
ACP,60,20230419,110000,83.05,83.25,81.8,82.75,10326,0
ACP,60,20230419,120000,82.55,83.5,82.2,83.3,7537,0
ACP,60,20230419,130000,83.15,83.35,83,83.25,2458,0
ACP,60,20230419,140000,83.35,84.1,83.25,83.7,14818,0
ACP,60,20230419,150000,83.8,84.25,83.45,83.45,108549,0
ACP,60,20230419,160000,83.35,84,83.3,83.6,16417,0
ACP,60,20230419,170000,83.65,84.1,83.5,83.5,23992,0
ACP,60,20230420,100000,84.2,85,83.7,84.75,35443,0
ACP,60,20230420,110000,84.9,84.9,84.3,84.4,8111,0
ACP,60,20230420,120000,84.4,84.55,84.15,84.15,4181,0
ACP,60,20230420,130000,84.15,84.65,84,84.6,10704,0
ACP,60,20230420,140000,84.6,84.65,84.35,84.55,3863,0
ACP,60,20230420,150000,84.55,85.3,84.55,85.1,17141,0
ACP,60,20230420,160000,85.1,85.1,84.25,84.5,26769,0
ACP,60,20230420,170000,84.45,84.8,84.3,84.4,16398,0
ACP,60,20230421,100000,84.05,84.3,83.1,84.3,14433,0
ACP,60,20230421,110000,84.3,84.65,83.9,84.05,12230,0
ACP,60,20230421,120000,84.1,84.35,83.9,83.95,8390,0
ACP,60,20230421,130000,84,84.4,84,84.2,6979,0
ACP,60,20230421,140000,84.2,84.7,84.2,84.25,8888,0
ACP,60,20230421,150000,84.15,84.25,83.4,83.55,13792,0
ACP,60,20230421,160000,83.55,83.55,82.9,83.3,21751,0
ACP,60,20230421,170000,83.3,83.75,83.05,83.05,22308,0
ACP,60,20230424,100000,83.05,83.15,82.65,82.85,4617,0
ACP,60,20230424,110000,82.85,83.05,82.25,82.3,4253,0
ACP,60,20230424,120000,82.3,82.75,82.25,82.7,2456,0
ACP,60,20230424,130000,82.7,82.8,82.45,82.75,2548,0
ACP,60,20230424,140000,82.75,83.1,82.75,82.95,5203,0
ACP,60,20230424,150000,83,83.1,82.9,83.05,3024,0
ACP,60,20230424,160000,83.1,83.8,82.95,83.8,4438,0
ACP,60,20230424,170000,83.65,83.9,83.15,83.3,9054,0
ACP,60,20230425,100000,83.3,83.5,82.9,82.9,1591,0
ACP,60,20230425,110000,83,83.1,82.7,82.75,878,0
ACP,60,20230425,120000,82.95,83.4,82.75,83.4,3306,0
ACP,60,20230425,130000,83.5,83.7,83.4,83.4,2036,0
ACP,60,20230425,140000,83.6,84,83.6,83.9,5346,0
ACP,60,20230425,150000,83.65,84.05,83.65,83.85,1555,0
ACP,60,20230425,160000,84,84.05,82.8,82.8,7570,0
ACP,60,20230425,170000,82.8,83.05,82.65,82.65,10152,0
ACP,60,20230426,100000,83.6,83.6,82.5,83.15,3586,0
ACP,60,20230426,110000,83.3,84.1,83.05,84,4605,0
ACP,60,20230426,120000,84.05,84.3,83.8,83.9,8384,0
ACP,60,20230426,130000,84.05,84.2,83.7,83.9,12391,0
ACP,60,20230426,140000,83.95,84.15,83.7,83.7,9978,0
ACP,60,20230426,150000,83.65,84,83.25,83.5,8772,0
ACP,60,20230426,160000,83.4,83.6,82.9,83.6,10896,0
ACP,60,20230426,170000,83.5,83.75,83.3,83.35,17854,0
ACP,60,20230427,100000,83.35,84.3,83.3,84.1,13653,0
ACP,60,20230427,110000,84,84.15,83.8,83.85,6896,0
ACP,60,20230427,120000,84,84.05,83.85,83.9,1612,0
ACP,60,20230427,130000,84,84.05,83.85,83.85,10273,0
ACP,60,20230427,140000,84,84,83.85,84,3454,0
ACP,60,20230427,150000,84,84.55,83.8,84.4,17306,0
ACP,60,20230427,160000,84.35,85.15,84.35,85,8785,0
ACP,60,20230427,170000,85.15,85.45,85,85.1,22287,0
ACP,60,20230428,100000,85.2,85.35,84.75,85.2,1227,0
ACP,60,20230428,110000,85.1,85.65,84.9,85.55,6047,0
ACP,60,20230428,120000,85.7,85.95,85.4,85.65,6604,0
ACP,60,20230428,130000,85.8,85.9,85.3,85.65,4565,0
ACP,60,20230428,140000,85.65,85.75,85.25,85.45,8663,0
ACP,60,20230428,150000,85.45,85.45,84.95,84.95,2929,0
ACP,60,20230428,160000,85.1,85.15,84.45,84.6,9589,0
ACP,60,20230428,170000,84.6,84.8,84.2,84.4,12369,0
ACP,60,20230502,100000,84.35,85.7,84.35,85.2,33079,0
ACP,60,20230502,110000,85.25,85.25,84.65,84.95,15194,0
ACP,60,20230502,120000,84.85,85.8,84.75,85.75,16429,0
ACP,60,20230502,130000,85.7,86.3,85.65,86.15,3401,0
ACP,60,20230502,140000,86.3,86.8,86.3,86.8,3882,0
ACP,60,20230502,150000,86.8,87.3,86.75,87.1,11611,0
ACP,60,20230502,160000,87,87.2,86.95,87.15,9672,0
ACP,60,20230502,170000,86.95,87.1,85.8,86.35,38538,0
ACP,60,20230504,100000,86.35,87.3,86,87.2,12132,0
ACP,60,20230504,110000,87.2,87.8,87,87.25,29797,0
ACP,60,20230504,120000,87.3,87.45,87.2,87.3,16842,0
ACP,60,20230504,130000,87.25,87.7,87.25,87.6,15580,0
ACP,60,20230504,140000,87.65,87.7,87.2,87.7,12923,0
ACP,60,20230504,150000,87.65,88.2,87.6,87.7,16551,0
ACP,60,20230504,160000,87.6,87.95,87.2,87.7,45954,0
ACP,60,20230504,170000,87.8,87.8,87.2,87.3,19327,0
ACP,60,20230505,100000,87.35,87.4,86.25,86.6,9804,0
ACP,60,20230505,110000,86.55,86.6,86.15,86.6,3665,0
ACP,60,20230505,120000,86.6,87,86.3,87,4715,0
ACP,60,20230505,130000,86.9,87.2,86.6,87.05,30311,0
ACP,60,20230505,140000,87.2,87.2,86.8,86.85,31063,0
ACP,60,20230505,150000,86.8,86.95,86.7,86.75,3559,0
ACP,60,20230505,160000,86.65,86.65,86.1,86.15,8442,0
ACP,60,20230505,170000,86.15,86.5,85.95,85.95,12192,0
ACP,60,20230508,100000,86,86.6,85.55,86.45,54444,0
ACP,60,20230508,110000,86.4,86.55,86.25,86.25,5626,0
ACP,60,20230508,120000,86.3,86.95,86.15,86.8,9341,0
ACP,60,20230508,130000,86.85,86.95,86.75,86.75,55770,0
ACP,60,20230508,140000,86.75,87.45,86.7,87.4,23047,0
ACP,60,20230508,150000,87.4,87.5,86.95,87.1,5885,0
ACP,60,20230508,160000,87.1,87.1,86.35,86.55,36887,0
ACP,60,20230508,170000,86.65,86.9,86.45,86.8,11666,0
ACP,60,20230509,100000,86.85,87.4,86.75,86.95,5184,0
ACP,60,20230509,110000,87.1,87.25,86.65,87,10669,0
ACP,60,20230509,120000,87.15,87.15,86.9,87.05,4709,0
ACP,60,20230509,130000,87.1,87.15,87,87,3722,0
ACP,60,20230509,140000,87.1,87.1,87,87.1,2742,0
ACP,60,20230509,150000,87,87.25,86.95,87.25,13771,0
ACP,60,20230509,160000,87.25,88,87.25,87.8,16876,0
ACP,60,20230509,170000,87.9,88.2,87.8,87.8,26707,0
ACP,60,20230510,100000,88.35,88.8,87.8,88.55,8781,0
ACP,60,20230510,110000,88.55,89,88.5,88.9,9291,0
ACP,60,20230510,120000,88.95,89.05,88.9,89.05,11133,0
ACP,60,20230510,130000,89.05,89.3,88.95,89.25,4536,0
ACP,60,20230510,140000,89.3,89.7,89.1,89.65,4647,0
ACP,60,20230510,150000,89.55,90.4,89.5,90.35,38271,0
ACP,60,20230510,160000,90.35,90.45,89.85,90.15,20019,0
ACP,60,20230510,170000,90.15,90.15,89.6,89.95,22282,0
ACP,60,20230511,100000,90.35,90.4,89.85,90.2,4244,0
ACP,60,20230511,110000,90.2,90.95,90.1,90.65,8471,0
ACP,60,20230511,120000,90.55,90.95,90,90.75,10667,0
ACP,60,20230511,130000,90.75,90.8,90.2,90.2,7061,0
ACP,60,20230511,140000,90.25,90.4,89.6,89.6,8407,0
ACP,60,20230511,150000,89.5,89.85,88.9,89,9123,0
ACP,60,20230511,160000,88.85,89.2,88.35,88.5,16285,0
ACP,60,20230511,170000,88.4,88.6,88.1,88.15,31560,0
ACP,60,20230512,100000,88.8,88.8,88.15,88.55,3369,0
ACP,60,20230512,110000,88.65,89.25,88.65,89.1,8141,0
ACP,60,20230512,120000,89.3,89.4,88.7,89.1,7843,0
ACP,60,20230512,130000,89,89.25,88.75,89.25,5647,0
ACP,60,20230512,140000,89.2,89.25,88.85,89.2,6783,0
ACP,60,20230512,150000,89.1,89.1,88.85,89.05,5657,0
ACP,60,20230512,160000,88.95,89.4,88.8,88.8,7821,0
ACP,60,20230512,170000,88.8,89,88.45,88.85,15809,0
ACP,60,20230515,100000,88.55,88.8,88.2,88.3,3246,0
ACP,60,20230515,110000,88.4,88.75,88.25,88.45,1580,0
ACP,60,20230515,120000,88.65,88.8,88.5,88.8,2513,0
ACP,60,20230515,130000,88.8,88.8,88,88.15,6296,0
ACP,60,20230515,140000,88.2,88.2,86.9,86.95,15552,0
ACP,60,20230515,150000,87.2,87.5,86.8,87.3,17980,0
ACP,60,20230515,160000,87,87.3,86.35,87.05,16715,0
ACP,60,20230515,170000,86.95,87.3,86.9,87.3,16989,0
ACP,60,20230516,100000,87.95,88.95,87.4,88.95,4733,0
ACP,60,20230516,110000,88.95,88.95,88.35,88.9,1308,0
ACP,60,20230516,120000,88.7,88.9,88.55,88.65,481,0
ACP,60,20230516,130000,88.65,88.65,88.15,88.2,2475,0
ACP,60,20230516,140000,88.4,88.4,87.8,88.05,2356,0
ACP,60,20230516,150000,88.1,88.25,87.7,88.1,6126,0
ACP,60,20230516,160000,88,88.05,87.5,87.9,7592,0
ACP,60,20230516,170000,88,88,87.6,87.75,10294,0
ACP,60,20230517,100000,87.6,87.75,86.9,87.3,1828,0
ACP,60,20230517,110000,87.2,87.6,87.15,87.4,2560,0
ACP,60,20230517,120000,87.3,87.5,87.15,87.5,1434,0
ACP,60,20230517,130000,87.55,87.65,87.25,87.5,2438,0
ACP,60,20230517,140000,87.55,87.7,87.5,87.6,5072,0
ACP,60,20230517,150000,87.6,87.85,87.6,87.8,9787,0
ACP,60,20230517,160000,87.85,89.2,87.85,88.35,27086,0
ACP,60,20230517,170000,88.2,88.45,87.35,87.75,21165,0
ACP,60,20230518,100000,89.5,90.7,89.45,90.7,19142,0
ACP,60,20230518,110000,90.7,90.95,89.6,89.8,13607,0
ACP,60,20230518,120000,89.6,89.95,88.8,88.8,7022,0
ACP,60,20230518,130000,88.9,89.2,88.5,89,11901,0
ACP,60,20230518,140000,89,89.15,88.6,88.9,5414,0
ACP,60,20230518,150000,88.8,88.9,88.2,88.35,7891,0
ACP,60,20230518,160000,88.35,88.55,88,88.15,9245,0
ACP,60,20230518,170000,88,88.3,87.9,87.95,12592,0
ACP,60,20230519,100000,88.05,89.45,87.65,88.05,5211,0
ACP,60,20230519,110000,88.05,89.45,88,89.3,9884,0
ACP,60,20230519,120000,89.3,89.6,88.85,89.1,7765,0
ACP,60,20230519,130000,89,89,88.55,88.7,2869,0
ACP,60,20230519,140000,88.7,88.95,88.7,88.9,1559,0
ACP,60,20230519,150000,88.7,89,88.55,88.95,3717,0
ACP,60,20230519,160000,88.95,89,88.7,89,9902,0
ACP,60,20230519,170000,89,89.95,89,89.35,30698,0
ACP,60,20230522,100000,89.35,89.85,88.95,89.75,8695,0
ACP,60,20230522,110000,89.8,90.7,89.8,90.55,17735,0
ACP,60,20230522,120000,90.55,90.85,89.85,90.85,16572,0
ACP,60,20230522,130000,90.85,91.4,90.55,91.3,8982,0
ACP,60,20230522,140000,91.2,91.35,90.95,91.05,5802,0
ACP,60,20230522,150000,91.1,91.45,90.65,90.9,10212,0
ACP,60,20230522,160000,90.9,91.45,90.75,91,21058,0
ACP,60,20230522,170000,91,91.4,90.75,91,30161,0
ACP,60,20230523,100000,90.05,91.8,90,91.35,8287,0
ACP,60,20230523,110000,91.3,91.8,91.15,91.35,6589,0
ACP,60,20230523,120000,91.3,91.45,91.15,91.25,4633,0
ACP,60,20230523,130000,91.4,91.55,91.15,91.4,4623,0
ACP,60,20230523,140000,91.4,91.7,91.3,91.7,5087,0
ACP,60,20230523,150000,91.55,91.7,91.5,91.55,1907,0
ACP,60,20230523,160000,91.65,91.7,91.15,91.45,6475,0
ACP,60,20230523,170000,91.5,91.85,91.5,91.85,15399,0
ACP,60,20230524,100000,91.5,91.5,90.5,90.75,4070,0
ACP,60,20230524,110000,90.7,90.95,90.05,90.4,2034,0
ACP,60,20230524,120000,90.5,90.5,89.85,90.05,2983,0
ACP,60,20230524,130000,90.1,90.35,89.85,90.15,3179,0
ACP,60,20230524,140000,90,90.25,89.85,89.85,3080,0
ACP,60,20230524,150000,89.9,89.9,89.2,89.2,3112,0
ACP,60,20230524,160000,89.25,89.9,89.15,89.9,8450,0
ACP,60,20230524,170000,90,90.05,89.55,90.05,12320,0
ACP,60,20230525,100000,90.9,90.9,88.55,88.65,4026,0
ACP,60,20230525,110000,88.75,89.2,87.8,88.1,6993,0
ACP,60,20230525,120000,88,88.45,87.9,88.3,3597,0
ACP,60,20230525,130000,88.25,88.4,87.4,87.8,5669,0
ACP,60,20230525,140000,87.8,87.95,87.7,87.9,4937,0
ACP,60,20230525,150000,87.85,87.85,87,87.05,7960,0
ACP,60,20230525,160000,87.05,87.45,86.55,87.45,7654,0
ACP,60,20230525,170000,87.45,87.6,87.05,87.1,17665,0
ACP,60,20230526,100000,86.8,87.15,84.65,84.75,26269,0
ACP,60,20230526,110000,84.85,84.85,84.1,84.15,14898,0
ACP,60,20230526,120000,84.05,84.2,83.65,83.65,14510,0
ACP,60,20230526,130000,83.65,84,83.55,83.9,5703,0
ACP,60,20230526,140000,83.9,84.15,83.65,84,9428,0
ACP,60,20230526,150000,84,84.65,83.95,84.6,17555,0
ACP,60,20230526,160000,84.5,85.55,84.15,85.55,20921,0
ACP,60,20230526,170000,85.55,85.75,84.75,84.9,43536,0
ACP,60,20230529,100000,84.9,85.45,84.4,84.55,6811,0
ACP,60,20230529,110000,84.5,84.8,84.4,84.65,3370,0
ACP,60,20230529,120000,84.5,84.95,84.4,84.95,9488,0
ACP,60,20230529,130000,84.95,85.75,84.9,85.7,5175,0
ACP,60,20230529,140000,85.75,85.8,85.25,85.35,5241,0
ACP,60,20230529,150000,85.35,85.35,84.8,84.9,2496,0
ACP,60,20230529,160000,84.8,84.8,84.5,84.5,4007,0
ACP,60,20230529,170000,84.4,84.4,83.95,84.15,10436,0
ACP,60,20230530,100000,84.15,84.55,83.15,83.3,9522,0
ACP,60,20230530,110000,83.3,83.5,82.75,82.9,8408,0
ACP,60,20230530,120000,82.9,83.1,82.6,82.6,8410,0
ACP,60,20230530,130000,82.75,82.95,82.6,82.8,7281,0
ACP,60,20230530,140000,82.85,82.95,82.5,82.6,8185,0
ACP,60,20230530,150000,82.7,82.8,82.3,82.6,9077,0
ACP,60,20230530,160000,82.6,82.85,81.7,82.85,26907,0
ACP,60,20230530,170000,82.55,82.65,81.75,82.3,21845,0
ACP,60,20230531,100000,82.4,82.85,82.1,82.55,13290,0
ACP,60,20230531,110000,82.45,83.4,82.4,83.15,14588,0
ACP,60,20230531,120000,83.1,83.35,82.9,83.1,7841,0
ACP,60,20230531,130000,83.1,83.35,83,83.05,6790,0
ACP,60,20230531,140000,83.15,83.6,83.1,83.6,8718,0
ACP,60,20230531,150000,83.65,83.65,82.75,82.8,10027,0
ACP,60,20230531,160000,82.8,83.15,82.7,83.15,14479,0
ACP,60,20230531,170000,83.05,83.15,81.7,82.35,121897,0
