<TICKER>,<PER>,<DATE>,<TIME>,<OPEN>,<HIGH>,<LOW>,<CLOSE>,<VOL>,<OPENINT>
ALE,60,20220804,100000,25.645,26.42,25.485,26.3,396754,0
ALE,60,20220804,110000,26.3,27,26.05,27,904328,0
ALE,60,20220804,120000,27,27.47,27,27.36,592731,0
ALE,60,20220804,130000,27.355,27.7,27.21,27.565,809866,0
ALE,60,20220804,140000,27.495,27.99,27.485,27.9,729886,0
ALE,60,20220804,150000,27.9,27.9,27.435,27.635,489475,0
ALE,60,20220804,160000,27.63,27.65,26.9,27.215,1326890,0
ALE,60,20220804,170000,27.19,27.19,26.35,26.71,1174024,0
ALE,60,20220805,100000,26.935,27.15,26.7,26.7,361875,0
ALE,60,20220805,110000,26.7,26.755,26.35,26.39,178880,0
ALE,60,20220805,120000,26.42,26.58,26.35,26.5,130038,0
ALE,60,20220805,130000,26.5,26.565,26.355,26.565,74481,0
ALE,60,20220805,140000,26.505,26.665,26.425,26.57,106129,0
ALE,60,20220805,150000,26.57,26.685,25.8,25.885,335845,0
ALE,60,20220805,160000,25.9,26.045,25.62,25.93,327774,0
ALE,60,20220805,170000,25.94,26.1,25.8,25.865,512300,0
ALE,60,20220808,100000,26.3,26.4,25.6,25.695,96492,0
ALE,60,20220808,110000,25.73,25.785,25.415,25.68,79117,0
ALE,60,20220808,120000,25.68,26.2,25.6,25.91,152945,0
ALE,60,20220808,130000,25.94,26.21,25.8,26.015,143223,0
ALE,60,20220808,140000,26.015,26.03,25.71,25.965,99519,0
ALE,60,20220808,150000,25.965,25.965,25.56,25.8,177185,0
ALE,60,20220808,160000,25.81,25.95,25.57,25.725,148884,0
ALE,60,20220808,170000,25.78,25.785,25.225,25.565,425130,0
ALE,60,20220809,100000,25.5,26.52,25.5,26.315,301704,0
ALE,60,20220809,110000,26.265,26.275,26.06,26.18,70304,0
ALE,60,20220809,120000,26.2,26.585,26.2,26.45,157417,0
ALE,60,20220809,130000,26.45,26.49,26.35,26.36,100153,0
ALE,60,20220809,140000,26.395,26.69,26.35,26.41,342925,0
ALE,60,20220809,150000,26.415,27.12,26.4,27.015,466907,0
ALE,60,20220809,160000,27.015,27.085,26.81,27.01,524139,0
ALE,60,20220809,170000,27.01,27.13,26.955,26.955,801476,0
ALE,60,20220810,100000,26.655,27.07,26.42,26.975,528820,0
ALE,60,20220810,110000,26.975,27.375,26.94,27.22,1011410,0
ALE,60,20220810,120000,27.2,27.24,27.01,27.11,243678,0
ALE,60,20220810,130000,27.11,27.16,26.19,26.3,313205,0
ALE,60,20220810,140000,26.3,26.565,26.14,26.455,490775,0
ALE,60,20220810,150000,26.455,27.6,26.25,27.39,967425,0
ALE,60,20220810,160000,27.35,27.72,27.2,27.39,517658,0
ALE,60,20220810,170000,27.335,27.69,27.335,27.535,591775,0
ALE,60,20220811,100000,27.94,28.08,27.42,27.685,279723,0
ALE,60,20220811,110000,27.66,27.68,27.305,27.575,76170,0
ALE,60,20220811,120000,27.52,27.79,27.44,27.72,71413,0
ALE,60,20220811,130000,27.7,28.275,27.695,28.175,286152,0
ALE,60,20220811,140000,28.11,28.91,28.1,28.85,726437,0
ALE,60,20220811,150000,28.81,29.15,28.695,28.845,439424,0
ALE,60,20220811,160000,28.86,28.86,28.5,28.605,373390,0
ALE,60,20220811,170000,28.61,28.725,28.33,28.5,601279,0
ALE,60,20220812,100000,28.6,28.665,28.11,28.35,208854,0
ALE,60,20220812,110000,28.315,28.43,28.145,28.43,145312,0
ALE,60,20220812,120000,28.44,28.54,28.355,28.475,96686,0
ALE,60,20220812,130000,28.48,28.57,28.05,28.2,248704,0
ALE,60,20220812,140000,28.15,28.2,28.005,28.155,165207,0
ALE,60,20220812,150000,28.155,28.57,28.155,28.495,499981,0
ALE,60,20220812,160000,28.495,28.605,28.345,28.455,212727,0
ALE,60,20220812,170000,28.455,28.49,27.9,28.275,529351,0
ALE,60,20220816,100000,28.5,29.74,28.5,29.445,458108,0
ALE,60,20220816,110000,29.385,29.62,29.16,29.48,481639,0
ALE,60,20220816,120000,29.455,29.61,29.175,29.52,168450,0
ALE,60,20220816,130000,29.58,29.92,29.48,29.565,418869,0
ALE,60,20220816,140000,29.595,29.615,29.27,29.425,245498,0
ALE,60,20220816,150000,29.405,29.8,29.405,29.7,190030,0
ALE,60,20220816,160000,29.69,29.78,29.365,29.58,235201,0
ALE,60,20220816,170000,29.58,29.58,29.045,29.45,808508,0
ALE,60,20220817,100000,29.74,29.74,28.905,28.96,363910,0
ALE,60,20220817,110000,28.995,29.02,28.455,28.72,351755,0
ALE,60,20220817,120000,28.72,28.85,28.4,28.56,587190,0
ALE,60,20220817,130000,28.52,28.565,28.39,28.495,143632,0
ALE,60,20220817,140000,28.5,28.52,28.04,28.185,293529,0
ALE,60,20220817,150000,28.19,28.38,27.72,27.94,395240,0
ALE,60,20220817,160000,27.975,28.2,27.835,28.04,397326,0
ALE,60,20220817,170000,27.99,28.22,27.8,28.175,789696,0
ALE,60,20220818,100000,27.8,28.42,27.6,28.3,175300,0
ALE,60,20220818,110000,28.295,28.715,27.9,28.05,225417,0
ALE,60,20220818,120000,28.045,28.28,27.93,28.12,83211,0
ALE,60,20220818,130000,28.12,28.28,27.94,28.09,76727,0
ALE,60,20220818,140000,28.095,28.105,27.65,27.9,133072,0
ALE,60,20220818,150000,27.915,28,27.56,27.665,132423,0
ALE,60,20220818,160000,27.665,27.895,27.55,27.59,237397,0
ALE,60,20220818,170000,27.545,28.01,27.33,27.825,379202,0
ALE,60,20220819,100000,27.61,27.93,27.4,27.805,131713,0
ALE,60,20220819,110000,27.89,27.98,27.12,27.47,238130,0
ALE,60,20220819,120000,27.38,27.945,27.36,27.8,164160,0
ALE,60,20220819,130000,27.75,28,27.43,27.6,176805,0
ALE,60,20220819,140000,27.63,27.775,27.41,27.425,145387,0
ALE,60,20220819,150000,27.445,27.6,27.235,27.49,189025,0
ALE,60,20220819,160000,27.49,27.6,27.25,27.31,158305,0
ALE,60,20220819,170000,27.285,27.5,27.025,27.2,502602,0
ALE,60,20220822,100000,26.94,27.075,26.5,26.9,321977,0
ALE,60,20220822,110000,26.86,26.89,26.34,26.51,299802,0
ALE,60,20220822,120000,26.51,26.6,26.325,26.545,128909,0
ALE,60,20220822,130000,26.535,26.56,26.36,26.36,110679,0
ALE,60,20220822,140000,26.385,26.535,26.36,26.5,93831,0
ALE,60,20220822,150000,26.5,26.51,26.17,26.32,245252,0
ALE,60,20220822,160000,26.32,26.45,26.2,26.4,214921,0
ALE,60,20220822,170000,26.405,26.49,26.06,26.095,577181,0
ALE,60,20220823,100000,26,26.38,25.8,26.1,189329,0
ALE,60,20220823,110000,26.1,26.255,25.94,26.095,124060,0
ALE,60,20220823,120000,26.07,26.165,25.91,26.04,134148,0
ALE,60,20220823,130000,26.075,26.25,25.91,25.91,185445,0
ALE,60,20220823,140000,25.91,26.05,25.82,26.035,116505,0
ALE,60,20220823,150000,26,26.035,25.56,25.72,197809,0
ALE,60,20220823,160000,25.72,26.045,25.67,26,260439,0
ALE,60,20220823,170000,26.005,26.1,25.7,25.7,846069,0
ALE,60,20220824,100000,25.6,25.995,25.335,25.515,248484,0
ALE,60,20220824,110000,25.57,25.89,25.46,25.835,201800,0
ALE,60,20220824,120000,25.785,26.01,25.51,25.585,389470,0
ALE,60,20220824,130000,25.55,25.675,25.35,25.35,172269,0
ALE,60,20220824,140000,25.34,25.55,25.29,25.44,110446,0
ALE,60,20220824,150000,25.445,25.46,25.15,25.25,285185,0
ALE,60,20220824,160000,25.27,25.285,24.85,24.93,438868,0
ALE,60,20220824,170000,24.965,25.06,24.865,25,630415,0
ALE,60,20220825,100000,25.55,26.46,25.43,26.155,643196,0
ALE,60,20220825,110000,26.16,26.45,26.075,26.255,124448,0
ALE,60,20220825,120000,26.265,26.4,25.76,25.76,127565,0
ALE,60,20220825,130000,25.75,26.105,25.665,26.05,90652,0
ALE,60,20220825,140000,26.05,26.195,25.66,25.795,75098,0
ALE,60,20220825,150000,25.795,25.835,25.45,25.715,122905,0
ALE,60,20220825,160000,25.71,25.875,25.465,25.695,132043,0
ALE,60,20220825,170000,25.695,26.005,25.645,25.8,596989,0
ALE,60,20220826,100000,25.99,26.025,25.33,25.37,334129,0
ALE,60,20220826,110000,25.37,25.37,25,25.115,409417,0
ALE,60,20220826,120000,25.115,25.295,25.07,25.13,82892,0
ALE,60,20220826,130000,25.16,25.265,25.035,25.2,103355,0
ALE,60,20220826,140000,25.18,25.425,25.11,25.425,125259,0
ALE,60,20220826,150000,25.4,25.49,25.15,25.485,183387,0
ALE,60,20220826,160000,25.475,25.81,25.415,25.615,315317,0
ALE,60,20220826,170000,25.615,25.725,25,25.21,599977,0
ALE,60,20220829,100000,24.705,24.705,23.71,24.195,595143,0
ALE,60,20220829,110000,24.195,24.28,23.8,23.95,244510,0
ALE,60,20220829,120000,23.97,24.295,23.94,24.1,141419,0
ALE,60,20220829,130000,24.09,24.335,23.98,24.22,71931,0
ALE,60,20220829,140000,24.22,24.48,24.15,24.48,52839,0
ALE,60,20220829,150000,24.445,24.5,24.315,24.41,126651,0
ALE,60,20220829,160000,24.405,24.775,24.35,24.775,135675,0
ALE,60,20220829,170000,24.755,24.88,24.3,24.345,442730,0
ALE,60,20220830,100000,24.6,25.2,24.6,24.965,161714,0
ALE,60,20220830,110000,24.93,25.2,24.88,24.965,78887,0
ALE,60,20220830,120000,25,25.06,24.9,25,103348,0
ALE,60,20220830,130000,24.995,25.095,24.845,25,76212,0
ALE,60,20220830,140000,25.03,25.09,24.97,24.98,76718,0
ALE,60,20220830,150000,24.96,25.04,24.61,24.665,219636,0
ALE,60,20220830,160000,24.665,24.71,24.22,24.23,166301,0
ALE,60,20220830,170000,24.23,24.4,23.92,24.12,493852,0
ALE,60,20220831,100000,24.51,24.91,24.355,24.72,268040,0
ALE,60,20220831,110000,24.72,24.95,24.25,24.605,270224,0
ALE,60,20220831,120000,24.61,24.815,24.44,24.57,166470,0
ALE,60,20220831,130000,24.565,24.75,24.35,24.5,157979,0
ALE,60,20220831,140000,24.5,24.65,24.405,24.6,73699,0
ALE,60,20220831,150000,24.6,25.01,24.59,24.82,161051,0
ALE,60,20220831,160000,24.825,24.98,24.585,24.765,192820,0
ALE,60,20220831,170000,24.725,25.045,24.6,24.8,1887554,0
ALE,60,20220901,100000,24.5,24.82,24.28,24.32,1065496,0
ALE,60,20220901,110000,24.36,24.56,24.165,24.38,205476,0
ALE,60,20220901,120000,24.38,24.515,24.36,24.425,484733,0
ALE,60,20220901,130000,24.425,24.795,24.4,24.775,115398,0
ALE,60,20220901,140000,24.73,24.77,24.58,24.7,82116,0
ALE,60,20220901,150000,24.665,24.98,24.585,24.585,243645,0
ALE,60,20220901,160000,24.58,24.795,24.355,24.355,232975,0
ALE,60,20220901,170000,24.405,24.65,24.205,24.205,599715,0
ALE,60,20220902,100000,24.8,24.8,24.3,24.35,162632,0
ALE,60,20220902,110000,24.35,25.15,24.26,25.15,355793,0
ALE,60,20220902,120000,25.08,25.185,24.7,24.875,198161,0
ALE,60,20220902,130000,24.885,25,24.72,24.82,65404,0
ALE,60,20220902,140000,24.82,24.89,24.55,24.705,93757,0
ALE,60,20220902,150000,24.705,24.93,24.425,24.895,225734,0
ALE,60,20220902,160000,24.895,25.14,24.74,24.74,150317,0
ALE,60,20220902,170000,24.745,25.105,24.58,25.105,259091,0
ALE,60,20220905,100000,24.8,25.1,24.51,24.725,156666,0
ALE,60,20220905,110000,24.725,24.73,24.43,24.47,130474,0
ALE,60,20220905,120000,24.47,24.7,24.405,24.635,175764,0
ALE,60,20220905,130000,24.635,24.71,24.2,24.295,258461,0
ALE,60,20220905,140000,24.25,24.25,23.92,24.08,358992,0
ALE,60,20220905,150000,24.08,24.31,24.05,24.2,77535,0
ALE,60,20220905,160000,24.22,24.275,23.77,23.915,349929,0
ALE,60,20220905,170000,23.89,23.95,23.74,23.74,267248,0
ALE,60,20220906,100000,24.08,24.725,23.985,24.455,338947,0
ALE,60,20220906,110000,24.5,24.725,24.455,24.5,214213,0
ALE,60,20220906,120000,24.55,25.1,24.47,24.8,267066,0
ALE,60,20220906,130000,24.79,24.85,24.655,24.68,76757,0
ALE,60,20220906,140000,24.655,24.8,24.625,24.73,68378,0
ALE,60,20220906,150000,24.705,24.85,24.5,24.59,441511,0
ALE,60,20220906,160000,24.59,24.735,24.265,24.44,124739,0
ALE,60,20220906,170000,24.39,24.395,24,24.185,505187,0
ALE,60,20220907,100000,24.2,24.525,23.93,24.34,307501,0
ALE,60,20220907,110000,24.34,24.64,24.31,24.5,200022,0
ALE,60,20220907,120000,24.5,24.55,24.345,24.535,142664,0
ALE,60,20220907,130000,24.51,24.51,24.2,24.28,266662,0
ALE,60,20220907,140000,24.28,24.545,24.225,24.465,193818,0
ALE,60,20220907,150000,24.465,24.5,24.28,24.355,250863,0
ALE,60,20220907,160000,24.31,24.57,24.2,24.44,300247,0
ALE,60,20220907,170000,24.44,24.495,24.01,24.36,548210,0
ALE,60,20220908,100000,24.735,24.98,24.54,24.875,251417,0
ALE,60,20220908,110000,24.875,25.47,24.875,25.295,279118,0
ALE,60,20220908,120000,25.3,25.59,25.265,25.35,191665,0
ALE,60,20220908,130000,25.33,25.355,25.195,25.22,316311,0
ALE,60,20220908,140000,25.205,25.33,25.11,25.325,114145,0
ALE,60,20220908,150000,25.335,25.405,24.88,24.91,530883,0
ALE,60,20220908,160000,24.91,25.26,24.795,25.095,487265,0
ALE,60,20220908,170000,25.095,25.55,24.91,25.48,674448,0
ALE,60,20220909,100000,25.8,26.575,25.49,26.4,455883,0
ALE,60,20220909,110000,26.42,26.695,26.055,26.16,697399,0
ALE,60,20220909,120000,26.16,26.25,25.82,26,322419,0
ALE,60,20220909,130000,26,26.05,25.78,25.78,238953,0
ALE,60,20220909,140000,25.78,26.03,25.71,25.975,154294,0
ALE,60,20220909,150000,25.975,26,25.4,25.65,327863,0
ALE,60,20220909,160000,25.665,26.215,25.6,26.03,667052,0
ALE,60,20220909,170000,26.04,26.09,25.9,26,316761,0
ALE,60,20220912,100000,26.405,26.44,25.41,25.795,571090,0
ALE,60,20220912,110000,25.785,26.06,25.555,25.735,220472,0
ALE,60,20220912,120000,25.74,26.045,25.665,25.86,150138,0
ALE,60,20220912,130000,25.87,25.875,25.6,25.685,120628,0
ALE,60,20220912,140000,25.715,26.19,25.635,26.18,132918,0
ALE,60,20220912,150000,26.155,26.365,25.9,26.355,139876,0
ALE,60,20220912,160000,26.355,26.44,26.05,26.095,490501,0
ALE,60,20220912,170000,26.1,26.25,25.9,26.185,351691,0
ALE,60,20220913,100000,26.2,26.545,25.88,26.4,152634,0
ALE,60,20220913,110000,26.42,26.63,26.2,26.29,194978,0
ALE,60,20220913,120000,26.21,26.56,26.17,26.37,108058,0
ALE,60,20220913,130000,26.365,26.85,26.285,26.8,141247,0
ALE,60,20220913,140000,26.81,27,26.585,26.795,149446,0
ALE,60,20220913,150000,26.795,26.85,25.85,25.95,408335,0
ALE,60,20220913,160000,25.95,26.19,25.55,26.02,434205,0
ALE,60,20220913,170000,26.02,26.08,25.8,25.825,367159,0
ALE,60,20220914,100000,25.56,25.9,25.285,25.655,179648,0
ALE,60,20220914,110000,25.655,25.885,25.61,25.775,39080,0
ALE,60,20220914,120000,25.75,25.835,25.35,25.36,91804,0
ALE,60,20220914,130000,25.36,25.655,25.22,25.495,57385,0
ALE,60,20220914,140000,25.495,25.495,25.065,25.065,180900,0
ALE,60,20220914,150000,25.065,25.305,25.015,25.085,112739,0
ALE,60,20220914,160000,25.07,25.28,24.93,25.27,229505,0
ALE,60,20220914,170000,25.21,25.515,25.115,25.45,589149,0
ALE,60,20220915,100000,25.4,25.75,25.12,25.405,108060,0
ALE,60,20220915,110000,25.4,25.65,25.335,25.64,68928,0
ALE,60,20220915,120000,25.565,25.805,25.52,25.66,138491,0
ALE,60,20220915,130000,25.675,25.935,25.605,25.625,92369,0
ALE,60,20220915,140000,25.65,25.825,25.605,25.68,27247,0
ALE,60,20220915,150000,25.62,25.78,25.42,25.615,78055,0
ALE,60,20220915,160000,25.6,25.8,25.325,25.8,119838,0
ALE,60,20220915,170000,25.78,26.155,25.78,25.885,598869,0
ALE,60,20220916,100000,25.5,25.8,25.18,25.385,229858,0
ALE,60,20220916,110000,25.39,25.425,25.18,25.23,51209,0
ALE,60,20220916,120000,25.27,25.385,25.2,25.275,98398,0
ALE,60,20220916,130000,25.275,25.4,25.22,25.3,39680,0
ALE,60,20220916,140000,25.315,25.355,25.145,25.355,53138,0
ALE,60,20220916,150000,25.355,25.395,25.135,25.245,57469,0
ALE,60,20220916,160000,25.245,25.45,24.865,25,558372,0
ALE,60,20220916,170000,25,25.57,24.99,25.3,2070959,0
ALE,60,20220919,100000,25.3,25.56,25,25.51,167862,0
ALE,60,20220919,110000,25.5,25.72,25.45,25.63,195077,0
ALE,60,20220919,120000,25.63,25.69,25.4,25.465,86912,0
ALE,60,20220919,130000,25.45,25.45,25.15,25.175,87218,0
ALE,60,20220919,140000,25.175,25.345,25.16,25.22,86991,0
ALE,60,20220919,150000,25.24,25.65,25.24,25.5,119958,0
ALE,60,20220919,160000,25.5,25.85,25.435,25.725,309877,0
ALE,60,20220919,170000,25.725,25.77,25.505,25.715,273233,0
ALE,60,20220920,100000,25.92,25.92,25.455,25.5,140985,0
ALE,60,20220920,110000,25.5,25.675,25.32,25.44,83294,0
ALE,60,20220920,120000,25.39,25.51,25.23,25.28,77712,0
ALE,60,20220920,130000,25.32,25.38,25.065,25.105,147522,0
ALE,60,20220920,140000,25.105,25.28,25.05,25.085,190537,0
ALE,60,20220920,150000,25.1,25.32,25.05,25.105,111037,0
ALE,60,20220920,160000,25.105,25.17,25.01,25.08,178160,0
ALE,60,20220920,170000,25.075,25.2,25,25.085,397197,0
ALE,60,20220921,100000,24.85,25.39,24.68,25.165,119549,0
ALE,60,20220921,110000,25.165,25.165,24.92,25.14,77963,0
ALE,60,20220921,120000,25.135,25.465,25.11,25.315,128335,0
ALE,60,20220921,130000,25.315,25.8,25.3,25.605,171980,0
ALE,60,20220921,140000,25.595,25.645,25.495,25.6,67057,0
ALE,60,20220921,150000,25.59,25.87,25.535,25.87,207345,0
ALE,60,20220921,160000,25.855,25.985,25.64,25.885,422372,0
ALE,60,20220921,170000,25.915,26.095,25.785,25.89,567537,0
ALE,60,20220922,100000,25.45,25.62,25.225,25.46,310061,0
ALE,60,20220922,110000,25.46,25.72,25.26,25.505,140608,0
ALE,60,20220922,120000,25.5,25.5,25.275,25.425,60902,0
ALE,60,20220922,130000,25.42,25.63,25.33,25.545,96530,0
ALE,60,20220922,140000,25.57,25.65,25.32,25.465,166503,0
ALE,60,20220922,150000,25.48,25.835,25.455,25.78,159151,0
ALE,60,20220922,160000,25.8,25.85,25.29,25.37,241707,0
ALE,60,20220922,170000,25.38,25.745,25.355,25.5,288448,0
ALE,60,20220923,100000,25.5,25.64,24.9,24.99,155211,0
ALE,60,20220923,110000,25.02,25.155,24.85,24.95,90498,0
ALE,60,20220923,120000,24.93,24.93,24.13,24.2,333682,0
ALE,60,20220923,130000,24.17,24.51,24.11,24.32,187628,0
ALE,60,20220923,140000,24.32,24.37,24.005,24.37,680785,0
ALE,60,20220923,150000,24.375,24.47,24.255,24.3,171333,0
ALE,60,20220923,160000,24.295,24.89,24.25,24.4,490797,0
ALE,60,20220923,170000,24.365,24.785,24.355,24.66,496864,0
ALE,60,20220926,100000,24.48,24.535,23.98,24.115,261281,0
ALE,60,20220926,110000,24.11,24.205,24,24.175,206644,0
ALE,60,20220926,120000,24.175,24.445,24.095,24.28,215074,0
ALE,60,20220926,130000,24.28,24.495,24.26,24.365,106387,0
ALE,60,20220926,140000,24.35,24.435,24.12,24.125,217993,0
ALE,60,20220926,150000,24.13,24.395,24.05,24.33,171631,0
ALE,60,20220926,160000,24.295,24.83,24.11,24.83,459308,0
ALE,60,20220926,170000,24.84,25.165,24.52,24.75,549342,0
ALE,60,20220927,100000,25.185,25.555,24.91,25.13,887233,0
ALE,60,20220927,110000,25.13,25.39,25.015,25.3,129541,0
ALE,60,20220927,120000,25.275,25.275,25.055,25.055,91437,0
ALE,60,20220927,130000,25.075,25.275,25.07,25.1,75512,0
ALE,60,20220927,140000,25.13,25.275,25.1,25.21,102552,0
ALE,60,20220927,150000,25.165,25.6,25.14,25.38,298339,0
ALE,60,20220927,160000,25.365,25.6,25.11,25.39,393927,0
ALE,60,20220927,170000,25.395,25.495,24.965,25.305,665711,0
ALE,60,20220928,100000,24.9,25.305,24.6,25,366971,0
ALE,60,20220928,110000,25,25.35,24.915,25.035,188126,0
ALE,60,20220928,120000,25.05,25.05,24.44,24.445,219118,0
ALE,60,20220928,130000,24.45,24.97,24.435,24.895,175801,0
ALE,60,20220928,140000,24.87,24.87,24.395,24.76,418235,0
ALE,60,20220928,150000,24.77,24.83,24.4,24.47,261979,0
ALE,60,20220928,160000,24.47,24.57,24.25,24.505,433789,0
ALE,60,20220928,170000,24.55,24.77,24.44,24.5,734947,0
ALE,60,20220929,100000,23.975,23.975,22.5,22.74,2099737,0
ALE,60,20220929,110000,22.74,22.88,22.51,22.69,774480,0
ALE,60,20220929,120000,22.68,22.88,22.5,22.555,652512,0
ALE,60,20220929,130000,22.54,23.24,22.335,23.005,496849,0
ALE,60,20220929,140000,23.05,23.245,22.93,23.22,341344,0
ALE,60,20220929,150000,23.215,23.27,22.405,22.435,1035487,0
ALE,60,20220929,160000,22.44,22.615,21.9,22.055,1260002,0
ALE,60,20220929,170000,22.07,22.355,21.95,21.985,1349098,0
ALE,60,20220930,100000,22.04,22.305,21.255,21.59,1075110,0
ALE,60,20220930,110000,21.6,21.69,20.75,21.2,884020,0
ALE,60,20220930,120000,21.25,21.41,20.835,21.27,1767632,0
ALE,60,20220930,130000,21.325,21.685,21.25,21.42,637204,0
ALE,60,20220930,140000,21.41,21.61,21.11,21.215,585020,0
ALE,60,20220930,150000,21.215,21.64,21.175,21.59,654846,0
ALE,60,20220930,160000,21.57,21.79,21.35,21.675,703249,0
ALE,60,20220930,170000,21.675,22,21.5,21.545,1549639,0
ALE,60,20221003,100000,21.5,21.5,21,21.065,309961,0
ALE,60,20221003,110000,21.05,21.065,20.68,20.96,434043,0
ALE,60,20221003,120000,20.96,21.06,20.75,20.85,290565,0
ALE,60,20221003,130000,20.88,21.11,20.85,21.015,176095,0
ALE,60,20221003,140000,21.035,21.06,20.795,20.835,151022,0
ALE,60,20221003,150000,20.835,21.12,20.78,20.96,201429,0
ALE,60,20221003,160000,20.965,21.16,20.57,20.715,265414,0
ALE,60,20221003,170000,20.715,21.38,20.715,21.235,428979,0
ALE,60,20221004,100000,22,22.24,21.53,21.71,2432397,0
ALE,60,20221004,110000,21.75,22.015,21.64,21.86,1255337,0
ALE,60,20221004,120000,21.84,21.88,21.64,21.81,2049295,0
ALE,60,20221004,130000,21.82,21.935,21.725,21.78,1544601,0
ALE,60,20221004,140000,21.795,21.805,21.66,21.72,333354,0
ALE,60,20221004,150000,21.72,21.78,21.385,21.505,249765,0
ALE,60,20221004,160000,21.465,21.84,21.46,21.73,1179436,0
ALE,60,20221004,170000,21.73,21.88,21.605,21.88,592728,0
ALE,60,20221005,100000,21.96,22,21.565,21.725,362955,0
ALE,60,20221005,110000,21.765,21.795,21.4,21.62,249802,0
ALE,60,20221005,120000,21.615,21.73,21.575,21.715,83313,0
ALE,60,20221005,130000,21.715,21.785,21.52,21.555,87441,0
ALE,60,20221005,140000,21.555,21.725,21.525,21.625,103364,0
ALE,60,20221005,150000,21.6,21.62,21.3,21.46,167460,0
ALE,60,20221005,160000,21.45,21.45,21.025,21.11,288866,0
ALE,60,20221005,170000,21.11,21.11,20.65,20.83,854093,0
ALE,60,20221006,100000,21.1,21.355,20.9,21.02,543221,0
ALE,60,20221006,110000,21.04,21.1,20.94,21,1227266,0
ALE,60,20221006,120000,21,21.12,20.83,20.83,261529,0
ALE,60,20221006,130000,20.83,20.855,20.7,20.75,479385,0
ALE,60,20221006,140000,20.75,20.82,20.705,20.76,128182,0
ALE,60,20221006,150000,20.76,20.88,20.655,20.745,753835,0
ALE,60,20221006,160000,20.755,20.86,20.525,20.585,768570,0
ALE,60,20221006,170000,20.585,20.68,20.36,20.585,938343,0
ALE,60,20221007,100000,20.255,20.74,20,20.095,661886,0
ALE,60,20221007,110000,20.075,20.415,20.04,20.25,378939,0
ALE,60,20221007,120000,20.295,20.5,20.27,20.345,524329,0
ALE,60,20221007,130000,20.345,20.45,20.22,20.37,160509,0
ALE,60,20221007,140000,20.36,20.39,20.13,20.18,184641,0
ALE,60,20221007,150000,20.18,20.3,19.932,20.005,506441,0
ALE,60,20221007,160000,20.01,20.155,19.9,19.91,763439,0
ALE,60,20221007,170000,19.926,20.09,19.88,20.09,953001,0
ALE,60,20221010,100000,19.92,19.978,19.61,19.656,511670,0
ALE,60,20221010,110000,19.64,19.658,19.31,19.412,807840,0
ALE,60,20221010,120000,19.414,19.72,19.322,19.716,1248502,0
ALE,60,20221010,130000,19.71,19.72,19.526,19.7,230370,0
ALE,60,20221010,140000,19.68,19.748,19.552,19.748,545808,0
ALE,60,20221010,150000,19.75,19.8,19.652,19.74,883874,0
ALE,60,20221010,160000,19.74,19.94,19.656,19.692,1091221,0
ALE,60,20221010,170000,19.71,19.81,19.6,19.6,1230817,0
ALE,60,20221011,100000,19.5,19.502,19.05,19.204,527977,0
ALE,60,20221011,110000,19.206,19.308,19.054,19.198,225288,0
ALE,60,20221011,120000,19.198,19.258,19.08,19.232,191412,0
ALE,60,20221011,130000,19.232,19.62,19.144,19.58,394630,0
ALE,60,20221011,140000,19.58,19.72,19.432,19.6,294321,0
ALE,60,20221011,150000,19.628,19.888,19.57,19.648,471258,0
ALE,60,20221011,160000,19.648,19.648,19.278,19.282,520302,0
ALE,60,20221011,170000,19.286,19.78,19.216,19.5,1220729,0
ALE,60,20221012,100000,19.82,19.89,19.264,19.4,323220,0
ALE,60,20221012,110000,19.4,19.502,19.16,19.248,243514,0
ALE,60,20221012,120000,19.246,19.442,19.212,19.39,151122,0
ALE,60,20221012,130000,19.428,19.792,19.362,19.482,558869,0
ALE,60,20221012,140000,19.498,19.498,19.25,19.314,376967,0
ALE,60,20221012,150000,19.29,19.498,19.066,19.158,1565667,0
ALE,60,20221012,160000,19.156,19.188,18.86,18.962,1108505,0
ALE,60,20221012,170000,18.962,19.102,18.7,18.7,1661810,0
ALE,60,20221013,100000,18.95,19.092,18.746,18.846,1749025,0
ALE,60,20221013,110000,18.846,18.89,18.708,18.832,2432610,0
ALE,60,20221013,120000,18.84,19.032,18.834,18.934,1064394,0
ALE,60,20221013,130000,18.942,19.01,18.876,18.95,426481,0
ALE,60,20221013,140000,18.942,19,18.814,18.9,777577,0
ALE,60,20221013,150000,18.916,18.924,18.014,18.248,1228885,0
ALE,60,20221013,160000,18.2,18.3,17.9,18.288,1384438,0
ALE,60,20221013,170000,18.292,18.56,18.13,18.372,2085781,0
ALE,60,20221014,100000,19.114,19.12,18.452,18.8,2126271,0
ALE,60,20221014,110000,18.8,19,18.72,18.864,561983,0
ALE,60,20221014,120000,18.866,19.09,18.752,19.018,1599164,0
ALE,60,20221014,130000,19.004,19.72,18.952,19.72,1354992,0
ALE,60,20221014,140000,19.726,19.832,19.522,19.624,618316,0
ALE,60,20221014,150000,19.622,19.99,19.51,19.882,788022,0
ALE,60,20221014,160000,19.87,19.9,19.658,19.77,682340,0
ALE,60,20221014,170000,19.77,19.88,19.518,19.866,2903809,0
ALE,60,20221017,100000,19.75,20.17,19.52,19.756,570977,0
ALE,60,20221017,110000,19.71,19.742,19.356,19.61,269265,0
ALE,60,20221017,120000,19.612,19.85,19.572,19.642,119656,0
ALE,60,20221017,130000,19.61,19.696,19.462,19.47,199335,0
ALE,60,20221017,140000,19.5,19.824,19.462,19.824,331582,0
ALE,60,20221017,150000,19.824,19.95,19.74,19.938,395066,0
ALE,60,20221017,160000,19.938,20.32,19.86,20.18,481236,0
ALE,60,20221017,170000,20.2,20.47,20.035,20.35,831937,0
ALE,60,20221018,100000,20.5,20.77,20.38,20.725,468742,0
ALE,60,20221018,110000,20.76,20.76,20.47,20.51,197559,0
ALE,60,20221018,120000,20.485,20.65,20.38,20.52,274633,0
ALE,60,20221018,130000,20.555,20.63,20.42,20.51,173241,0
ALE,60,20221018,140000,20.505,20.57,20.47,20.505,160581,0
ALE,60,20221018,150000,20.52,20.85,20.505,20.81,557780,0
ALE,60,20221018,160000,20.83,20.94,20.455,20.5,404285,0
ALE,60,20221018,170000,20.54,20.93,20.54,20.77,1145444,0
ALE,60,20221019,100000,20.65,20.675,20.2,20.24,242011,0
ALE,60,20221019,110000,20.23,20.25,20.045,20.2,473489,0
ALE,60,20221019,120000,20.2,20.305,20.06,20.255,164962,0
ALE,60,20221019,130000,20.26,20.29,20.135,20.185,286686,0
ALE,60,20221019,140000,20.21,20.265,20.08,20.12,122802,0
ALE,60,20221019,150000,20.12,20.14,19.7,19.864,538416,0
ALE,60,20221019,160000,19.844,19.868,19.402,19.64,537113,0
ALE,60,20221019,170000,19.64,19.99,19.62,19.914,1035039,0
ALE,60,20221020,100000,19.8,19.868,19.3,19.432,526058,0
ALE,60,20221020,110000,19.4,19.526,19.12,19.14,374941,0
ALE,60,20221020,120000,19.132,19.498,19.062,19.48,611393,0
ALE,60,20221020,130000,19.446,19.68,19.298,19.522,291583,0
ALE,60,20221020,140000,19.532,19.832,19.456,19.67,277958,0
ALE,60,20221020,150000,19.7,19.96,19.56,19.73,374396,0
ALE,60,20221020,160000,19.73,19.8,19.528,19.8,310076,0
ALE,60,20221020,170000,19.788,20.37,19.788,20.29,3211008,0
ALE,60,20221021,100000,19.99,20.05,19.672,19.886,352696,0
ALE,60,20221021,110000,19.846,19.896,19.588,19.762,191402,0
ALE,60,20221021,120000,19.762,19.92,19.63,19.748,196266,0
ALE,60,20221021,130000,19.682,19.75,19.606,19.664,97504,0
ALE,60,20221021,140000,19.698,19.94,19.664,19.778,123465,0
ALE,60,20221021,150000,19.768,19.8,19.566,19.782,190390,0
ALE,60,20221021,160000,19.784,20.005,19.72,19.882,349273,0
ALE,60,20221021,170000,19.924,20.09,19.872,19.896,573020,0
ALE,60,20221024,100000,19.896,20.04,19.76,19.902,492634,0
ALE,60,20221024,110000,19.954,20.05,19.76,19.926,222156,0
ALE,60,20221024,120000,19.92,20.13,19.92,20.07,238006,0
ALE,60,20221024,130000,20.04,20.28,19.99,20.22,271113,0
ALE,60,20221024,140000,20.22,20.26,20.025,20.2,185005,0
ALE,60,20221024,150000,20.165,20.295,20.1,20.29,232889,0
ALE,60,20221024,160000,20.295,20.365,19.87,19.934,498567,0
ALE,60,20221024,170000,19.988,20.115,19.82,19.89,717820,0
ALE,60,20221025,100000,19.9,20.775,19.9,20.56,783523,0
ALE,60,20221025,110000,20.56,20.78,20.505,20.52,287083,0
ALE,60,20221025,120000,20.505,20.59,20.32,20.45,226896,0
ALE,60,20221025,130000,20.45,20.725,20.42,20.675,222112,0
ALE,60,20221025,140000,20.675,20.69,20.43,20.62,456861,0
ALE,60,20221025,150000,20.62,20.75,20.305,20.49,632579,0
ALE,60,20221025,160000,20.465,21.18,20.455,21.105,1589379,0
ALE,60,20221025,170000,21.145,21.22,20.965,21.035,1531407,0
ALE,60,20221026,100000,21.075,21.5,21,21.45,1297429,0
ALE,60,20221026,110000,21.45,21.845,21.345,21.725,750686,0
ALE,60,20221026,120000,21.775,21.82,21.425,21.525,517775,0
ALE,60,20221026,130000,21.5,21.6,21.33,21.445,407776,0
ALE,60,20221026,140000,21.44,21.63,21.4,21.465,346813,0
ALE,60,20221026,150000,21.49,21.53,21.295,21.47,387930,0
ALE,60,20221026,160000,21.47,21.74,21.355,21.48,761450,0
ALE,60,20221026,170000,21.5,21.95,21.5,21.9,1107620,0
ALE,60,20221027,100000,21.67,21.89,21.375,21.565,539373,0
ALE,60,20221027,110000,21.6,21.785,21.525,21.74,257489,0
ALE,60,20221027,120000,21.74,21.76,21.545,21.665,246723,0
ALE,60,20221027,130000,21.69,21.69,21.4,21.52,228140,0
ALE,60,20221027,140000,21.555,21.96,21.555,21.83,182116,0
ALE,60,20221027,150000,21.86,22.18,21.81,22.07,489523,0
ALE,60,20221027,160000,22.095,22.22,21.93,22.07,438202,0
ALE,60,20221027,170000,22.055,22.4,22.02,22.315,725529,0
ALE,60,20221028,100000,21.62,21.8,21.505,21.515,569514,0
ALE,60,20221028,110000,21.515,21.87,21.31,21.81,383803,0
ALE,60,20221028,120000,21.795,22.055,21.59,22.055,346836,0
ALE,60,20221028,130000,22.055,22.18,21.93,22.06,194589,0
ALE,60,20221028,140000,22.085,22.21,22,22.045,196859,0
ALE,60,20221028,150000,22.07,22.42,22,22.38,312016,0
ALE,60,20221028,160000,22.4,22.69,22.315,22.42,479073,0
ALE,60,20221028,170000,22.41,22.535,22.215,22.33,1014585,0
ALE,60,20221031,100000,22.5,22.59,22.17,22.315,220657,0
ALE,60,20221031,110000,22.305,23.18,22.3,23.16,540473,0
ALE,60,20221031,120000,23.16,23.18,22.815,22.91,331753,0
ALE,60,20221031,130000,22.91,23.27,22.875,23.09,469327,0
ALE,60,20221031,140000,23.09,23.25,23,23.24,177221,0
ALE,60,20221031,150000,23.245,23.25,22.95,22.96,253627,0
ALE,60,20221031,160000,22.99,23.095,22.765,23,328329,0
ALE,60,20221031,170000,23,23.2,23,23.2,689884,0
ALE,60,20221102,100000,23.26,23.68,22.52,23.2,995338,0
ALE,60,20221102,110000,23.22,23.295,23.09,23.15,438248,0
ALE,60,20221102,120000,23.145,23.275,22.95,23.03,583727,0
ALE,60,20221102,130000,23.005,23.13,22.9,23.04,268363,0
ALE,60,20221102,140000,23.04,23.33,23,23.26,260998,0
ALE,60,20221102,150000,23.245,23.31,23.01,23.1,247400,0
ALE,60,20221102,160000,23.13,23.18,22.83,22.955,311293,0
ALE,60,20221102,170000,22.95,23.35,22.945,23.3,1106603,0
ALE,60,20221103,100000,22.71,23.3,22.62,23.28,458353,0
ALE,60,20221103,110000,23.32,23.49,23.1,23.175,298895,0
ALE,60,20221103,120000,23.19,23.6,23.19,23.475,442950,0
ALE,60,20221103,130000,23.48,23.495,23.31,23.37,123379,0
ALE,60,20221103,140000,23.365,23.47,23.17,23.17,129106,0
ALE,60,20221103,150000,23.24,23.555,23.185,23.335,153795,0
ALE,60,20221103,160000,23.31,23.59,23.19,23.575,205536,0
ALE,60,20221103,170000,23.58,23.615,23.305,23.48,820087,0
ALE,60,20221104,100000,23.38,24.62,23.38,24.36,835140,0
ALE,60,20221104,110000,24.36,24.76,24.34,24.64,485993,0
ALE,60,20221104,120000,24.615,24.945,24.565,24.85,566875,0
ALE,60,20221104,130000,24.885,24.95,24.77,24.79,215234,0
ALE,60,20221104,140000,24.785,24.88,24.55,24.575,309729,0
ALE,60,20221104,150000,24.55,24.615,24.18,24.3,512520,0
ALE,60,20221104,160000,24.3,24.315,23.975,24.195,465277,0
ALE,60,20221104,170000,24.195,24.2,23.305,23.4,1572738,0
ALE,60,20221107,100000,23.5,23.97,23.445,23.7,534273,0
ALE,60,20221107,110000,23.7,23.96,23.43,23.495,260000,0
ALE,60,20221107,120000,23.505,23.6,23.16,23.435,269538,0
ALE,60,20221107,130000,23.485,23.65,23.45,23.585,186908,0
ALE,60,20221107,140000,23.585,23.92,23.555,23.88,269136,0
ALE,60,20221107,150000,23.855,24.15,23.84,24.04,331906,0
ALE,60,20221107,160000,24.04,24.08,23.81,23.965,189081,0
ALE,60,20221107,170000,24,24.14,23.9,23.92,691584,0
ALE,60,20221108,100000,23.9,24.2,23.59,24.2,178225,0
ALE,60,20221108,110000,24.2,24.55,24.04,24.495,372944,0
ALE,60,20221108,120000,24.46,24.58,24.375,24.435,183209,0
ALE,60,20221108,130000,24.37,24.58,24.37,24.455,123014,0
ALE,60,20221108,140000,24.445,24.445,24.06,24.16,135571,0
ALE,60,20221108,150000,24.2,24.35,24.12,24.29,823178,0
ALE,60,20221108,160000,24.35,24.55,24.33,24.465,137578,0
ALE,60,20221108,170000,24.475,24.85,24.47,24.85,458094,0
ALE,60,20221109,100000,24.77,25.16,24.535,24.91,350477,0
ALE,60,20221109,110000,24.95,25.1,24.605,24.92,276779,0
ALE,60,20221109,120000,24.95,25.065,24.67,25,168406,0
ALE,60,20221109,130000,25.005,25.11,24.83,24.85,119698,0
ALE,60,20221109,140000,24.85,24.955,24.705,24.81,106578,0
ALE,60,20221109,150000,24.815,24.845,24.33,24.495,151660,0
ALE,60,20221109,160000,24.51,24.675,24.25,24.36,274120,0
ALE,60,20221109,170000,24.32,24.5,24.19,24.275,906644,0
ALE,60,20221110,100000,24,24.235,23.84,24.14,172188,0
ALE,60,20221110,110000,24.14,24.15,23.855,23.87,135113,0
ALE,60,20221110,120000,23.865,24.02,23.705,24.02,212809,0
ALE,60,20221110,130000,24.02,24.4,23.98,24.285,125330,0
ALE,60,20221110,140000,24.285,24.46,24.245,24.32,152230,0
ALE,60,20221110,150000,24.37,25.19,24.08,24.955,608673,0
ALE,60,20221110,160000,24.96,25.7,24.955,25.675,1225663,0
ALE,60,20221110,170000,25.675,26.185,25.66,25.925,1615804,0
ALE,60,20221114,100000,26.39,26.94,26.1,26.2,1489256,0
ALE,60,20221114,110000,26.25,26.415,25.62,25.83,660509,0
ALE,60,20221114,120000,25.835,26.1,25.75,26.05,278349,0
ALE,60,20221114,130000,26.025,26.13,25.945,26.09,308350,0
ALE,60,20221114,140000,26.05,26.37,25.975,26.035,435861,0
ALE,60,20221114,150000,26.03,26.15,25.88,25.94,412915,0
ALE,60,20221114,160000,25.89,26.265,25.85,25.87,716872,0
ALE,60,20221114,170000,25.875,26.08,25.48,25.83,1167992,0
ALE,60,20221115,100000,25.89,26.12,25.4,25.62,436986,0
ALE,60,20221115,110000,25.58,25.93,25.58,25.79,160725,0
ALE,60,20221115,120000,25.78,26.6,25.78,26.48,272183,0
ALE,60,20221115,130000,26.425,26.58,26.15,26.27,277799,0
ALE,60,20221115,140000,26.27,26.415,26.205,26.29,143240,0
ALE,60,20221115,150000,26.33,26.85,26.255,26.685,507849,0
ALE,60,20221115,160000,26.685,26.85,26.605,26.725,409329,0
ALE,60,20221115,170000,26.73,26.79,26.5,26.6,776872,0
ALE,60,20221116,100000,26.3,26.48,25.9,26.225,439238,0
ALE,60,20221116,110000,26.24,26.25,25.6,25.95,514058,0
ALE,60,20221116,120000,25.98,26.155,25.885,26.155,257329,0
ALE,60,20221116,130000,26.155,26.245,26.115,26.22,175926,0
ALE,60,20221116,140000,26.2,26.22,25.85,25.995,212985,0
ALE,60,20221116,150000,25.995,26.05,25.71,25.825,202400,0
ALE,60,20221116,160000,25.84,26.05,25.7,25.725,354466,0
ALE,60,20221116,170000,25.765,25.775,25.4,25.5,1059968,0
ALE,60,20221117,100000,25.9,25.95,25.34,25.465,297399,0
ALE,60,20221117,110000,25.5,25.555,25.13,25.2,292774,0
ALE,60,20221117,120000,25.2,25.47,25.15,25.195,257408,0
ALE,60,20221117,130000,25.17,25.2,25.12,25.155,277804,0
ALE,60,20221117,140000,25.16,25.33,25.12,25.25,307505,0
ALE,60,20221117,150000,25.255,25.255,24.9,25.06,768441,0
ALE,60,20221117,160000,25.06,25.185,24.72,24.9,883657,0
ALE,60,20221117,170000,24.895,24.92,24.61,24.83,991345,0
ALE,60,20221118,100000,24.52,24.8,23.915,24.13,863175,0
ALE,60,20221118,110000,24.19,24.605,24.19,24.35,651591,0
ALE,60,20221118,120000,24.35,24.645,24.16,24.595,589266,0
ALE,60,20221118,130000,24.6,24.76,24.53,24.54,160253,0
ALE,60,20221118,140000,24.545,24.69,24.435,24.54,109491,0
ALE,60,20221118,150000,24.545,24.695,24.535,24.61,77808,0
ALE,60,20221118,160000,24.61,24.745,24.565,24.705,174836,0
ALE,60,20221118,170000,24.74,24.74,24.385,24.405,494506,0
ALE,60,20221121,100000,24.41,24.5,23.955,24.06,384652,0
ALE,60,20221121,110000,24.1,24.18,23.97,24.01,370504,0
ALE,60,20221121,120000,24.01,24.05,23.55,23.62,443736,0
ALE,60,20221121,130000,23.62,23.675,23.11,23.265,981766,0
ALE,60,20221121,140000,23.265,23.55,23.18,23.36,345351,0
ALE,60,20221121,150000,23.36,23.635,23.36,23.605,436956,0
ALE,60,20221121,160000,23.605,23.63,23.36,23.53,442987,0
ALE,60,20221121,170000,23.51,23.62,23.25,23.305,1065000,0
ALE,60,20221122,100000,23.3,23.675,23.01,23.645,191933,0
ALE,60,20221122,110000,23.645,23.84,23.455,23.71,165468,0
ALE,60,20221122,120000,23.7,23.78,23.58,23.76,96700,0
ALE,60,20221122,130000,23.76,23.825,23.63,23.65,92812,0
ALE,60,20221122,140000,23.65,23.74,23.54,23.58,112322,0
ALE,60,20221122,150000,23.6,23.75,23.565,23.6,121682,0
ALE,60,20221122,160000,23.63,23.635,23.35,23.55,237038,0
ALE,60,20221122,170000,23.545,23.82,23.5,23.62,471333,0
ALE,60,20221123,100000,23.77,24.51,23.73,24.05,865848,0
ALE,60,20221123,110000,24.05,24.345,23.87,24.28,107117,0
ALE,60,20221123,120000,24.28,24.29,24,24.12,75338,0
ALE,60,20221123,130000,24.155,24.17,23.675,23.71,302144,0
ALE,60,20221123,140000,23.71,23.785,23.42,23.47,273950,0
ALE,60,20221123,150000,23.515,23.69,23.43,23.53,150691,0
ALE,60,20221123,160000,23.5,23.7,23.43,23.615,349657,0
ALE,60,20221123,170000,23.62,24.1,23.51,23.93,908946,0
ALE,60,20221124,100000,24.365,24.76,24.105,24.705,1395364,0
ALE,60,20221124,110000,24.665,24.86,24.47,24.75,309325,0
ALE,60,20221124,120000,24.745,24.92,24.7,24.92,213017,0
ALE,60,20221124,130000,24.92,25.025,24.84,24.895,225319,0
ALE,60,20221124,140000,24.945,25.17,24.895,25.07,143794,0
ALE,60,20221124,150000,25.07,25.21,24.965,25.21,263385,0
ALE,60,20221124,160000,25.21,25.375,25.15,25.2,308204,0
ALE,60,20221124,170000,25.2,25.55,25.165,25.5,804656,0
ALE,60,20221125,100000,25.36,25.58,25.09,25.37,269487,0
ALE,60,20221125,110000,25.34,25.535,25.18,25.35,113946,0
ALE,60,20221125,120000,25.36,25.69,25.33,25.525,167919,0
ALE,60,20221125,130000,25.535,25.59,25.33,25.33,68942,0
ALE,60,20221125,140000,25.365,25.475,25.28,25.325,96601,0
ALE,60,20221125,150000,25.355,25.49,25.325,25.445,83604,0
ALE,60,20221125,160000,25.46,25.9,25.43,25.595,485692,0
ALE,60,20221125,170000,25.595,25.67,25.28,25.46,542287,0
ALE,60,20221128,100000,25.295,25.295,24.695,25.065,421808,0
ALE,60,20221128,110000,25.055,25.125,24.83,24.885,142431,0
ALE,60,20221128,120000,24.845,25,24.75,24.935,111863,0
ALE,60,20221128,130000,24.9,25,24.82,24.865,86538,0
ALE,60,20221128,140000,24.83,24.845,24.22,24.37,457575,0
ALE,60,20221128,150000,24.37,24.55,24.26,24.335,397990,0
ALE,60,20221128,160000,24.335,24.635,24.08,24.56,389863,0
ALE,60,20221128,170000,24.56,24.635,24.15,24.15,645805,0
ALE,60,20221129,100000,24,24.37,23.66,23.915,790889,0
ALE,60,20221129,110000,23.9,24.1,23.45,23.63,468010,0
ALE,60,20221129,120000,23.675,23.87,23.6,23.65,126099,0
ALE,60,20221129,130000,23.685,23.795,23.6,23.6,124675,0
ALE,60,20221129,140000,23.6,23.6,23.305,23.4,690387,0
ALE,60,20221129,150000,23.4,23.4,23.175,23.225,605251,0
ALE,60,20221129,160000,23.23,23.385,23.11,23.13,1509829,0
ALE,60,20221129,170000,23.13,23.2,22.945,23.1,2110598,0
ALE,60,20221130,100000,23.72,24.095,23,23.035,1806486,0
ALE,60,20221130,110000,23.035,23.38,22.96,23.2,1205778,0
ALE,60,20221130,120000,23.245,23.245,22.65,23.08,950116,0
ALE,60,20221130,130000,23.08,23.08,22.62,22.85,645809,0
ALE,60,20221130,140000,22.84,22.865,22.52,22.55,656824,0
ALE,60,20221130,150000,22.55,22.695,22.27,22.28,617767,0
ALE,60,20221130,160000,22.29,22.78,22.26,22.78,514559,0
ALE,60,20221130,170000,22.78,22.78,22.29,22.345,3119899,0
ALE,60,20221201,100000,23,23.15,22.67,23,2115226,0
ALE,60,20221201,110000,23,23.285,22.955,22.975,574855,0
ALE,60,20221201,120000,22.99,23.015,22.855,22.98,205623,0
ALE,60,20221201,130000,22.99,23.18,22.94,23.05,427544,0
ALE,60,20221201,140000,23.065,23.1,22.94,23.065,608058,0
ALE,60,20221201,150000,23.02,23.075,22.82,23.07,270041,0
ALE,60,20221201,160000,23.06,23.26,22.98,23.15,1859993,0
ALE,60,20221201,170000,23.15,23.15,22.85,23,814658,0
ALE,60,20221202,100000,23.1,23.78,23,23.505,2891463,0
ALE,60,20221202,110000,23.51,23.6,23.4,23.54,491306,0
ALE,60,20221202,120000,23.525,24.17,23.5,23.99,1341697,0
ALE,60,20221202,130000,23.965,24.07,23.8,23.865,431999,0
ALE,60,20221202,140000,23.865,23.98,23.75,23.925,267399,0
ALE,60,20221202,150000,23.925,23.96,23.4,23.605,897192,0
ALE,60,20221202,160000,23.58,23.85,23.48,23.84,256464,0
ALE,60,20221202,170000,23.785,23.9,23.51,23.61,454079,0
ALE,60,20221205,100000,24,24.55,23.94,24.2,544553,0
ALE,60,20221205,110000,24.155,24.275,23.9,24.215,179703,0
ALE,60,20221205,120000,24.215,24.495,24.175,24.48,226409,0
ALE,60,20221205,130000,24.47,24.49,24.325,24.39,132884,0
ALE,60,20221205,140000,24.34,24.46,24.275,24.3,143286,0
ALE,60,20221205,150000,24.3,24.32,23.905,24.08,322073,0
ALE,60,20221205,160000,24.08,24.105,23.81,24.065,235218,0
ALE,60,20221205,170000,24.03,24.07,23.81,23.9,381731,0
ALE,60,20221206,100000,23.8,24.26,23.67,24.205,282189,0
ALE,60,20221206,110000,24.155,24.4,24.155,24.4,153593,0
ALE,60,20221206,120000,24.37,24.415,24.13,24.245,163618,0
ALE,60,20221206,130000,24.275,24.415,24.225,24.345,158317,0
ALE,60,20221206,140000,24.345,24.375,24.25,24.26,115551,0
ALE,60,20221206,150000,24.26,24.3,24.05,24.2,141330,0
ALE,60,20221206,160000,24.21,24.44,24.17,24.44,246560,0
ALE,60,20221206,170000,24.415,24.415,24.06,24.26,382832,0
ALE,60,20221207,100000,24.3,24.34,23.825,24.115,206511,0
ALE,60,20221207,110000,24.12,24.55,24.095,24.49,161916,0
ALE,60,20221207,120000,24.455,24.7,24.455,24.6,301475,0
ALE,60,20221207,130000,24.64,24.76,24.565,24.66,218551,0
ALE,60,20221207,140000,24.64,24.715,24.58,24.62,74922,0
ALE,60,20221207,150000,24.62,24.89,24.6,24.8,181531,0
ALE,60,20221207,160000,24.795,24.91,24.745,24.79,235182,0
ALE,60,20221207,170000,24.77,24.86,24.7,24.825,431759,0
ALE,60,20221208,100000,24.9,24.94,24.5,24.6,256306,0
ALE,60,20221208,110000,24.625,24.685,24.425,24.455,89932,0
ALE,60,20221208,120000,24.455,24.58,24.28,24.35,160658,0
ALE,60,20221208,130000,24.34,24.42,24.27,24.27,60564,0
ALE,60,20221208,140000,24.27,24.27,23.905,24.065,290997,0
ALE,60,20221208,150000,24.02,24.23,23.87,24.135,276844,0
ALE,60,20221208,160000,24.12,24.19,23.86,24.175,209807,0
ALE,60,20221208,170000,24.15,24.495,24.06,24.29,555281,0
ALE,60,20221209,100000,24.5,24.63,24.215,24.44,172195,0
ALE,60,20221209,110000,24.445,24.6,24.24,24.535,101091,0
ALE,60,20221209,120000,24.535,24.59,24.43,24.44,128734,0
ALE,60,20221209,130000,24.475,24.5,24.29,24.3,85367,0
ALE,60,20221209,140000,24.3,24.425,24.29,24.365,90875,0
ALE,60,20221209,150000,24.365,24.415,24.1,24.25,295832,0
ALE,60,20221209,160000,24.25,24.31,24.09,24.24,290959,0
ALE,60,20221209,170000,24.245,24.315,24.13,24.25,417074,0
ALE,60,20221212,100000,24.02,24.085,23.78,23.92,272643,0
ALE,60,20221212,110000,23.92,24.36,23.9,24.34,184173,0
ALE,60,20221212,120000,24.34,24.8,24.31,24.675,234495,0
ALE,60,20221212,130000,24.68,24.76,24.62,24.745,74151,0
ALE,60,20221212,140000,24.735,25.04,24.735,24.96,568814,0
ALE,60,20221212,150000,24.96,25.06,24.905,24.98,520310,0
ALE,60,20221212,160000,24.94,25,24.87,24.94,286623,0
ALE,60,20221212,170000,24.94,25.075,24.91,25.04,1032530,0
ALE,60,20221213,100000,25.02,25.19,24.575,24.595,342074,0
ALE,60,20221213,110000,24.61,24.665,24.475,24.61,233729,0
ALE,60,20221213,120000,24.655,24.93,24.6,24.86,185619,0
ALE,60,20221213,130000,24.835,24.96,24.815,24.945,111521,0
ALE,60,20221213,140000,24.93,25.05,24.89,24.965,182081,0
ALE,60,20221213,150000,25,25.94,24.93,25.78,786585,0
ALE,60,20221213,160000,25.765,26.17,25.75,26.155,567601,0
ALE,60,20221213,170000,26.145,26.2,25.75,25.88,928321,0
ALE,60,20221214,100000,25.84,26.45,25.755,26.195,637821,0
ALE,60,20221214,110000,26.17,26.215,25.975,26.07,219788,0
ALE,60,20221214,120000,26.065,26.16,26,26.12,169024,0
ALE,60,20221214,130000,26.115,26.16,25.9,26.04,250806,0
ALE,60,20221214,140000,26.01,26.05,25.88,26,138477,0
ALE,60,20221214,150000,26,26.175,25.965,26.15,167488,0
ALE,60,20221214,160000,26.15,26.15,25.84,26.04,215286,0
ALE,60,20221214,170000,26.015,26.085,25.93,26.015,771197,0
ALE,60,20221215,100000,25.61,25.78,25.3,25.52,314925,0
ALE,60,20221215,110000,25.535,25.55,25.355,25.46,175717,0
ALE,60,20221215,120000,25.46,25.58,25.32,25.53,155728,0
ALE,60,20221215,130000,25.52,25.58,25.4,25.5,245757,0
ALE,60,20221215,140000,25.5,25.515,25.35,25.355,181156,0
ALE,60,20221215,150000,25.375,25.385,25.015,25.32,339088,0
ALE,60,20221215,160000,25.255,25.45,24.825,24.895,377371,0
ALE,60,20221215,170000,24.895,25.055,24.8,24.84,1048267,0
ALE,60,20221216,100000,24.61,24.68,24.21,24.26,493509,0
ALE,60,20221216,110000,24.255,24.355,24.12,24.355,307134,0
ALE,60,20221216,120000,24.395,24.51,24.2,24.415,290500,0
ALE,60,20221216,130000,24.355,24.515,24.33,24.48,93452,0
ALE,60,20221216,140000,24.46,24.595,24.38,24.43,104298,0
ALE,60,20221216,150000,24.45,24.5,24.3,24.39,114362,0
ALE,60,20221216,160000,24.405,24.77,24.38,24.54,619530,0
ALE,60,20221216,170000,24.59,24.59,24.33,24.44,2581436,0
ALE,60,20221219,100000,24.5,24.73,24.32,24.42,583760,0
ALE,60,20221219,110000,24.43,24.67,24.325,24.425,239361,0
ALE,60,20221219,120000,24.45,24.565,24.33,24.36,126068,0
ALE,60,20221219,130000,24.385,24.445,24.31,24.445,91734,0
ALE,60,20221219,140000,24.385,24.58,24.385,24.575,102086,0
ALE,60,20221219,150000,24.575,24.575,24.41,24.43,77120,0
ALE,60,20221219,160000,24.47,24.495,24.22,24.42,185815,0
ALE,60,20221219,170000,24.415,24.415,24.135,24.175,505730,0
ALE,60,20221220,100000,23.965,24.215,23.835,24.075,305282,0
ALE,60,20221220,110000,24.075,24.3,23.95,24.23,400321,0
ALE,60,20221220,120000,24.23,24.37,24.085,24.285,315273,0
ALE,60,20221220,130000,24.285,24.465,24.23,24.35,185004,0
ALE,60,20221220,140000,24.35,24.4,24.255,24.255,213715,0
ALE,60,20221220,150000,24.255,24.295,24.12,24.165,228842,0
ALE,60,20221220,160000,24.165,24.39,24,24.185,284781,0
ALE,60,20221220,170000,24.185,24.38,24.145,24.38,503351,0
ALE,60,20221221,100000,24.45,24.98,24.38,24.94,1024578,0
ALE,60,20221221,110000,24.945,25.16,24.925,24.96,361209,0
ALE,60,20221221,120000,24.995,25.05,24.86,25.045,194391,0
ALE,60,20221221,130000,25.045,25.295,24.985,25.28,239999,0
ALE,60,20221221,140000,25.28,25.42,25.17,25.38,275423,0
ALE,60,20221221,150000,25.38,25.52,25.365,25.5,537942,0
ALE,60,20221221,160000,25.5,25.805,25.445,25.6,1141496,0
ALE,60,20221221,170000,25.635,25.8,25.62,25.8,1073911,0
ALE,60,20221222,100000,25.8,26.175,25.7,25.925,310098,0
ALE,60,20221222,110000,25.95,26.06,25.81,25.83,246725,0
ALE,60,20221222,120000,25.885,25.92,25.715,25.92,153605,0
ALE,60,20221222,130000,25.92,25.93,25.67,25.745,124913,0
ALE,60,20221222,140000,25.75,25.9,25.665,25.875,183786,0
ALE,60,20221222,150000,25.885,26,25.6,25.69,156930,0
ALE,60,20221222,160000,25.685,25.735,25.46,25.495,134438,0
ALE,60,20221222,170000,25.555,25.7,25.45,25.61,320477,0
ALE,60,20221223,100000,25.6,25.76,25.245,25.25,179581,0
ALE,60,20221223,110000,25.29,25.36,25.13,25.27,84489,0
ALE,60,20221223,120000,25.25,25.275,25.04,25.22,127416,0
ALE,60,20221223,130000,25.22,25.25,25.16,25.16,40448,0
ALE,60,20221223,140000,25.17,25.35,25.16,25.31,67090,0
ALE,60,20221223,150000,25.35,25.52,25.255,25.37,93160,0
ALE,60,20221223,160000,25.375,25.445,25.12,25.2,110933,0
ALE,60,20221223,170000,25.225,25.46,25.225,25.38,141299,0
ALE,60,20221227,100000,25.5,25.5,25.26,25.27,180012,0
ALE,60,20221227,110000,25.27,25.295,25.12,25.28,48928,0
ALE,60,20221227,120000,25.255,25.285,25.2,25.275,25020,0
ALE,60,20221227,130000,25.24,25.35,25,25.13,145354,0
ALE,60,20221227,140000,25.125,25.16,25,25.045,63021,0
ALE,60,20221227,150000,25.05,25.09,24.9,24.965,162651,0
ALE,60,20221227,160000,24.96,25,24.73,24.78,135507,0
ALE,60,20221227,170000,24.8,24.945,24.72,24.83,156725,0
ALE,60,20221228,100000,24.82,24.82,24.31,24.445,466036,0
ALE,60,20221228,110000,24.435,24.64,24.35,24.59,229377,0
ALE,60,20221228,120000,24.59,25.1,24.565,25.035,208283,0
ALE,60,20221228,130000,24.98,25.035,24.85,24.9,55171,0
ALE,60,20221228,140000,24.945,25.085,24.875,25.08,108885,0
ALE,60,20221228,150000,25.08,25.095,24.93,25.055,102976,0
ALE,60,20221228,160000,25.05,25.15,24.85,25,143118,0
ALE,60,20221228,170000,25.01,25.13,24.86,24.89,446492,0
ALE,60,20221229,100000,24.905,25.46,24.905,25.43,179324,0
ALE,60,20221229,110000,25.46,25.465,25.24,25.28,111013,0
ALE,60,20221229,120000,25.275,25.47,25.25,25.355,90184,0
ALE,60,20221229,130000,25.4,25.675,25.35,25.55,188602,0
ALE,60,20221229,140000,25.505,25.725,25.12,25.18,365502,0
ALE,60,20221229,150000,25.18,25.18,24.5,25.08,468930,0
ALE,60,20221229,160000,25.08,25.27,25.005,25.2,229940,0
ALE,60,20221229,170000,25.2,25.585,25.16,25.515,482656,0
ALE,60,20221230,100000,25.29,25.45,25.1,25.325,178126,0
ALE,60,20221230,110000,25.325,25.38,25.235,25.345,88950,0
ALE,60,20221230,120000,25.32,25.36,25.21,25.275,67617,0
ALE,60,20221230,130000,25.275,25.275,25.1,25.11,74617,0
ALE,60,20221230,140000,25.125,25.225,25.04,25.07,165690,0
ALE,60,20221230,150000,25.07,25.135,24.91,25.045,158294,0
ALE,60,20221230,160000,25.055,25.14,24.925,24.93,239544,0
ALE,60,20221230,170000,24.94,25.18,24.915,25.13,379515,0
ALE,60,20230102,100000,25.13,25.465,24.95,25.4,153094,0
ALE,60,20230102,110000,25.38,25.98,25.38,25.81,236433,0
ALE,60,20230102,120000,25.775,25.835,25.51,25.525,54480,0
ALE,60,20230102,130000,25.55,25.745,25.455,25.66,80077,0
ALE,60,20230102,140000,25.61,25.645,25.45,25.45,71394,0
ALE,60,20230102,150000,25.45,25.465,25.26,25.305,65870,0
ALE,60,20230102,160000,25.3,25.375,25.26,25.34,112737,0
ALE,60,20230102,170000,25.315,25.45,25.265,25.44,168046,0
ALE,60,20230103,100000,25.7,26.62,25.56,26.42,930852,0
ALE,60,20230103,110000,26.42,26.65,26.34,26.47,1033138,0
ALE,60,20230103,120000,26.425,26.495,26.105,26.185,231352,0
ALE,60,20230103,130000,26.15,26.45,26.025,26.42,298084,0
ALE,60,20230103,140000,26.45,26.62,26.36,26.44,318375,0
ALE,60,20230103,150000,26.44,26.86,26.44,26.85,617143,0
ALE,60,20230103,160000,26.845,27.195,26.725,26.78,932645,0
ALE,60,20230103,170000,26.78,26.86,26.4,26.665,695686,0
ALE,60,20230104,100000,26.7,27,26.445,26.755,547225,0
ALE,60,20230104,110000,26.79,26.975,26.59,26.65,319790,0
ALE,60,20230104,120000,26.65,26.65,26.43,26.505,268395,0
ALE,60,20230104,130000,26.5,26.63,26.46,26.6,145409,0
ALE,60,20230104,140000,26.615,26.76,26.5,26.59,96678,0
ALE,60,20230104,150000,26.6,26.815,26.52,26.75,178659,0
ALE,60,20230104,160000,26.785,27.09,26.735,27.09,341101,0
ALE,60,20230104,170000,27.09,27.18,26.795,27,929405,0
ALE,60,20230105,100000,27,27.265,26.8,27.1,376717,0
ALE,60,20230105,110000,27.1,27.375,26.975,27.135,452235,0
ALE,60,20230105,120000,27.16,27.35,27.1,27.31,292981,0
ALE,60,20230105,130000,27.31,27.35,27.2,27.3,260029,0
ALE,60,20230105,140000,27.265,27.335,26.865,26.95,284044,0
ALE,60,20230105,150000,26.905,26.99,26.5,26.75,528167,0
ALE,60,20230105,160000,26.705,26.845,26.3,26.42,381076,0
ALE,60,20230105,170000,26.44,26.78,26.425,26.65,834390,0
ALE,60,20230109,100000,27.35,27.88,27.2,27.59,800936,0
ALE,60,20230109,110000,27.56,28.115,27.525,27.785,737843,0
ALE,60,20230109,120000,27.765,28.09,27.765,28.04,685062,0
ALE,60,20230109,130000,28.03,28.4,28.03,28.28,491589,0
ALE,60,20230109,140000,28.255,28.38,28.2,28.26,284247,0
ALE,60,20230109,150000,28.25,28.38,28.105,28.295,261545,0
ALE,60,20230109,160000,28.275,28.565,28.255,28.46,640138,0
ALE,60,20230109,170000,28.46,28.79,28.43,28.66,942740,0
ALE,60,20230110,100000,28.19,28.19,27.8,27.955,711148,0
ALE,60,20230110,110000,27.995,28.065,27.82,28.045,302039,0
ALE,60,20230110,120000,28.045,28.5,27.995,28.395,255325,0
ALE,60,20230110,130000,28.36,28.4,28.13,28.175,164353,0
ALE,60,20230110,140000,28.16,28.42,28.14,28.42,152318,0
ALE,60,20230110,150000,28.42,28.78,28.355,28.55,250370,0
ALE,60,20230110,160000,28.55,29.165,28.4,29.02,649112,0
ALE,60,20230110,170000,29.02,29.29,28.68,28.91,808040,0
ALE,60,20230111,100000,28.85,29.14,28.71,28.775,470422,0
ALE,60,20230111,110000,28.775,28.9,28.515,28.75,302602,0
ALE,60,20230111,120000,28.74,29.1,28.645,28.86,333784,0
ALE,60,20230111,130000,28.87,29.39,28.75,29.195,348644,0
ALE,60,20230111,140000,29.2,29.375,28.89,29.07,517705,0
ALE,60,20230111,150000,29.07,29.275,28.98,29,246479,0
ALE,60,20230111,160000,29.01,29.1,28.805,29.03,195380,0
ALE,60,20230111,170000,29.045,29.195,28.775,29.075,629443,0
ALE,60,20230112,100000,29.09,29.745,28.92,29.72,466737,0
ALE,60,20230112,110000,29.715,30.79,29.715,30.725,2518254,0
ALE,60,20230112,120000,30.72,30.755,30.285,30.635,1971076,0
ALE,60,20230112,130000,30.65,31.18,30.625,31.095,918846,0
ALE,60,20230112,140000,31.105,31.24,30.82,30.89,495046,0
ALE,60,20230112,150000,30.9,31.15,30.4,30.87,954073,0
ALE,60,20230112,160000,30.875,31.1,30.435,30.765,834279,0
ALE,60,20230112,170000,30.77,30.975,30.605,30.975,1401250,0
ALE,60,20230113,100000,31.535,31.62,30.745,31.1,1237432,0
ALE,60,20230113,110000,31.12,31.12,30.59,30.63,298040,0
ALE,60,20230113,120000,30.61,31.285,30.585,31.26,305544,0
ALE,60,20230113,130000,31.265,31.54,31.145,31.45,532507,0
ALE,60,20230113,140000,31.45,31.475,31.22,31.27,251600,0
ALE,60,20230113,150000,31.27,31.395,31.065,31.28,504982,0
ALE,60,20230113,160000,31.27,31.58,31.2,31.42,656318,0
ALE,60,20230113,170000,31.445,31.56,31.16,31.355,485136,0
ALE,60,20230116,100000,31.5,31.56,30.69,31.02,328149,0
ALE,60,20230116,110000,31.005,31.065,30.775,30.775,139885,0
ALE,60,20230116,120000,30.82,31.08,30.7,30.95,140458,0
ALE,60,20230116,130000,30.98,31.45,30.98,31.425,225894,0
ALE,60,20230116,140000,31.405,31.565,31.3,31.565,137973,0
ALE,60,20230116,150000,31.57,31.595,31.36,31.55,128686,0
ALE,60,20230116,160000,31.54,32.1,31.525,31.82,422416,0
ALE,60,20230116,170000,31.81,32,31.6,31.7,365770,0
ALE,60,20230117,100000,31.6,31.8,31.01,31.365,531549,0
ALE,60,20230117,110000,31.365,31.6,31.165,31.345,716435,0
ALE,60,20230117,120000,31.345,31.345,30.905,31.16,441264,0
ALE,60,20230117,130000,31.175,31.46,31.02,31.26,432175,0
ALE,60,20230117,140000,31.26,31.45,31.15,31.23,245871,0
ALE,60,20230117,150000,31.225,31.5,31.1,31.4,205038,0
ALE,60,20230117,160000,31.4,31.49,31.265,31.425,285634,0
ALE,60,20230117,170000,31.425,31.7,31.425,31.5,919900,0
ALE,60,20230118,100000,31.48,32.1,31.225,31.52,569852,0
ALE,60,20230118,110000,31.54,31.995,31.54,31.745,250546,0
ALE,60,20230118,120000,31.74,31.81,31.29,31.55,301227,0
ALE,60,20230118,130000,31.55,31.6,31.35,31.51,269460,0
ALE,60,20230118,140000,31.53,31.935,31.46,31.855,289860,0
ALE,60,20230118,150000,31.865,32.395,31.715,32.255,742895,0
ALE,60,20230118,160000,32.25,32.54,32.15,32.23,727584,0
ALE,60,20230118,170000,32.225,32.42,32.105,32.225,1050964,0
ALE,60,20230119,100000,31,31.45,30.17,30.425,3029594,0
ALE,60,20230119,110000,30.43,30.805,30.305,30.65,699316,0
ALE,60,20230119,120000,30.66,30.775,30.45,30.475,557733,0
ALE,60,20230119,130000,30.475,30.6,29.97,30.175,597120,0
ALE,60,20230119,140000,30.155,30.175,29.53,29.72,1011184,0
ALE,60,20230119,150000,29.73,29.85,29.56,29.8,459085,0
ALE,60,20230119,160000,29.8,29.85,29.36,29.68,981658,0
ALE,60,20230119,170000,29.675,29.73,29.4,29.52,1589726,0
ALE,60,20230120,100000,29.76,29.795,28.91,29.27,594535,0
ALE,60,20230120,110000,29.29,29.315,29.025,29.05,162857,0
ALE,60,20230120,120000,29.035,29.08,28.88,29.05,231200,0
ALE,60,20230120,130000,29.03,29.05,28.815,28.85,148458,0
ALE,60,20230120,140000,28.85,29.135,28.83,29.035,134547,0
ALE,60,20230120,150000,29.07,29.235,28.925,28.925,428888,0
ALE,60,20230120,160000,28.93,28.99,28.72,28.79,470669,0
ALE,60,20230120,170000,28.78,28.95,28.715,28.725,953343,0
ALE,60,20230123,100000,29.2,29.59,29.025,29.47,580849,0
ALE,60,20230123,110000,29.495,29.495,29.17,29.205,164420,0
ALE,60,20230123,120000,29.245,29.485,29.105,29.42,163004,0
ALE,60,20230123,130000,29.39,29.58,29.295,29.53,285800,0
ALE,60,20230123,140000,29.5,29.77,29.475,29.505,165774,0
ALE,60,20230123,150000,29.545,29.685,29.51,29.6,140267,0
ALE,60,20230123,160000,29.6,29.69,29.35,29.6,210049,0
ALE,60,20230123,170000,29.6,30,29.5,29.86,1330330,0
ALE,60,20230124,100000,30.1,30.365,29.785,30.21,451638,0
ALE,60,20230124,110000,30.2,30.2,29.93,30.2,455285,0
ALE,60,20230124,120000,30.16,30.285,29.94,30.02,157211,0
ALE,60,20230124,130000,30.02,30.28,29.93,30.195,170256,0
ALE,60,20230124,140000,30.195,30.25,29.86,29.86,161076,0
ALE,60,20230124,150000,29.855,30.07,29.845,29.9,157680,0
ALE,60,20230124,160000,29.9,30.025,29.75,29.915,338422,0
ALE,60,20230124,170000,29.915,29.96,29.22,29.4,1416291,0
ALE,60,20230125,100000,29.2,29.675,29.085,29.37,268879,0
ALE,60,20230125,110000,29.37,29.4,29.15,29.23,205373,0
ALE,60,20230125,120000,29.205,29.205,28.9,29.12,178384,0
ALE,60,20230125,130000,29.16,29.2,29.005,29.185,83984,0
ALE,60,20230125,140000,29.185,29.195,28.985,29,68188,0
ALE,60,20230125,150000,29,29.005,28.65,28.75,170068,0
ALE,60,20230125,160000,28.75,29,28.7,28.8,145826,0
ALE,60,20230125,170000,28.8,29.235,28.77,29.07,500285,0
ALE,60,20230126,100000,29.49,29.83,29.49,29.69,595261,0
ALE,60,20230126,110000,29.7,29.75,29.6,29.66,135935,0
ALE,60,20230126,120000,29.65,29.98,29.615,29.825,1549573,0
ALE,60,20230126,130000,29.845,30.02,29.75,29.97,438497,0
ALE,60,20230126,140000,29.965,30.19,29.845,30.1,446023,0
ALE,60,20230126,150000,30.1,30.31,30.055,30.18,748743,0
ALE,60,20230126,160000,30.155,30.265,29.83,30,519360,0
ALE,60,20230126,170000,30.02,30.18,29.935,30,991111,0
ALE,60,20230127,100000,30.2,30.28,29.835,30.085,273092,0
ALE,60,20230127,110000,30.075,30.2,29.95,30.01,107633,0
ALE,60,20230127,120000,29.995,29.995,29.72,29.9,91813,0
ALE,60,20230127,130000,29.885,29.95,29.73,29.785,59449,0
ALE,60,20230127,140000,29.79,29.985,29.75,29.775,88143,0
ALE,60,20230127,150000,29.775,30,29.765,29.94,287941,0
ALE,60,20230127,160000,29.915,30.065,29.8,29.995,799071,0
ALE,60,20230127,170000,29.91,30.35,29.91,30.125,586345,0
ALE,60,20230130,100000,29.9,29.995,29.5,29.95,244953,0
ALE,60,20230130,110000,29.975,30.085,29.73,29.82,114499,0
ALE,60,20230130,120000,29.835,29.95,29.7,29.89,82772,0
ALE,60,20230130,130000,29.85,29.895,29.75,29.8,71991,0
ALE,60,20230130,140000,29.8,29.94,29.8,29.845,87722,0
ALE,60,20230130,150000,29.845,29.91,29.755,29.82,129626,0
ALE,60,20230130,160000,29.825,29.92,29.565,29.61,192180,0
ALE,60,20230130,170000,29.65,29.785,29.61,29.69,465935,0
ALE,60,20230131,100000,29.5,29.55,29.25,29.515,144955,0
ALE,60,20230131,110000,29.51,29.75,29.43,29.74,89979,0
ALE,60,20230131,120000,29.74,29.79,29.6,29.6,74196,0
ALE,60,20230131,130000,29.595,29.815,29.56,29.78,88127,0
ALE,60,20230131,140000,29.79,29.835,29.665,29.76,64341,0
ALE,60,20230131,150000,29.725,30.01,29.625,29.91,253302,0
ALE,60,20230131,160000,29.93,30.025,29.725,29.74,504258,0
ALE,60,20230131,170000,29.75,30.2,29.51,29.96,1619637,0
ALE,60,20230201,100000,30,30.125,29.58,29.77,384299,0
ALE,60,20230201,110000,29.79,29.845,29.41,29.495,254511,0
ALE,60,20230201,120000,29.495,29.5,28.955,29.24,307951,0
ALE,60,20230201,130000,29.245,29.41,29.16,29.37,146005,0
ALE,60,20230201,140000,29.38,29.59,29.345,29.51,169146,0
ALE,60,20230201,150000,29.515,29.555,29.37,29.39,150753,0
ALE,60,20230201,160000,29.425,29.645,29.425,29.555,198642,0
ALE,60,20230201,170000,29.555,29.79,29.46,29.555,601149,0
ALE,60,20230202,100000,30.1,30.92,30.03,30.78,1795874,0
ALE,60,20230202,110000,30.785,30.98,30.45,30.8,612602,0
ALE,60,20230202,120000,30.765,30.95,30.7,30.835,191238,0
ALE,60,20230202,130000,30.835,31.26,30.71,31.105,649723,0
ALE,60,20230202,140000,31.095,31.195,30.98,31.08,293346,0
ALE,60,20230202,150000,31.08,31.3,31.05,31.15,636337,0
ALE,60,20230202,160000,31.15,31.28,30.96,31.075,519236,0
ALE,60,20230202,170000,31.08,31.19,30.895,31.07,662763,0
ALE,60,20230203,100000,30.89,31.19,30.5,31.175,794012,0
ALE,60,20230203,110000,31.17,31.49,31.1,31.465,597691,0
ALE,60,20230203,120000,31.435,31.58,31.335,31.525,510943,0
ALE,60,20230203,130000,31.55,31.6,31.455,31.47,222009,0
ALE,60,20230203,140000,31.465,31.59,31.4,31.495,467565,0
ALE,60,20230203,150000,31.49,31.52,30.88,31.25,442962,0
ALE,60,20230203,160000,31.21,31.68,31.185,31.65,1554566,0
ALE,60,20230203,170000,31.635,31.73,31.45,31.505,783861,0
ALE,60,20230206,100000,31.035,31.8,31,31.49,415733,0
ALE,60,20230206,110000,31.495,31.495,31.1,31.255,389675,0
ALE,60,20230206,120000,31.205,31.36,30.89,31.19,777491,0
ALE,60,20230206,130000,31.19,31.415,31.15,31.32,116708,0
ALE,60,20230206,140000,31.31,31.57,31.31,31.52,307076,0
ALE,60,20230206,150000,31.52,31.52,31.33,31.425,119821,0
ALE,60,20230206,160000,31.45,31.51,31.25,31.34,302625,0
ALE,60,20230206,170000,31.34,31.37,31,31.125,804575,0
ALE,60,20230207,100000,31.14,31.2,30.535,30.975,357986,0
ALE,60,20230207,110000,30.965,31.09,30.855,30.905,141012,0
ALE,60,20230207,120000,30.905,30.96,30.65,30.71,142761,0
ALE,60,20230207,130000,30.705,30.82,30.365,30.64,307192,0
ALE,60,20230207,140000,30.65,30.85,30.61,30.75,158022,0
ALE,60,20230207,150000,30.75,30.82,30.675,30.76,192706,0
ALE,60,20230207,160000,30.77,30.83,30.625,30.78,257569,0
ALE,60,20230207,170000,30.775,30.88,30.605,30.88,674487,0
ALE,60,20230208,100000,31,31.385,30.99,31.365,240244,0
ALE,60,20230208,110000,31.385,31.575,31.32,31.475,186970,0
ALE,60,20230208,120000,31.485,31.505,31.405,31.465,136742,0
ALE,60,20230208,130000,31.47,31.515,31.465,31.485,158821,0
ALE,60,20230208,140000,31.495,31.94,31.455,31.92,561203,0
ALE,60,20230208,150000,31.91,32.025,31.78,31.83,329753,0
ALE,60,20230208,160000,31.83,31.9,31.635,31.735,197842,0
ALE,60,20230208,170000,31.7,31.87,31.3,31.39,369448,0
ALE,60,20230209,100000,31.48,31.8,31.1,31.52,236786,0
ALE,60,20230209,110000,31.52,31.57,31.385,31.5,183181,0
ALE,60,20230209,120000,31.5,31.93,31.48,31.765,170033,0
ALE,60,20230209,130000,31.795,31.855,31.64,31.705,65899,0
ALE,60,20230209,140000,31.68,31.715,31.6,31.65,107510,0
ALE,60,20230209,150000,31.625,31.8,31.52,31.525,138717,0
ALE,60,20230209,160000,31.525,31.535,31.285,31.385,162693,0
ALE,60,20230209,170000,31.415,31.555,31.165,31.24,293828,0
ALE,60,20230210,100000,30.9,30.9,30.095,30.18,524482,0
ALE,60,20230210,110000,30.165,30.55,29.86,29.95,611696,0
ALE,60,20230210,120000,29.99,30.015,29.24,29.445,494080,0
ALE,60,20230210,130000,29.45,29.54,29.235,29.45,285691,0
ALE,60,20230210,140000,29.475,29.8,29.455,29.585,396059,0
ALE,60,20230210,150000,29.57,29.88,29.425,29.59,304704,0
ALE,60,20230210,160000,29.565,29.885,29.485,29.78,337588,0
ALE,60,20230210,170000,29.78,29.81,29.56,29.68,542765,0
ALE,60,20230213,100000,29.68,29.8,29.36,29.74,194937,0
ALE,60,20230213,110000,29.745,29.845,29.6,29.72,72583,0
ALE,60,20230213,120000,29.72,29.795,29.425,29.425,69538,0
ALE,60,20230213,130000,29.46,29.75,29.42,29.59,65353,0
ALE,60,20230213,140000,29.59,29.7,29.48,29.57,69243,0
ALE,60,20230213,150000,29.57,29.57,29.365,29.405,97002,0
ALE,60,20230213,160000,29.43,29.745,29.365,29.745,146402,0
ALE,60,20230213,170000,29.72,29.8,29.505,29.725,430193,0
ALE,60,20230214,100000,30,30.215,29.59,29.62,203157,0
ALE,60,20230214,110000,29.6,29.85,29.52,29.585,125461,0
ALE,60,20230214,120000,29.565,29.895,29.52,29.795,174015,0
ALE,60,20230214,130000,29.85,29.985,29.52,29.525,204529,0
ALE,60,20230214,140000,29.525,29.6,29.4,29.55,155235,0
ALE,60,20230214,150000,29.54,29.9,29.41,29.65,185709,0
ALE,60,20230214,160000,29.65,29.89,29.405,29.785,216803,0
ALE,60,20230214,170000,29.78,29.885,29.48,29.565,388877,0
ALE,60,20230215,100000,29.585,29.85,29.445,29.78,52695,0
ALE,60,20230215,110000,29.8,29.945,29.685,29.7,87816,0
ALE,60,20230215,120000,29.695,29.745,29.6,29.65,27410,0
ALE,60,20230215,130000,29.65,29.73,29.485,29.63,58556,0
ALE,60,20230215,140000,29.655,29.7,29.535,29.545,31404,0
ALE,60,20230215,150000,29.535,29.65,29.36,29.36,129966,0
ALE,60,20230215,160000,29.36,29.69,29.36,29.49,124165,0
ALE,60,20230215,170000,29.47,29.695,29.47,29.6,231021,0
ALE,60,20230216,100000,29.95,30.01,29.73,29.835,88663,0
ALE,60,20230216,110000,29.87,29.87,29.565,29.76,62924,0
ALE,60,20230216,120000,29.755,29.8,29.45,29.555,156453,0
ALE,60,20230216,130000,29.595,29.615,29.5,29.55,39701,0
ALE,60,20230216,140000,29.55,29.555,29.165,29.345,243184,0
ALE,60,20230216,150000,29.35,29.445,28.92,29,280800,0
ALE,60,20230216,160000,29,29.185,28.82,29.125,223893,0
ALE,60,20230216,170000,29.17,29.26,29.035,29.15,338920,0
ALE,60,20230217,100000,28.8,28.95,28.5,28.585,573606,0
ALE,60,20230217,110000,28.595,29.085,28.54,29.03,267513,0
ALE,60,20230217,120000,29.025,29.07,28.87,29.035,120333,0
ALE,60,20230217,130000,29.015,29.07,28.8,29.07,125529,0
ALE,60,20230217,140000,29.075,29.35,29.025,29.235,169075,0
ALE,60,20230217,150000,29.245,29.37,29.14,29.34,213864,0
ALE,60,20230217,160000,29.33,29.36,29.01,29.18,206460,0
ALE,60,20230217,170000,29.165,29.25,29.01,29.03,410045,0
ALE,60,20230220,100000,29.22,29.635,29.105,29.155,243003,0
ALE,60,20230220,110000,29.18,29.33,29,29,97838,0
ALE,60,20230220,120000,29.005,29.115,28.82,28.92,147848,0
ALE,60,20230220,130000,28.905,28.955,28.71,28.765,192744,0
ALE,60,20230220,140000,28.755,28.865,28.615,28.825,163950,0
ALE,60,20230220,150000,28.815,28.9,28.68,28.8,186860,0
ALE,60,20230220,160000,28.805,28.935,28.69,28.7,201242,0
ALE,60,20230220,170000,28.675,29.01,28.675,28.825,330237,0
ALE,60,20230221,100000,28.68,28.9,28.32,28.34,186024,0
ALE,60,20230221,110000,28.34,28.345,28.02,28.19,402336,0
ALE,60,20230221,120000,28.2,28.3,28.005,28.06,335918,0
ALE,60,20230221,130000,28.05,28.11,27.92,28.06,609873,0
ALE,60,20230221,140000,28.08,28.11,27.72,27.86,307368,0
ALE,60,20230221,150000,27.845,27.935,27.75,27.86,352110,0
ALE,60,20230221,160000,27.855,27.985,27.72,27.76,469011,0
ALE,60,20230221,170000,27.76,27.885,27.63,27.7,1084929,0
ALE,60,20230222,100000,27.615,27.705,27.15,27.435,980730,0
ALE,60,20230222,110000,27.43,27.59,27.33,27.53,408760,0
ALE,60,20230222,120000,27.53,27.86,27.53,27.81,467756,0
ALE,60,20230222,130000,27.83,27.935,27.655,27.67,277075,0
ALE,60,20230222,140000,27.67,27.875,27.63,27.69,194930,0
ALE,60,20230222,150000,27.68,27.9,27.61,27.81,203470,0
ALE,60,20230222,160000,27.8,28.105,27.8,27.95,334954,0
ALE,60,20230222,170000,27.94,28.03,27.74,27.99,826837,0
ALE,60,20230223,100000,27.99,29.1,27.99,28.91,865304,0
ALE,60,20230223,110000,28.91,29,28.755,28.855,132403,0
ALE,60,20230223,120000,28.865,28.905,28.685,28.855,156213,0
ALE,60,20230223,130000,28.855,28.94,28.74,28.89,138962,0
ALE,60,20230223,140000,28.89,28.995,28.84,28.97,159804,0
ALE,60,20230223,150000,28.99,29.075,28.89,28.99,336502,0
ALE,60,20230223,160000,28.995,29.045,28.87,28.91,207339,0
ALE,60,20230223,170000,28.915,28.92,28.75,28.8,231800,0
ALE,60,20230224,100000,28.99,28.99,28.45,28.795,263434,0
ALE,60,20230224,110000,28.81,28.94,28.69,28.94,143329,0
ALE,60,20230224,120000,28.94,29.06,28.91,29.02,166087,0
ALE,60,20230224,130000,29.05,29.08,28.73,28.78,125872,0
ALE,60,20230224,140000,28.78,28.78,28.52,28.555,144034,0
ALE,60,20230224,150000,28.545,28.665,28.31,28.39,190842,0
ALE,60,20230224,160000,28.38,28.585,28.27,28.485,269037,0
ALE,60,20230224,170000,28.47,28.55,28.285,28.4,573942,0
ALE,60,20230227,100000,28.4,29.1,28.395,29.02,277319,0
ALE,60,20230227,110000,28.995,29.15,28.85,28.99,195210,0
ALE,60,20230227,120000,28.99,29.075,28.875,29.035,138082,0
ALE,60,20230227,130000,29.035,29.09,28.94,29,100718,0
ALE,60,20230227,140000,28.98,29.09,28.96,29.08,100569,0
ALE,60,20230227,150000,29.065,29.15,28.96,29,256131,0
ALE,60,20230227,160000,29,29.02,28.73,28.875,282044,0
ALE,60,20230227,170000,28.875,29.03,28.675,28.8,367396,0
ALE,60,20230228,100000,28.8,29.36,28.43,29.32,272511,0
ALE,60,20230228,110000,29.315,29.455,29.12,29.29,230210,0
ALE,60,20230228,120000,29.29,29.395,29.05,29.105,164899,0
ALE,60,20230228,130000,29.105,29.325,29.035,29.205,140477,0
ALE,60,20230228,140000,29.225,29.3,28.935,29.03,155569,0
ALE,60,20230228,150000,29,29.02,28.77,29.01,139983,0
ALE,60,20230228,160000,28.98,29.24,28.915,29.15,178498,0
ALE,60,20230228,170000,29.19,29.34,29.03,29.055,2411703,0
ALE,60,20230301,100000,29.35,29.355,28.66,28.685,187714,0
ALE,60,20230301,110000,28.695,29.085,28.64,29.05,155595,0
ALE,60,20230301,120000,29.05,29.235,28.94,28.975,108183,0
ALE,60,20230301,130000,28.985,29.07,28.8,28.87,99086,0
ALE,60,20230301,140000,28.855,28.875,28.72,28.82,122657,0
ALE,60,20230301,150000,28.81,28.84,28.62,28.7,292265,0
ALE,60,20230301,160000,28.68,28.78,28.335,28.42,200750,0
ALE,60,20230301,170000,28.44,28.47,28.13,28.295,536109,0
ALE,60,20230302,100000,28.01,28.25,27.78,28.16,188579,0
ALE,60,20230302,110000,28.16,28.315,28.04,28.11,203821,0
ALE,60,20230302,120000,28.1,28.1,27.82,28.015,201395,0
ALE,60,20230302,130000,28.02,28.06,27.915,28,72379,0
ALE,60,20230302,140000,27.995,28.175,27.99,28.07,58667,0
ALE,60,20230302,150000,28.06,28.215,27.82,27.84,393951,0
ALE,60,20230302,160000,27.84,27.92,27.745,27.86,836579,0
ALE,60,20230302,170000,27.86,27.98,27.745,27.825,574528,0
ALE,60,20230303,100000,28.08,28.45,28,28.33,344791,0
ALE,60,20230303,110000,28.325,28.55,28.3,28.505,182631,0
ALE,60,20230303,120000,28.52,28.69,28.405,28.57,218467,0
ALE,60,20230303,130000,28.57,28.575,28.22,28.325,64956,0
ALE,60,20230303,140000,28.315,28.375,28.17,28.225,46345,0
ALE,60,20230303,150000,28.235,28.27,28.1,28.21,50257,0
ALE,60,20230303,160000,28.215,28.51,28.215,28.465,63475,0
ALE,60,20230303,170000,28.475,28.815,28.3,28.74,548531,0
ALE,60,20230306,100000,29,29.18,28.85,28.95,143609,0
ALE,60,20230306,110000,28.935,28.98,28.6,28.84,144394,0
ALE,60,20230306,120000,28.83,28.835,28.625,28.65,91844,0
ALE,60,20230306,130000,28.66,28.74,28.545,28.55,56342,0
ALE,60,20230306,140000,28.58,28.695,28.525,28.68,35421,0
ALE,60,20230306,150000,28.675,28.735,28.585,28.71,104108,0
ALE,60,20230306,160000,28.715,28.715,28.54,28.62,101460,0
ALE,60,20230306,170000,28.62,29.06,28.61,28.855,569466,0
ALE,60,20230307,100000,28.9,29.045,28.65,28.85,161395,0
ALE,60,20230307,110000,28.85,29.14,28.85,29.085,204950,0
ALE,60,20230307,120000,29.06,29.22,29.05,29.17,109494,0
ALE,60,20230307,130000,29.15,29.195,28.9,28.98,111254,0
ALE,60,20230307,140000,28.965,28.965,28.81,28.845,33182,0
ALE,60,20230307,150000,28.855,29.1,28.835,28.915,40685,0
ALE,60,20230307,160000,28.935,28.955,28.77,28.825,130602,0
ALE,60,20230307,170000,28.81,28.81,28.07,28.29,622665,0
ALE,60,20230308,100000,28,28.28,27.825,28.13,168711,0
ALE,60,20230308,110000,28.13,28.13,27.875,27.965,111143,0
ALE,60,20230308,120000,27.955,28.39,27.95,28.335,97160,0
ALE,60,20230308,130000,28.33,28.46,28.28,28.345,104713,0
ALE,60,20230308,140000,28.37,28.42,28.24,28.275,130793,0
ALE,60,20230308,150000,28.29,28.48,28.08,28.14,199146,0
ALE,60,20230308,160000,28.14,28.29,28.105,28.27,81084,0
ALE,60,20230308,170000,28.26,28.39,28.105,28.335,515840,0
ALE,60,20230309,100000,28.475,28.475,27.94,28.08,139499,0
ALE,60,20230309,110000,28.075,28.075,27.98,28,61621,0
ALE,60,20230309,120000,28,28.07,27.92,28.07,73844,0
ALE,60,20230309,130000,28.07,28.1,28.01,28.065,28856,0
ALE,60,20230309,140000,28.04,28.18,28,28.08,37089,0
ALE,60,20230309,150000,28.055,28.28,27.98,28.245,65218,0
ALE,60,20230309,160000,28.26,28.29,28.13,28.185,75215,0
ALE,60,20230309,170000,28.195,28.23,28.045,28.045,312808,0
ALE,60,20230310,100000,27.355,27.54,27.23,27.32,367252,0
ALE,60,20230310,110000,27.33,27.63,27.33,27.625,182532,0
ALE,60,20230310,120000,27.605,27.735,27.4,27.415,242386,0
ALE,60,20230310,130000,27.425,27.58,27.35,27.52,100863,0
ALE,60,20230310,140000,27.52,27.6,27.46,27.56,112784,0
ALE,60,20230310,150000,27.52,27.725,27.43,27.65,168159,0
ALE,60,20230310,160000,27.62,27.695,27.03,27.23,389276,0
ALE,60,20230310,170000,27.23,27.39,27.14,27.39,376225,0
ALE,60,20230313,100000,27.35,27.815,26.91,26.96,447886,0
ALE,60,20230313,110000,26.985,27.03,26.315,26.605,623438,0
ALE,60,20230313,120000,26.61,26.785,26.535,26.69,292169,0
ALE,60,20230313,130000,26.72,27.05,26.72,26.92,302892,0
ALE,60,20230313,140000,26.87,26.925,26.625,26.87,209477,0
ALE,60,20230313,150000,26.86,27.075,26.65,27.035,203074,0
ALE,60,20230313,160000,27.03,27.16,26.91,27.045,195321,0
ALE,60,20230313,170000,27.045,27.295,27.005,27.16,386246,0
ALE,60,20230314,100000,27.3,27.735,27.25,27.365,247565,0
ALE,60,20230314,110000,27.345,27.345,27.01,27.17,188373,0
ALE,60,20230314,120000,27.18,27.23,27.04,27.125,66743,0
ALE,60,20230314,130000,27.145,27.28,27.04,27.065,103931,0
ALE,60,20230314,140000,27.065,27.58,27.065,27.485,336015,0
ALE,60,20230314,150000,27.51,27.58,27.32,27.45,141274,0
ALE,60,20230314,160000,27.455,27.695,27.45,27.55,264252,0
ALE,60,20230314,170000,27.55,27.65,27.49,27.535,242866,0
ALE,60,20230315,100000,27.655,27.76,27.26,27.32,92141,0
ALE,60,20230315,110000,27.32,27.35,27.06,27.06,85520,0
ALE,60,20230315,120000,27.075,27.155,26.785,26.895,424251,0
ALE,60,20230315,130000,26.895,27.105,26.89,26.955,78022,0
ALE,60,20230315,140000,26.925,27.02,26.65,26.65,310527,0
ALE,60,20230315,150000,26.665,27,26.62,26.825,140634,0
ALE,60,20230315,160000,26.805,27,26.6,26.895,535799,0
ALE,60,20230315,170000,26.825,26.955,26.735,26.925,699363,0
ALE,60,20230316,100000,27.18,27.24,26.805,26.805,207942,0
ALE,60,20230316,110000,26.8,26.92,26.62,26.9,132497,0
ALE,60,20230316,120000,26.905,26.91,26.61,26.695,131010,0
ALE,60,20230316,130000,26.66,26.765,26.535,26.665,108246,0
ALE,60,20230316,140000,26.67,27.085,26.555,26.98,234339,0
ALE,60,20230316,150000,26.995,27.015,26.58,26.75,252554,0
ALE,60,20230316,160000,26.75,26.95,26.35,26.94,327823,0
ALE,60,20230316,170000,26.945,27.3,26.87,27.3,627046,0
ALE,60,20230317,100000,27.37,27.7,27.3,27.595,350522,0
ALE,60,20230317,110000,27.56,27.595,27.3,27.325,71183,0
ALE,60,20230317,120000,27.37,27.37,27.125,27.185,154504,0
ALE,60,20230317,130000,27.16,27.275,27.02,27.175,135261,0
ALE,60,20230317,140000,27.13,27.25,27.015,27.06,101869,0
ALE,60,20230317,150000,27.085,27.14,26.9,27.03,209501,0
ALE,60,20230317,160000,27.03,27.23,26.5,26.64,307552,0
ALE,60,20230317,170000,26.57,26.965,26.405,26.81,1557657,0
ALE,60,20230320,100000,26.8,26.8,26.15,26.605,163647,0
ALE,60,20230320,110000,26.605,26.81,26.42,26.745,109314,0
ALE,60,20230320,120000,26.72,26.88,26.5,26.69,129823,0
ALE,60,20230320,130000,26.715,26.815,26.635,26.735,84456,0
ALE,60,20230320,140000,26.735,27.09,26.685,27.025,113760,0
ALE,60,20230320,150000,27.05,27.105,26.83,26.955,107552,0
ALE,60,20230320,160000,26.975,27.06,26.8,27,104802,0
ALE,60,20230320,170000,26.995,27.18,26.9,27.1,240589,0
ALE,60,20230321,100000,27.2,27.28,26.925,26.93,116184,0
ALE,60,20230321,110000,26.94,27.065,26.815,26.875,141782,0
ALE,60,20230321,120000,26.88,26.885,26.56,26.685,175525,0
ALE,60,20230321,130000,26.68,26.86,26.65,26.67,295132,0
ALE,60,20230321,140000,26.67,26.715,26.36,26.365,193949,0
ALE,60,20230321,150000,26.385,26.435,26.11,26.175,357082,0
ALE,60,20230321,160000,26.21,26.22,25.86,25.915,551877,0
ALE,60,20230321,170000,25.905,26.255,25.86,26.12,1758665,0
ALE,60,20230322,100000,26.42,26.5,26.1,26.45,375749,0
ALE,60,20230322,110000,26.45,26.525,26.33,26.39,244695,0
ALE,60,20230322,120000,26.39,26.68,26.3,26.67,208237,0
ALE,60,20230322,130000,26.645,26.72,26.53,26.59,74669,0
ALE,60,20230322,140000,26.59,26.59,26.315,26.405,115702,0
ALE,60,20230322,150000,26.435,26.585,26.25,26.35,311522,0
ALE,60,20230322,160000,26.345,26.475,26.15,26.25,176993,0
ALE,60,20230322,170000,26.26,26.315,26.075,26.265,394649,0
ALE,60,20230323,100000,26.44,26.64,26.1,26.25,150603,0
ALE,60,20230323,110000,26.25,26.25,25.895,25.975,143633,0
ALE,60,20230323,120000,25.955,25.995,25.78,25.895,119350,0
ALE,60,20230323,130000,25.925,25.995,25.72,25.755,90719,0
ALE,60,20230323,140000,25.765,26.005,25.75,25.935,80625,0
ALE,60,20230323,150000,25.935,26.005,25.885,25.96,69488,0
ALE,60,20230323,160000,25.935,26.63,25.92,26.585,280325,0
ALE,60,20230323,170000,26.565,26.655,26.305,26.38,412266,0
ALE,60,20230324,100000,26.08,26.37,25.91,26.19,188673,0
ALE,60,20230324,110000,26.19,26.275,26.025,26.185,118188,0
ALE,60,20230324,120000,26.185,26.5,26.155,26.32,205951,0
ALE,60,20230324,130000,26.34,26.535,26.255,26.35,128434,0
ALE,60,20230324,140000,26.345,26.53,26.21,26.485,175763,0
ALE,60,20230324,150000,26.495,26.58,26.19,26.35,184446,0
ALE,60,20230324,160000,26.36,26.43,26.005,26.14,253769,0
ALE,60,20230324,170000,26.135,26.14,25.91,26.015,415589,0
ALE,60,20230327,100000,26.005,26.34,26.005,26.2,107127,0
ALE,60,20230327,110000,26.225,26.45,26.19,26.425,83470,0
ALE,60,20230327,120000,26.415,26.47,26.33,26.37,42585,0
ALE,60,20230327,130000,26.39,26.45,26.275,26.315,416011,0
ALE,60,20230327,140000,26.305,26.39,26.145,26.175,285736,0
ALE,60,20230327,150000,26.16,26.22,26,26.055,199176,0
ALE,60,20230327,160000,26.045,26.07,25.98,26.03,253670,0
ALE,60,20230327,170000,26.04,26.18,26,26.16,513949,0
ALE,60,20230328,100000,26.375,26.825,26.36,26.6,193877,0
ALE,60,20230328,110000,26.62,26.65,26.39,26.53,133814,0
ALE,60,20230328,120000,26.52,26.705,26.375,26.375,82776,0
ALE,60,20230328,130000,26.375,26.5,26.265,26.32,141821,0
ALE,60,20230328,140000,26.33,26.4,26.145,26.16,124349,0
ALE,60,20230328,150000,26.16,26.2,26,26.02,619409,0
ALE,60,20230328,160000,26.02,26.17,25.975,26.095,563945,0
ALE,60,20230328,170000,26.075,26.185,25.9,25.9,1044406,0
ALE,60,20230329,100000,26.18,26.215,25.605,25.695,1423836,0
ALE,60,20230329,110000,25.695,25.895,25.535,25.895,181290,0
ALE,60,20230329,120000,25.875,26.43,25.86,26.325,196814,0
ALE,60,20230329,130000,26.315,26.35,26.145,26.175,121503,0
ALE,60,20230329,140000,26.175,26.19,26,26.085,139834,0
ALE,60,20230329,150000,26.08,26.13,25.925,25.995,375166,0
ALE,60,20230329,160000,25.985,26.135,25.955,26.05,283701,0
ALE,60,20230329,170000,26.05,26.105,25.965,26.105,548972,0
ALE,60,20230330,100000,26.72,27.995,26.68,27.985,1415263,0
ALE,60,20230330,110000,27.98,28.45,27.935,28.315,1156129,0
ALE,60,20230330,120000,28.315,29.22,28.17,29.2,2688186,0
ALE,60,20230330,130000,29.2,29.51,29.09,29.29,680585,0
ALE,60,20230330,140000,29.29,29.72,29.02,29.7,778559,0
ALE,60,20230330,150000,29.705,29.92,29.565,29.875,876692,0
ALE,60,20230330,160000,29.89,30.21,29.8,30.115,1004446,0
ALE,60,20230330,170000,30.11,30.245,29.625,29.755,1073057,0
ALE,60,20230331,100000,29.73,29.75,28.86,29.1,631068,0
ALE,60,20230331,110000,29.11,29.655,28.98,29.395,410804,0
ALE,60,20230331,120000,29.385,29.545,29.11,29.535,319117,0
ALE,60,20230331,130000,29.555,29.62,29.33,29.38,154772,0
ALE,60,20230331,140000,29.375,29.44,29.095,29.14,257291,0
ALE,60,20230331,150000,29.15,29.305,28.92,29.195,206208,0
ALE,60,20230331,160000,29.18,29.42,29.08,29.375,174310,0
ALE,60,20230331,170000,29.38,29.465,29.135,29.305,759797,0
ALE,60,20230403,100000,29.5,30.285,29.295,30.23,464261,0
ALE,60,20230403,110000,30.21,30.21,29.61,29.795,256923,0
ALE,60,20230403,120000,29.83,30.4,29.83,30.375,275748,0
ALE,60,20230403,130000,30.385,30.725,30.355,30.62,306124,0
ALE,60,20230403,140000,30.61,30.63,30.385,30.55,166032,0
ALE,60,20230403,150000,30.55,30.715,30.43,30.615,232722,0
ALE,60,20230403,160000,30.615,30.86,30.455,30.82,352216,0
ALE,60,20230403,170000,30.845,30.845,30.55,30.595,440004,0
ALE,60,20230404,100000,30.63,30.63,30.095,30.415,168500,0
ALE,60,20230404,110000,30.38,30.48,30.055,30.3,133923,0
ALE,60,20230404,120000,30.265,30.385,30.095,30.365,120086,0
ALE,60,20230404,130000,30.36,31,30.335,30.89,227505,0
ALE,60,20230404,140000,30.875,31.045,30.725,30.75,189150,0
ALE,60,20230404,150000,30.75,30.86,30.525,30.725,107748,0
ALE,60,20230404,160000,30.705,30.8,30.46,30.47,166218,0
ALE,60,20230404,170000,30.49,30.575,30.18,30.37,341314,0
ALE,60,20230405,100000,30.36,30.465,29.795,30.355,312807,0
ALE,60,20230405,110000,30.355,30.5,30.22,30.34,112935,0
ALE,60,20230405,120000,30.335,30.405,30.205,30.38,109680,0
ALE,60,20230405,130000,30.395,30.48,30.15,30.29,159280,0
ALE,60,20230405,140000,30.315,30.56,30.285,30.49,138281,0
ALE,60,20230405,150000,30.47,30.58,30.285,30.47,163145,0
ALE,60,20230405,160000,30.475,30.53,30.275,30.36,214798,0
ALE,60,20230405,170000,30.36,30.45,29.96,30.015,442172,0
ALE,60,20230406,100000,30.06,30.1,29.8,29.99,163169,0
ALE,60,20230406,110000,29.98,30.095,29.9,29.99,44900,0
ALE,60,20230406,120000,29.98,30.03,29.9,29.995,46864,0
ALE,60,20230406,130000,29.99,30.04,29.91,29.99,39710,0
ALE,60,20230406,140000,29.99,30.14,29.97,30,51604,0
ALE,60,20230406,150000,30.01,30.02,29.835,29.945,81726,0
ALE,60,20230406,160000,29.94,30.05,29.84,29.87,177870,0
ALE,60,20230406,170000,29.89,30.085,29.87,30.025,180880,0
ALE,60,20230411,100000,30,30.25,29.62,30.21,291722,0
ALE,60,20230411,110000,30.235,30.77,30.18,30.55,218868,0
ALE,60,20230411,120000,30.565,30.815,30.41,30.76,200432,0
ALE,60,20230411,130000,30.785,30.85,30.6,30.715,116783,0
ALE,60,20230411,140000,30.725,30.77,30.54,30.665,136916,0
ALE,60,20230411,150000,30.65,30.7,30.55,30.555,210817,0
ALE,60,20230411,160000,30.555,30.6,30.455,30.59,211139,0
ALE,60,20230411,170000,30.575,30.6,30.4,30.51,635121,0
ALE,60,20230412,100000,30.4,30.66,30.345,30.535,177039,0
ALE,60,20230412,110000,30.565,30.59,30.38,30.5,66154,0
ALE,60,20230412,120000,30.51,30.83,30.45,30.8,318624,0
ALE,60,20230412,130000,30.78,30.94,30.775,30.82,129427,0
ALE,60,20230412,140000,30.82,30.87,30.72,30.8,60233,0
ALE,60,20230412,150000,30.8,31.37,30.775,31.29,553872,0
ALE,60,20230412,160000,31.3,31.3,30.86,31,190357,0
ALE,60,20230412,170000,31,31.195,30.92,31.02,608238,0
ALE,60,20230413,100000,30.92,31.12,30.8,30.96,117090,0
ALE,60,20230413,110000,30.96,31.12,30.855,31.01,171460,0
ALE,60,20230413,120000,31.01,31.23,30.915,31.2,239926,0
ALE,60,20230413,130000,31.18,31.46,31.18,31.24,255992,0
ALE,60,20230413,140000,31.22,31.36,31.185,31.25,225261,0
ALE,60,20230413,150000,31.23,31.48,30.985,31.48,396395,0
ALE,60,20230413,160000,31.49,31.6,31.32,31.54,953433,0
ALE,60,20230413,170000,31.535,31.96,31.48,31.78,810360,0
ALE,60,20230414,100000,31.98,32.1,31.62,31.65,214527,0
ALE,60,20230414,110000,31.655,31.76,31.4,31.485,74199,0
ALE,60,20230414,120000,31.45,31.64,31.38,31.515,83534,0
ALE,60,20230414,130000,31.515,31.53,31.165,31.29,140206,0
ALE,60,20230414,140000,31.26,31.3,31.01,31.16,124544,0
ALE,60,20230414,150000,31.18,31.3,31.02,31.1,121715,0
ALE,60,20230414,160000,31.105,31.35,31.08,31.24,162988,0
ALE,60,20230414,170000,31.24,31.375,31.015,31.08,400609,0
ALE,60,20230417,100000,31.175,31.66,31.105,31.375,89782,0
ALE,60,20230417,110000,31.375,31.43,30.55,31.245,236181,0
ALE,60,20230417,120000,31.23,31.58,31.2,31.55,79465,0
ALE,60,20230417,130000,31.53,31.72,31.47,31.72,152618,0
ALE,60,20230417,140000,31.7,31.845,31.64,31.66,61784,0
ALE,60,20230417,150000,31.61,31.81,31.59,31.78,74051,0
ALE,60,20230417,160000,31.785,32.065,31.785,31.8,277961,0
ALE,60,20230417,170000,31.82,32,31.745,31.83,383723,0
ALE,60,20230418,100000,31.78,32.2,31.76,32.05,619948,0
ALE,60,20230418,110000,32.035,32.555,31.865,32.445,340243,0
ALE,60,20230418,120000,32.43,32.57,32.305,32.31,95713,0
ALE,60,20230418,130000,32.32,32.45,32.19,32.38,80176,0
ALE,60,20230418,140000,32.405,32.535,32.4,32.435,108657,0
ALE,60,20230418,150000,32.46,32.515,32.27,32.32,86332,0
ALE,60,20230418,160000,32.305,32.44,31.825,31.88,233130,0
ALE,60,20230418,170000,31.88,31.93,31.7,31.93,495686,0
ALE,60,20230419,100000,31.9,31.9,31.455,31.57,123126,0
ALE,60,20230419,110000,31.57,31.895,31.53,31.895,105966,0
ALE,60,20230419,120000,31.885,31.89,31.55,31.72,109765,0
ALE,60,20230419,130000,31.745,32.13,31.71,32.13,147139,0
ALE,60,20230419,140000,32.13,32.21,31.97,32.14,72777,0
ALE,60,20230419,150000,32.14,32.3,32.01,32.12,113662,0
ALE,60,20230419,160000,32.09,32.555,32.09,32.45,228906,0
ALE,60,20230419,170000,32.46,32.53,32.18,32.385,346615,0
ALE,60,20230420,100000,32.185,33.21,32.185,33.16,472189,0
ALE,60,20230420,110000,33.14,33.2,32.61,32.67,322385,0
ALE,60,20230420,120000,32.66,32.76,32.45,32.56,176676,0
ALE,60,20230420,130000,32.54,32.89,32.48,32.89,167783,0
ALE,60,20230420,140000,32.9,33.385,32.74,33.33,415738,0
ALE,60,20230420,150000,33.32,33.36,32.86,32.93,190743,0
ALE,60,20230420,160000,32.93,33.16,32.66,33.135,259862,0
ALE,60,20230420,170000,33.075,33.075,32.7,32.865,597410,0
ALE,60,20230421,100000,32.805,32.805,32.02,32.1,262558,0
ALE,60,20230421,110000,32.1,32.25,31.8,31.87,271996,0
ALE,60,20230421,120000,31.87,32.24,31.87,32.15,245865,0
ALE,60,20230421,130000,32.145,32.255,32,32.08,132052,0
ALE,60,20230421,140000,32.075,32.185,32,32.15,253547,0
ALE,60,20230421,150000,32.185,32.49,32.125,32.4,111990,0
ALE,60,20230421,160000,32.395,32.68,32.39,32.5,250569,0
ALE,60,20230421,170000,32.505,32.855,32.49,32.825,312163,0
ALE,60,20230424,100000,32.82,32.9,32.625,32.78,72244,0
ALE,60,20230424,110000,32.78,33.095,32.76,33.01,134304,0
ALE,60,20230424,120000,33,33.09,32.87,32.995,101258,0
ALE,60,20230424,130000,32.96,33.01,32.75,32.875,77247,0
ALE,60,20230424,140000,32.885,33.065,32.825,33.065,157388,0
ALE,60,20230424,150000,33.04,33.17,33.015,33.09,99971,0
ALE,60,20230424,160000,33.09,33.155,32.96,33.015,146358,0
ALE,60,20230424,170000,33.005,33.14,32.82,33,242660,0
ALE,60,20230425,100000,33,33,32.445,32.485,99907,0
ALE,60,20230425,110000,32.46,32.645,32.35,32.645,99663,0
ALE,60,20230425,120000,32.655,32.87,32.55,32.8,60195,0
ALE,60,20230425,130000,32.825,32.885,32.69,32.745,75613,0
ALE,60,20230425,140000,32.765,32.885,32.71,32.71,36809,0
ALE,60,20230425,150000,32.715,32.86,32.69,32.775,84759,0
ALE,60,20230425,160000,32.795,33,32.585,32.6,98297,0
ALE,60,20230425,170000,32.59,32.685,32.13,32.355,717042,0
ALE,60,20230426,100000,32.1,32.72,32.065,32.53,270164,0
ALE,60,20230426,110000,32.54,33.03,32.395,32.835,262182,0
ALE,60,20230426,120000,32.86,32.97,32.61,32.725,93539,0
ALE,60,20230426,130000,32.725,32.97,32.685,32.835,133268,0
ALE,60,20230426,140000,32.83,32.875,32.62,32.745,113393,0
ALE,60,20230426,150000,32.76,32.825,32.62,32.655,97766,0
ALE,60,20230426,160000,32.66,32.8,32.625,32.8,161489,0
ALE,60,20230426,170000,32.785,32.95,32.52,32.69,376003,0
ALE,60,20230427,100000,32.8,33.15,32.725,32.965,307015,0
ALE,60,20230427,110000,32.95,33.015,32.775,32.9,63849,0
ALE,60,20230427,120000,32.9,33.04,32.76,32.77,515753,0
ALE,60,20230427,130000,32.77,32.795,32.505,32.66,92381,0
ALE,60,20230427,140000,32.66,32.775,32.525,32.775,66595,0
ALE,60,20230427,150000,32.79,32.905,32.74,32.9,118279,0
ALE,60,20230427,160000,32.905,32.96,32.785,32.875,114818,0
ALE,60,20230427,170000,32.895,33.39,32.89,33.37,632698,0
ALE,60,20230428,100000,33.42,33.53,32.89,32.925,308346,0
ALE,60,20230428,110000,32.93,32.935,32.7,32.82,131762,0
ALE,60,20230428,120000,32.82,32.9,32.56,32.79,117776,0
ALE,60,20230428,130000,32.785,33.02,32.785,32.835,86973,0
ALE,60,20230428,140000,32.84,32.965,32.69,32.885,311937,0
ALE,60,20230428,150000,32.855,32.88,32.535,32.62,139314,0
ALE,60,20230428,160000,32.64,32.785,32.4,32.4,171749,0
ALE,60,20230428,170000,32.455,32.86,32.41,32.715,413608,0
ALE,60,20230502,100000,32.455,33.2,32.455,32.985,281894,0
ALE,60,20230502,110000,32.965,33.03,32.625,32.75,116608,0
ALE,60,20230502,120000,32.715,32.97,32.655,32.93,120642,0
ALE,60,20230502,130000,32.925,32.93,32.75,32.75,101633,0
ALE,60,20230502,140000,32.75,32.96,32.75,32.935,96448,0
ALE,60,20230502,150000,32.93,32.99,32.84,32.87,145901,0
ALE,60,20230502,160000,32.87,33.03,32.8,32.895,283822,0
ALE,60,20230502,170000,32.9,32.9,32.495,32.665,455727,0
ALE,60,20230504,100000,32.58,33.1,32.495,32.885,293006,0
ALE,60,20230504,110000,32.875,32.985,32.6,32.6,148531,0
ALE,60,20230504,120000,32.6,32.65,32.25,32.515,222253,0
ALE,60,20230504,130000,32.5,32.71,32.355,32.71,149035,0
ALE,60,20230504,140000,32.68,32.845,32.58,32.845,136242,0
ALE,60,20230504,150000,32.82,32.875,32.53,32.61,156237,0
ALE,60,20230504,160000,32.605,32.87,32.525,32.74,271269,0
ALE,60,20230504,170000,32.65,32.8,32.6,32.785,383510,0
ALE,60,20230505,100000,32.88,33.02,32.655,32.705,167552,0
ALE,60,20230505,110000,32.71,32.92,32.6,32.87,75731,0
ALE,60,20230505,120000,32.87,33.02,32.725,32.98,108156,0
ALE,60,20230505,130000,32.99,33.02,32.915,32.915,63889,0
ALE,60,20230505,140000,32.92,32.935,32.77,32.815,52152,0
ALE,60,20230505,150000,32.815,32.95,32.8,32.82,105748,0
ALE,60,20230505,160000,32.845,32.945,32.79,32.94,97871,0
ALE,60,20230505,170000,32.94,33.08,32.915,33.005,252957,0
ALE,60,20230508,100000,33.01,33.14,32.835,32.96,199890,0
ALE,60,20230508,110000,32.95,32.99,32.855,32.92,43831,0
ALE,60,20230508,120000,32.92,33.1,32.91,33.01,87380,0
ALE,60,20230508,130000,33.01,33.165,32.99,33.14,62031,0
ALE,60,20230508,140000,33.14,33.18,33.115,33.15,85396,0
ALE,60,20230508,150000,33.155,33.165,33.03,33.05,79888,0
ALE,60,20230508,160000,33.06,33.11,32.925,32.995,96259,0
ALE,60,20230508,170000,32.99,33.08,32.975,33,313579,0
ALE,60,20230509,100000,32.8,32.925,32.645,32.78,81374,0
ALE,60,20230509,110000,32.76,33,32.76,32.94,49178,0
ALE,60,20230509,120000,32.95,33.055,32.935,33.01,150426,0
ALE,60,20230509,130000,33.01,33.19,32.98,33.14,246312,0
ALE,60,20230509,140000,33.14,33.53,33.14,33.445,296562,0
ALE,60,20230509,150000,33.455,33.5,33.28,33.37,108503,0
ALE,60,20230509,160000,33.37,33.4,33.14,33.16,238874,0
ALE,60,20230509,170000,33.16,33.33,33.12,33.3,398909,0
ALE,60,20230510,100000,33.5,34.99,33.3,33.78,1980236,0
ALE,60,20230510,110000,33.78,33.78,33.24,33.435,642474,0
ALE,60,20230510,120000,33.43,33.62,33.41,33.49,172712,0
ALE,60,20230510,130000,33.48,33.85,33.48,33.745,153743,0
ALE,60,20230510,140000,33.76,33.81,33.64,33.755,137170,0
ALE,60,20230510,150000,33.73,34.19,33.22,34.185,355224,0
ALE,60,20230510,160000,34.185,34.5,33.965,34.32,1029227,0
ALE,60,20230510,170000,34.31,34.32,33.84,33.97,959215,0
ALE,60,20230511,100000,34.11,34.37,33.935,34.33,286880,0
ALE,60,20230511,110000,34.32,34.87,34.32,34.76,680021,0
ALE,60,20230511,120000,34.76,35.8,34.75,35.675,1227564,0
ALE,60,20230511,130000,35.66,35.8,35.42,35.645,468837,0
ALE,60,20230511,140000,35.66,35.685,35.325,35.5,364517,0
ALE,60,20230511,150000,35.5,35.735,35.385,35.735,278099,0
ALE,60,20230511,160000,35.73,35.74,35.28,35.545,536899,0
ALE,60,20230511,170000,35.54,35.78,35.47,35.78,1156155,0
ALE,60,20230512,100000,35.8,35.8,35.26,35.585,306977,0
ALE,60,20230512,110000,35.605,36.08,35.58,35.93,416164,0
ALE,60,20230512,120000,35.93,35.955,35.65,35.77,195130,0
ALE,60,20230512,130000,35.755,35.96,35.755,35.925,121271,0
ALE,60,20230512,140000,35.94,35.94,35.46,35.69,206301,0
ALE,60,20230512,150000,35.69,35.76,35.54,35.76,372900,0
ALE,60,20230512,160000,35.75,35.92,35.46,35.49,367629,0
ALE,60,20230512,170000,35.49,35.595,35.3,35.375,664871,0
ALE,60,20230515,100000,35.565,36.145,35.42,36.095,569415,0
ALE,60,20230515,110000,36.095,36.315,35.95,36.075,581762,0
ALE,60,20230515,120000,36.08,36.7,36.06,36.675,832145,0
ALE,60,20230515,130000,36.68,36.68,36.47,36.6,747257,0
ALE,60,20230515,140000,36.6,36.66,36.455,36.59,235114,0
ALE,60,20230515,150000,36.59,36.59,35.895,36.09,425504,0
ALE,60,20230515,160000,36.07,36.15,35.83,35.94,517918,0
ALE,60,20230515,170000,35.95,36.02,35.46,35.78,965576,0
ALE,60,20230516,100000,35.95,36.59,35.34,36.4,620297,0
ALE,60,20230516,110000,36.385,36.455,36.09,36.09,160995,0
ALE,60,20230516,120000,36.055,36.18,35.95,36.005,116414,0
ALE,60,20230516,130000,36.005,36.36,36,36.33,185357,0
ALE,60,20230516,140000,36.34,36.68,36.3,36.63,310149,0
ALE,60,20230516,150000,36.63,36.815,36.55,36.765,344155,0
ALE,60,20230516,160000,36.755,36.78,36.415,36.565,457043,0
ALE,60,20230516,170000,36.57,36.66,36.21,36.35,566285,0
ALE,60,20230517,100000,36.48,36.48,35.87,36.205,249278,0
ALE,60,20230517,110000,36.19,36.37,35.93,36.055,248246,0
ALE,60,20230517,120000,36.06,36.36,36.005,36.3,267657,0
ALE,60,20230517,130000,36.285,36.37,36.1,36.37,208512,0
ALE,60,20230517,140000,36.37,36.48,36.32,36.4,261778,0
ALE,60,20230517,150000,36.415,36.68,36.36,36.66,199072,0
ALE,60,20230517,160000,36.66,36.68,36.31,36.405,352385,0
ALE,60,20230517,170000,36.405,36.52,36.13,36.44,644012,0
ALE,60,20230518,100000,36.5,36.67,35.57,35.985,593073,0
ALE,60,20230518,110000,35.98,36.23,35.805,36.17,121923,0
ALE,60,20230518,120000,36.185,36.275,36.015,36.23,89848,0
ALE,60,20230518,130000,36.23,36.46,36.215,36.42,102345,0
ALE,60,20230518,140000,36.41,36.46,36.33,36.38,159350,0
ALE,60,20230518,150000,36.355,36.46,36.305,36.405,152572,0
ALE,60,20230518,160000,36.4,36.575,36.09,36.145,395379,0
ALE,60,20230518,170000,36.16,36.37,36.09,36.275,553313,0
ALE,60,20230519,100000,36.5,38.135,36.5,38.135,1911569,0
ALE,60,20230519,110000,38.135,38.355,37.85,38.15,1799972,0
ALE,60,20230519,120000,38.15,38.23,37.6,37.71,491209,0
ALE,60,20230519,130000,37.695,37.73,37.53,37.57,200369,0
ALE,60,20230519,140000,37.565,38.13,37.565,38.115,285335,0
ALE,60,20230519,150000,38.115,38.435,37.985,38.435,467705,0
ALE,60,20230519,160000,38.445,38.515,38.18,38.22,388540,0
ALE,60,20230519,170000,38.27,38.44,38.185,38.345,1165033,0
ALE,60,20230522,100000,38.5,38.6,37.92,38.29,401154,0
ALE,60,20230522,110000,38.25,38.5,38.12,38.455,216353,0
ALE,60,20230522,120000,38.455,38.49,38.18,38.195,158902,0
ALE,60,20230522,130000,38.19,38.28,38.1,38.215,139467,0
ALE,60,20230522,140000,38.235,38.445,38.175,38.405,144930,0
ALE,60,20230522,150000,38.43,38.5,38.11,38.415,240095,0
ALE,60,20230522,160000,38.415,38.67,38.375,38.525,320964,0
ALE,60,20230522,170000,38.505,38.67,38.5,38.58,393452,0
ALE,60,20230523,100000,38.7,38.99,38.215,38.83,277193,0
ALE,60,20230523,110000,38.84,38.95,38.61,38.75,226629,0
ALE,60,20230523,120000,38.755,38.83,38.435,38.46,148572,0
ALE,60,20230523,130000,38.45,38.545,38.29,38.37,205818,0
ALE,60,20230523,140000,38.34,38.37,38.105,38.245,235434,0
ALE,60,20230523,150000,38.27,38.38,38.15,38.38,237369,0
ALE,60,20230523,160000,38.36,38.37,37.935,37.94,400239,0
ALE,60,20230523,170000,37.94,38.1,37.865,37.865,699586,0
ALE,60,20230524,100000,37.545,37.545,36.82,36.845,981770,0
ALE,60,20230524,110000,36.835,37.085,36.76,37.05,367960,0
ALE,60,20230524,120000,37.05,37.05,36.85,36.86,390959,0
ALE,60,20230524,130000,36.85,36.855,36.53,36.77,331052,0
ALE,60,20230524,140000,36.765,37.02,36.755,36.845,315221,0
ALE,60,20230524,150000,36.865,36.945,36.79,36.87,229986,0
ALE,60,20230524,160000,36.87,36.96,36.7,36.735,482018,0
ALE,60,20230524,170000,36.735,36.895,36.6,36.8,875413,0
ALE,60,20230525,100000,37,37,34.405,34.585,1301101,0
ALE,60,20230525,110000,34.59,35.285,34.45,34.475,732711,0
ALE,60,20230525,120000,34.45,34.9,34.335,34.355,880279,0
ALE,60,20230525,130000,34.355,34.825,34.255,34.605,391772,0
ALE,60,20230525,140000,34.61,34.76,33.81,34.47,999992,0
ALE,60,20230525,150000,34.49,34.545,34.27,34.43,372972,0
ALE,60,20230525,160000,34.45,34.52,34.06,34.41,513490,0
ALE,60,20230525,170000,34.41,34.445,34.1,34.265,965684,0
ALE,60,20230526,100000,34.3,35.23,34.3,34.75,802549,0
ALE,60,20230526,110000,34.725,34.905,34.28,34.35,437201,0
ALE,60,20230526,120000,34.33,34.64,34.32,34.47,220924,0
ALE,60,20230526,130000,34.48,34.86,34.435,34.8,208733,0
ALE,60,20230526,140000,34.8,35.045,34.71,34.995,234555,0
ALE,60,20230526,150000,34.99,35.285,34.935,35.205,454647,0
ALE,60,20230526,160000,35.185,35.25,34.91,35.05,544692,0
ALE,60,20230526,170000,35.05,35.2,34.905,35.135,645813,0
ALE,60,20230529,100000,35.4,36.2,35.4,35.9,379424,0
ALE,60,20230529,110000,35.9,36.08,35.55,35.68,199120,0
ALE,60,20230529,120000,35.635,35.71,35.43,35.53,160778,0
ALE,60,20230529,130000,35.53,35.825,35.525,35.795,130476,0
ALE,60,20230529,140000,35.785,35.995,35.765,35.805,144865,0
ALE,60,20230529,150000,35.825,35.855,35.58,35.835,168575,0
ALE,60,20230529,160000,35.825,35.84,35.605,35.65,210619,0
ALE,60,20230529,170000,35.65,35.855,35.515,35.515,319196,0
ALE,60,20230530,100000,35.765,36.08,35.435,35.975,279046,0
ALE,60,20230530,110000,35.98,36.27,35.805,35.885,253712,0
ALE,60,20230530,120000,35.885,36.3,35.85,36.215,234866,0
ALE,60,20230530,130000,36.21,36.275,36.055,36.14,155246,0
ALE,60,20230530,140000,36.14,36.29,35.81,35.845,261458,0
ALE,60,20230530,150000,35.865,36.15,35.765,36.14,210026,0
ALE,60,20230530,160000,36.135,36.175,35.465,35.465,351783,0
ALE,60,20230530,170000,35.465,35.49,34.835,35.32,835538,0
ALE,60,20230531,100000,34.9,34.92,34.175,34.9,585462,0
ALE,60,20230531,110000,34.91,35.16,34.725,34.91,241272,0
ALE,60,20230531,120000,34.91,35.165,34.785,35.07,223417,0
ALE,60,20230531,130000,35.065,35.28,34.965,35.14,278681,0
ALE,60,20230531,140000,35.14,35.565,35.125,35.485,312598,0
ALE,60,20230531,150000,35.46,35.77,35.375,35.72,419000,0
ALE,60,20230531,160000,35.715,36.145,35.7,36.015,568993,0
ALE,60,20230531,170000,36,36.045,35.25,35.52,11969024,0
