<TICKER>,<PER>,<DATE>,<TIME>,<OPEN>,<HIGH>,<LOW>,<CLOSE>,<VOL>,<OPENINT>
ALR,60,20220804,100000,25.57,25.57,25.01,25.05,42876,0
ALR,60,20220804,110000,25.05,25.43,24.85,25.37,42711,0
ALR,60,20220804,120000,25.32,26.26,25.32,26.17,66027,0
ALR,60,20220804,130000,26.17,26.65,26.06,26.65,97813,0
ALR,60,20220804,140000,26.6,26.66,26.16,26.24,34524,0
ALR,60,20220804,150000,26.2,26.27,26,26.25,41825,0
ALR,60,20220804,160000,26.26,26.34,26.19,26.28,34280,0
ALR,60,20220804,170000,26.27,26.27,25.72,25.72,82665,0
ALR,60,20220805,100000,26.25,26.4,25.9,25.99,38490,0
ALR,60,20220805,110000,25.99,26.24,25.81,26.02,41050,0
ALR,60,20220805,120000,26,26.13,25.84,25.9,29588,0
ALR,60,20220805,130000,25.9,25.9,25.42,25.6,36118,0
ALR,60,20220805,140000,25.67,25.73,25.54,25.65,17893,0
ALR,60,20220805,150000,25.61,25.65,25.1,25.33,43677,0
ALR,60,20220805,160000,25.28,25.39,25.07,25.35,39788,0
ALR,60,20220805,170000,25.35,25.53,25.21,25.23,49965,0
ALR,60,20220808,100000,25.31,25.94,25.31,25.65,21711,0
ALR,60,20220808,110000,25.63,25.7,25.3,25.52,16087,0
ALR,60,20220808,120000,25.53,25.82,25.49,25.8,19597,0
ALR,60,20220808,130000,25.8,26.05,25.8,25.99,15421,0
ALR,60,20220808,140000,25.98,26.1,25.91,26.01,11087,0
ALR,60,20220808,150000,26.02,26.62,26.02,26.58,50274,0
ALR,60,20220808,160000,26.6,26.6,26.36,26.37,25293,0
ALR,60,20220808,170000,26.36,27.15,26.15,27.1,132994,0
ALR,60,20220809,100000,27.1,27.6,27,27.22,58165,0
ALR,60,20220809,110000,27.36,28,27.21,27.96,50928,0
ALR,60,20220809,120000,27.95,28.27,27.88,28.08,68465,0
ALR,60,20220809,130000,28.09,28.23,27.95,28,56558,0
ALR,60,20220809,140000,27.97,28.18,27.8,27.84,42442,0
ALR,60,20220809,150000,27.84,27.99,27.76,27.76,20910,0
ALR,60,20220809,160000,27.77,27.98,27.77,27.95,22603,0
ALR,60,20220809,170000,27.91,28,27.79,28,51321,0
ALR,60,20220810,100000,27.9,27.9,26.9,27.49,101214,0
ALR,60,20220810,110000,27.57,27.61,27.49,27.58,29042,0
ALR,60,20220810,120000,27.6,27.88,27.55,27.8,17871,0
ALR,60,20220810,130000,27.83,27.83,27.6,27.6,17165,0
ALR,60,20220810,140000,27.66,27.96,27.6,27.85,21445,0
ALR,60,20220810,150000,27.95,28.66,27.8,28.58,125186,0
ALR,60,20220810,160000,28.6,28.63,27.88,28.06,71168,0
ALR,60,20220810,170000,28.15,28.39,28.08,28.39,50820,0
ALR,60,20220811,100000,28.79,28.97,27.92,28.21,80143,0
ALR,60,20220811,110000,28.21,28.49,28.02,28.49,27774,0
ALR,60,20220811,120000,28.49,28.59,28.25,28.29,16799,0
ALR,60,20220811,130000,28.28,28.3,27.96,28.13,35223,0
ALR,60,20220811,140000,28.1,28.39,28.1,28.39,16521,0
ALR,60,20220811,150000,28.39,28.5,28.1,28.4,38817,0
ALR,60,20220811,160000,28.41,28.46,28.08,28.29,34196,0
ALR,60,20220811,170000,28.24,28.37,28.11,28.31,59243,0
ALR,60,20220812,100000,28.52,28.58,28.06,28.49,45870,0
ALR,60,20220812,110000,28.45,28.86,28.23,28.75,42829,0
ALR,60,20220812,120000,28.75,29.22,28.75,29.06,71389,0
ALR,60,20220812,130000,29.06,29.07,28.55,28.66,25976,0
ALR,60,20220812,140000,28.6,28.8,28.5,28.7,26050,0
ALR,60,20220812,150000,28.7,28.85,28.6,28.62,25204,0
ALR,60,20220812,160000,28.6,28.75,28.6,28.74,26638,0
ALR,60,20220812,170000,28.68,28.74,28.6,28.66,54244,0
ALR,60,20220816,100000,28.8,29.13,28.43,29.03,94816,0
ALR,60,20220816,110000,29.05,29.58,29.01,29.41,66257,0
ALR,60,20220816,120000,29.41,29.41,29,29.06,48694,0
ALR,60,20220816,130000,29.1,29.29,29.09,29.2,21146,0
ALR,60,20220816,140000,29.22,29.31,29.05,29.18,29850,0
ALR,60,20220816,150000,29.18,29.5,29,29.11,43329,0
ALR,60,20220816,160000,29.11,29.15,28.95,29.11,48871,0
ALR,60,20220816,170000,29.11,29.22,28.95,29.2,91182,0
ALR,60,20220817,100000,29.2,29.2,28.62,28.84,75563,0
ALR,60,20220817,110000,28.84,28.85,28.1,28.32,143786,0
ALR,60,20220817,120000,28.47,28.55,27.91,28.29,64125,0
ALR,60,20220817,130000,28.29,28.32,27.9,28.25,71111,0
ALR,60,20220817,140000,28.25,28.5,27.87,27.94,74518,0
ALR,60,20220817,150000,27.99,28.23,27.71,27.83,129528,0
ALR,60,20220817,160000,27.82,28.16,27.7,28.13,80956,0
ALR,60,20220817,170000,28.13,28.27,27.52,27.75,114011,0
ALR,60,20220818,100000,27.75,28.19,27.06,27.52,46159,0
ALR,60,20220818,110000,27.6,27.93,27.57,27.72,34652,0
ALR,60,20220818,120000,27.71,28.25,27.7,28.24,35828,0
ALR,60,20220818,130000,28.25,28.4,28.25,28.3,27037,0
ALR,60,20220818,140000,28.3,28.43,28.27,28.43,14449,0
ALR,60,20220818,150000,28.43,28.48,28.43,28.44,14406,0
ALR,60,20220818,160000,28.44,28.48,28.42,28.44,24579,0
ALR,60,20220818,170000,28.44,28.5,28.4,28.5,34184,0
ALR,60,20220819,100000,28.23,28.5,27.86,28.35,28576,0
ALR,60,20220819,110000,28.35,28.4,27.71,28.05,54116,0
ALR,60,20220819,120000,28,28.5,27.96,28.26,44670,0
ALR,60,20220819,130000,28.32,28.43,28.16,28.22,32840,0
ALR,60,20220819,140000,28.25,28.41,28.25,28.36,20969,0
ALR,60,20220819,150000,28.35,28.5,28.16,28.41,29624,0
ALR,60,20220819,160000,28.43,28.5,27.9,27.9,41520,0
ALR,60,20220819,170000,27.86,28.08,27.7,28,60615,0
ALR,60,20220822,100000,27.72,28.07,27.72,27.81,110564,0
ALR,60,20220822,110000,27.81,27.85,27.5,27.5,109738,0
ALR,60,20220822,120000,27.48,27.48,26.8,27.13,86076,0
ALR,60,20220822,130000,27.05,27.3,27.01,27.19,8436,0
ALR,60,20220822,140000,27.14,27.41,27.07,27.41,27687,0
ALR,60,20220822,150000,27.41,27.53,27.32,27.38,36757,0
ALR,60,20220822,160000,27.32,27.41,27.3,27.41,180390,0
ALR,60,20220822,170000,27.43,27.66,27.34,27.54,172234,0
ALR,60,20220823,100000,27.3,27.82,27.15,27.5,29825,0
ALR,60,20220823,110000,27.5,27.55,27.22,27.43,22861,0
ALR,60,20220823,120000,27.3,27.44,27.16,27.42,36506,0
ALR,60,20220823,130000,27.42,27.46,27.1,27.14,15566,0
ALR,60,20220823,140000,27.14,27.18,26.92,27.08,19132,0
ALR,60,20220823,150000,27.1,27.23,26.99,27.11,25232,0
ALR,60,20220823,160000,27.1,27.2,26.99,27.09,27994,0
ALR,60,20220823,170000,27.02,27.15,26.8,26.8,60711,0
ALR,60,20220824,100000,26.8,26.9,26.07,26.29,75537,0
ALR,60,20220824,110000,26.31,26.71,26.15,26.62,10744,0
ALR,60,20220824,120000,26.67,26.83,26.54,26.7,16035,0
ALR,60,20220824,130000,26.63,26.79,26.52,26.7,12359,0
ALR,60,20220824,140000,26.76,26.95,26.64,26.88,28311,0
ALR,60,20220824,150000,26.88,26.89,26.58,26.78,23955,0
ALR,60,20220824,160000,26.75,26.95,26.63,26.86,37796,0
ALR,60,20220824,170000,26.87,27,26.8,27,36902,0
ALR,60,20220825,100000,27.3,27.9,27.1,27.79,42529,0
ALR,60,20220825,110000,27.86,27.86,27.31,27.33,17944,0
ALR,60,20220825,120000,27.31,27.34,26.61,26.62,40272,0
ALR,60,20220825,130000,26.61,27.08,26.61,26.82,14988,0
ALR,60,20220825,140000,26.93,26.97,26.8,26.81,16246,0
ALR,60,20220825,150000,26.8,26.9,26.8,26.81,16910,0
ALR,60,20220825,160000,26.81,26.82,26.7,26.75,37307,0
ALR,60,20220825,170000,26.79,27,26.74,26.98,40336,0
ALR,60,20220826,100000,26.98,26.98,26.6,26.7,17210,0
ALR,60,20220826,110000,26.66,26.7,26.31,26.5,26098,0
ALR,60,20220826,120000,26.5,26.76,26.5,26.74,13729,0
ALR,60,20220826,130000,26.74,26.8,26.74,26.76,17456,0
ALR,60,20220826,140000,26.76,27.05,26.74,26.98,22120,0
ALR,60,20220826,150000,27,27.16,27,27.08,13143,0
ALR,60,20220826,160000,27.08,27.45,27.07,27.13,18331,0
ALR,60,20220826,170000,27.07,27.13,26.58,26.7,49105,0
ALR,60,20220829,100000,26,26.34,25,25.85,74045,0
ALR,60,20220829,110000,25.86,26.16,25.45,25.7,50514,0
ALR,60,20220829,120000,25.7,25.94,25.47,25.89,28783,0
ALR,60,20220829,130000,25.89,25.98,25.73,25.75,14380,0
ALR,60,20220829,140000,25.71,26,25.61,25.99,27619,0
ALR,60,20220829,150000,26.01,26.12,25.82,25.93,24145,0
ALR,60,20220829,160000,25.98,26.14,25.83,26.07,26450,0
ALR,60,20220829,170000,26,26.14,25.61,25.7,77912,0
ALR,60,20220830,100000,25.79,26.22,25.33,25.98,40834,0
ALR,60,20220830,110000,26.02,26.2,25.8,26.14,18684,0
ALR,60,20220830,120000,26,26.08,25.8,26.06,11015,0
ALR,60,20220830,130000,26.06,26.3,26.04,26.3,18773,0
ALR,60,20220830,140000,26.3,26.4,26.26,26.34,17644,0
ALR,60,20220830,150000,26.31,26.4,25.6,25.71,36457,0
ALR,60,20220830,160000,25.61,25.85,25.52,25.82,75452,0
ALR,60,20220830,170000,25.8,25.92,25.61,25.71,136282,0
ALR,60,20220831,100000,25.75,26.1,25.68,25.74,39931,0
ALR,60,20220831,110000,25.72,25.97,25.64,25.95,34104,0
ALR,60,20220831,120000,25.88,26.05,25.7,25.97,19207,0
ALR,60,20220831,130000,26.06,26.08,25.7,25.7,17836,0
ALR,60,20220831,140000,25.7,25.88,25.66,25.77,15049,0
ALR,60,20220831,150000,25.76,26.4,25.73,26.39,28881,0
ALR,60,20220831,160000,26.35,26.35,25.81,26.06,24013,0
ALR,60,20220831,170000,26.04,26.23,25.93,26.05,29856,0
ALR,60,20220901,100000,25.77,25.92,24.94,25.47,70688,0
ALR,60,20220901,110000,25.4,25.5,25.16,25.43,50459,0
ALR,60,20220901,120000,25.45,25.88,25.39,25.7,27364,0
ALR,60,20220901,130000,25.7,25.84,25.51,25.7,22184,0
ALR,60,20220901,140000,25.7,25.81,25.68,25.68,10970,0
ALR,60,20220901,150000,25.65,25.72,25.32,25.32,8940,0
ALR,60,20220901,160000,25.32,25.63,25.3,25.4,37615,0
ALR,60,20220901,170000,25.4,25.54,25.25,25.4,104869,0
ALR,60,20220902,100000,25.5,25.91,25.12,25.4,69574,0
ALR,60,20220902,110000,25.49,25.88,25.4,25.71,20199,0
ALR,60,20220902,120000,25.82,26.22,25.7,25.8,23787,0
ALR,60,20220902,130000,25.86,26.04,25.84,26.03,17401,0
ALR,60,20220902,140000,26,26,25.84,25.86,18978,0
ALR,60,20220902,150000,25.86,26.08,25.69,25.82,25384,0
ALR,60,20220902,160000,25.82,25.97,25.79,25.91,19333,0
ALR,60,20220902,170000,25.91,26.23,25.86,26.2,43983,0
ALR,60,20220905,100000,25.8,26.14,25.38,26.05,33640,0
ALR,60,20220905,110000,26.02,26.06,25.7,25.98,14910,0
ALR,60,20220905,120000,26,26.4,25.9,26.4,17601,0
ALR,60,20220905,130000,26.4,26.4,26.15,26.15,6814,0
ALR,60,20220905,140000,26.18,26.22,26.15,26.15,7039,0
ALR,60,20220905,150000,26.19,26.27,26.15,26.23,18027,0
ALR,60,20220905,160000,26.29,26.46,26.16,26.16,9008,0
ALR,60,20220905,170000,26.22,26.4,26.15,26.4,18018,0
ALR,60,20220906,100000,26.4,26.73,26.08,26.11,26357,0
ALR,60,20220906,110000,26.12,26.25,25.85,26.2,32493,0
ALR,60,20220906,120000,26.2,26.58,26.1,26.45,10497,0
ALR,60,20220906,130000,26.48,26.55,26.21,26.3,16299,0
ALR,60,20220906,140000,26.3,26.38,26.21,26.35,4130,0
ALR,60,20220906,150000,26.3,26.43,26.27,26.3,10614,0
ALR,60,20220906,160000,26.3,26.43,25.9,26.09,37975,0
ALR,60,20220906,170000,26.13,26.32,25.89,26.22,34854,0
ALR,60,20220907,100000,25.92,26.33,25.4,25.49,48485,0
ALR,60,20220907,110000,25.5,26.05,25.41,26.02,44247,0
ALR,60,20220907,120000,26,26.2,25.7,26.16,27310,0
ALR,60,20220907,130000,26.21,26.21,25.99,26.02,16325,0
ALR,60,20220907,140000,26.04,26.22,26,26.04,16263,0
ALR,60,20220907,150000,26,26.18,25.82,26.04,35293,0
ALR,60,20220907,160000,26.02,26.14,25.7,25.71,83128,0
ALR,60,20220907,170000,25.72,26.09,25.71,26,79477,0
ALR,60,20220908,100000,26.3,26.5,26.05,26.19,34745,0
ALR,60,20220908,110000,26.22,26.8,26.15,26.54,70108,0
ALR,60,20220908,120000,26.54,27.19,26.49,27.19,30875,0
ALR,60,20220908,130000,27.17,27.19,26.66,26.82,24466,0
ALR,60,20220908,140000,26.82,26.91,26.7,26.8,96398,0
ALR,60,20220908,150000,26.8,26.92,26.6,26.6,18764,0
ALR,60,20220908,160000,26.61,26.72,26.4,26.6,25649,0
ALR,60,20220908,170000,26.61,27.24,26.55,27.18,37034,0
ALR,60,20220909,100000,27.31,28.44,27.19,28.1,64815,0
ALR,60,20220909,110000,28.04,28.7,27.98,28.42,53396,0
ALR,60,20220909,120000,28.42,28.42,27.86,28.04,20952,0
ALR,60,20220909,130000,28.04,28.05,27.83,28.04,9821,0
ALR,60,20220909,140000,28.04,28.33,28.04,28.17,10277,0
ALR,60,20220909,150000,28.25,28.49,28.25,28.27,22838,0
ALR,60,20220909,160000,28.29,28.3,28.05,28.29,16003,0
ALR,60,20220909,170000,28.29,28.39,28.1,28.25,23597,0
ALR,60,20220912,100000,28.74,28.94,28.16,28.89,67783,0
ALR,60,20220912,110000,28.86,29.1,28.77,29.1,66128,0
ALR,60,20220912,120000,29.04,29.1,28.59,28.59,33452,0
ALR,60,20220912,130000,28.6,28.88,28.59,28.71,17481,0
ALR,60,20220912,140000,28.71,28.8,28.6,28.67,23634,0
ALR,60,20220912,150000,28.68,28.87,28.6,28.67,17619,0
ALR,60,20220912,160000,28.74,29.1,28.72,29.01,21831,0
ALR,60,20220912,170000,29.04,29.2,28.81,29.2,38250,0
ALR,60,20220913,100000,29.4,29.72,28.97,29.22,68350,0
ALR,60,20220913,110000,29.24,29.4,28.9,29,28799,0
ALR,60,20220913,120000,29.04,29.2,28.8,29.09,38167,0
ALR,60,20220913,130000,29.08,29.34,29.07,29.34,9205,0
ALR,60,20220913,140000,29.34,29.54,29.34,29.5,33900,0
ALR,60,20220913,150000,29.48,29.68,28.51,28.56,103092,0
ALR,60,20220913,160000,28.52,28.83,28.2,28.82,81574,0
ALR,60,20220913,170000,28.83,28.83,28.4,28.4,91940,0
ALR,60,20220914,100000,28,28.75,27.8,28.58,35930,0
ALR,60,20220914,110000,28.56,28.69,28.29,28.42,11948,0
ALR,60,20220914,120000,28.4,28.85,28.23,28.43,15302,0
ALR,60,20220914,130000,28.44,28.64,28.36,28.51,14989,0
ALR,60,20220914,140000,28.51,28.55,28.2,28.29,22984,0
ALR,60,20220914,150000,28.29,28.6,28.29,28.6,19910,0
ALR,60,20220914,160000,28.53,28.6,28.23,28.45,15020,0
ALR,60,20220914,170000,28.45,28.68,28.3,28.68,30444,0
ALR,60,20220915,100000,28.3,29.11,28.13,28.54,45588,0
ALR,60,20220915,110000,28.54,28.64,28.16,28.51,71151,0
ALR,60,20220915,120000,28.51,28.51,28.32,28.44,17869,0
ALR,60,20220915,130000,28.43,28.61,28.33,28.33,17214,0
ALR,60,20220915,140000,28.33,28.41,28.33,28.36,10420,0
ALR,60,20220915,150000,28.36,28.45,28.18,28.3,27744,0
ALR,60,20220915,160000,28.3,28.3,27.96,28.19,80620,0
ALR,60,20220915,170000,28.19,28.55,28.16,28.38,58542,0
ALR,60,20220916,100000,28,28,27.25,27.5,68666,0
ALR,60,20220916,110000,27.46,27.58,27.11,27.2,50473,0
ALR,60,20220916,120000,27.2,27.43,27.13,27.43,41362,0
ALR,60,20220916,130000,27.43,27.43,27.2,27.3,25640,0
ALR,60,20220916,140000,27.32,27.4,27.3,27.31,88977,0
ALR,60,20220916,150000,27.39,27.39,27.15,27.2,28484,0
ALR,60,20220916,160000,27.15,27.3,26.83,26.98,156872,0
ALR,60,20220916,170000,26.98,27.4,26.92,27.15,393280,0
ALR,60,20220919,100000,27.15,27.65,26.92,27.51,33183,0
ALR,60,20220919,110000,27.41,27.97,27.39,27.51,53189,0
ALR,60,20220919,120000,27.41,27.51,27.34,27.43,11200,0
ALR,60,20220919,130000,27.46,27.7,27.4,27.64,10595,0
ALR,60,20220919,140000,27.64,27.73,27.57,27.57,11863,0
ALR,60,20220919,150000,27.56,27.8,27.45,27.71,10884,0
ALR,60,20220919,160000,27.67,28.14,27.67,27.99,26638,0
ALR,60,20220919,170000,27.98,28.35,27.81,28.26,46418,0
ALR,60,20220920,100000,28.5,28.98,28.4,28.53,52130,0
ALR,60,20220920,110000,28.5,28.53,28.17,28.17,23320,0
ALR,60,20220920,120000,28.17,28.17,27.62,27.72,47177,0
ALR,60,20220920,130000,27.72,27.88,27.62,27.75,32108,0
ALR,60,20220920,140000,27.74,28.11,27.64,27.65,34771,0
ALR,60,20220920,150000,27.7,27.75,27.36,27.41,30164,0
ALR,60,20220920,160000,27.41,27.41,27.06,27.16,37455,0
ALR,60,20220920,170000,27.16,27.27,27.01,27.23,49786,0
ALR,60,20220921,100000,27.03,27.18,26.42,26.68,222626,0
ALR,60,20220921,110000,26.7,26.7,26.32,26.45,61029,0
ALR,60,20220921,120000,26.45,26.86,26.18,26.75,39334,0
ALR,60,20220921,130000,26.75,26.78,26.42,26.7,43269,0
ALR,60,20220921,140000,26.7,26.7,26.29,26.3,37641,0
ALR,60,20220921,150000,26.3,26.47,26.2,26.4,74006,0
ALR,60,20220921,160000,26.42,26.54,26.35,26.42,43630,0
ALR,60,20220921,170000,26.42,26.69,26.38,26.66,168508,0
ALR,60,20220922,100000,26.13,26.54,25.78,26.4,83458,0
ALR,60,20220922,110000,26.48,26.84,26.48,26.56,68434,0
ALR,60,20220922,120000,26.6,26.64,26.33,26.48,31407,0
ALR,60,20220922,130000,26.52,26.76,26.5,26.72,39058,0
ALR,60,20220922,140000,26.7,26.74,26.42,26.74,37708,0
ALR,60,20220922,150000,26.7,26.7,26.44,26.6,44963,0
ALR,60,20220922,160000,26.6,26.61,26.23,26.31,62679,0
ALR,60,20220922,170000,26.31,26.45,26.24,26.25,156861,0
ALR,60,20220923,100000,26.13,26.14,25.35,25.45,94529,0
ALR,60,20220923,110000,25.49,25.8,25.39,25.5,36687,0
ALR,60,20220923,120000,25.46,25.61,25.09,25.24,46632,0
ALR,60,20220923,130000,25.23,25.41,25.07,25.07,31762,0
ALR,60,20220923,140000,25.08,25.3,24.88,25.2,45610,0
ALR,60,20220923,150000,25.26,25.42,25.1,25.24,25417,0
ALR,60,20220923,160000,25.18,25.34,24.98,25.01,33830,0
ALR,60,20220923,170000,25,25.19,24.8,24.92,46101,0
ALR,60,20220926,100000,24.7,24.84,24.04,24.56,94513,0
ALR,60,20220926,110000,24.44,24.64,24.3,24.46,20891,0
ALR,60,20220926,120000,24.47,24.93,24.37,24.61,186751,0
ALR,60,20220926,130000,24.6,24.7,24.52,24.6,33517,0
ALR,60,20220926,140000,24.6,24.67,24.12,24.14,42915,0
ALR,60,20220926,150000,24.13,24.63,24.13,24.58,41459,0
ALR,60,20220926,160000,24.58,24.74,24.26,24.4,81914,0
ALR,60,20220926,170000,24.4,24.89,24.17,24.69,105213,0
ALR,60,20220927,100000,24.91,25.4,24.84,25.12,61410,0
ALR,60,20220927,110000,25.2,25.37,25.12,25.17,38554,0
ALR,60,20220927,120000,25.17,25.26,24.97,25.14,31594,0
ALR,60,20220927,130000,25.15,25.48,25.14,25.47,33531,0
ALR,60,20220927,140000,25.42,25.7,25.3,25.55,16729,0
ALR,60,20220927,150000,25.53,25.67,25.42,25.42,19708,0
ALR,60,20220927,160000,25.42,25.51,25.22,25.38,17952,0
ALR,60,20220927,170000,25.37,25.68,25.07,25.62,40108,0
ALR,60,20220928,100000,25,25,24.34,24.94,84427,0
ALR,60,20220928,110000,24.91,24.99,24.57,24.6,31484,0
ALR,60,20220928,120000,24.68,24.68,24.1,24.26,52486,0
ALR,60,20220928,130000,24.26,24.9,24.26,24.7,16638,0
ALR,60,20220928,140000,24.73,24.78,24.35,24.58,9214,0
ALR,60,20220928,150000,24.61,25.15,24.61,24.87,18161,0
ALR,60,20220928,160000,24.9,25,24.65,24.96,13669,0
ALR,60,20220928,170000,24.99,25.19,24.74,24.74,21769,0
ALR,60,20220929,100000,24.74,25,24.14,24.36,43467,0
ALR,60,20220929,110000,24.35,24.47,24.13,24.34,34286,0
ALR,60,20220929,120000,24.4,24.78,24.39,24.55,20651,0
ALR,60,20220929,130000,24.55,24.76,24.55,24.66,12967,0
ALR,60,20220929,140000,24.68,24.78,24.65,24.72,18605,0
ALR,60,20220929,150000,24.65,24.65,24.17,24.24,44999,0
ALR,60,20220929,160000,24.24,24.45,23.67,23.76,82870,0
ALR,60,20220929,170000,23.78,23.98,23.65,23.69,77772,0
ALR,60,20220930,100000,23.69,23.99,23.43,23.58,32580,0
ALR,60,20220930,110000,23.59,23.59,22.91,23.04,58205,0
ALR,60,20220930,120000,23.14,23.49,23,23.41,18049,0
ALR,60,20220930,130000,23.44,23.49,23.1,23.1,10245,0
ALR,60,20220930,140000,23.1,23.18,22.9,22.97,57047,0
ALR,60,20220930,150000,23.02,23.12,22.8,22.94,98848,0
ALR,60,20220930,160000,22.94,22.94,22.55,22.87,115530,0
ALR,60,20220930,170000,22.87,23.25,22.75,23.12,195789,0
ALR,60,20221003,100000,23.05,23.27,22.54,22.54,18508,0
ALR,60,20221003,110000,22.53,22.53,22.22,22.43,23715,0
ALR,60,20221003,120000,22.35,22.35,22,22.18,34953,0
ALR,60,20221003,130000,22.2,22.47,22.2,22.3,8488,0
ALR,60,20221003,140000,22.22,22.35,22.17,22.18,6142,0
ALR,60,20221003,150000,22.27,22.66,22.26,22.5,28226,0
ALR,60,20221003,160000,22.51,22.85,22.51,22.68,26838,0
ALR,60,20221003,170000,22.73,23.48,22.73,23.35,48315,0
ALR,60,20221004,100000,23.98,24.5,23.9,24.36,51788,0
ALR,60,20221004,110000,24.46,24.49,24.12,24.15,18452,0
ALR,60,20221004,120000,24.2,24.27,23.95,24.18,9092,0
ALR,60,20221004,130000,24.24,24.4,24.15,24.16,14647,0
ALR,60,20221004,140000,24.1,24.17,23.94,24.02,4957,0
ALR,60,20221004,150000,23.95,24.12,23.93,24.12,6484,0
ALR,60,20221004,160000,24.14,24.32,24.06,24.32,14967,0
ALR,60,20221004,170000,24.34,24.6,24.33,24.6,28888,0
ALR,60,20221005,100000,24.83,24.9,24.09,24.16,17686,0
ALR,60,20221005,110000,24.18,24.34,23.86,24.2,26280,0
ALR,60,20221005,120000,24.18,24.23,24.15,24.18,8703,0
ALR,60,20221005,130000,24.19,24.28,24.12,24.18,9399,0
ALR,60,20221005,140000,24.17,24.22,24.05,24.1,12641,0
ALR,60,20221005,150000,24.04,24.19,23.83,23.89,22513,0
ALR,60,20221005,160000,23.9,23.91,23.65,23.9,34205,0
ALR,60,20221005,170000,23.81,23.81,23.35,23.42,34478,0
ALR,60,20221006,100000,23.67,24.17,23.67,24.15,41894,0
ALR,60,20221006,110000,24.11,24.2,24.1,24.15,23246,0
ALR,60,20221006,120000,24.15,24.21,24,24,16314,0
ALR,60,20221006,130000,24,24.07,23.9,23.9,15594,0
ALR,60,20221006,140000,23.91,24.3,23.91,24.14,9282,0
ALR,60,20221006,150000,24.12,24.46,24.12,24.27,6994,0
ALR,60,20221006,160000,24.27,24.45,24.19,24.21,12362,0
ALR,60,20221006,170000,24.18,24.2,23.9,24.2,38458,0
ALR,60,20221007,100000,24.06,24.17,23.73,23.77,22719,0
ALR,60,20221007,110000,23.77,24.08,23.71,23.8,20553,0
ALR,60,20221007,120000,23.85,24.07,23.75,23.93,8480,0
ALR,60,20221007,130000,24,24,23.85,23.94,11976,0
ALR,60,20221007,140000,23.96,23.97,23.8,23.97,11168,0
ALR,60,20221007,150000,23.99,23.99,23.7,23.73,11359,0
ALR,60,20221007,160000,23.78,23.97,23.6,23.6,19247,0
ALR,60,20221007,170000,23.65,23.85,23.62,23.71,28375,0
ALR,60,20221010,100000,23.5,23.53,23.2,23.4,15949,0
ALR,60,20221010,110000,23.5,23.5,23.12,23.35,10713,0
ALR,60,20221010,120000,23.35,23.6,23.2,23.53,8631,0
ALR,60,20221010,130000,23.53,23.53,23.42,23.42,3880,0
ALR,60,20221010,140000,23.41,23.65,23.41,23.57,5500,0
ALR,60,20221010,150000,23.61,23.8,23.52,23.8,20501,0
ALR,60,20221010,160000,23.79,23.99,23.58,23.72,39853,0
ALR,60,20221010,170000,23.72,23.72,23.48,23.54,12700,0
ALR,60,20221011,100000,23.4,23.4,22.95,23.09,18443,0
ALR,60,20221011,110000,23.1,23.3,23.1,23.2,21063,0
ALR,60,20221011,120000,23.2,23.46,23.2,23.32,16550,0
ALR,60,20221011,130000,23.32,23.6,23.26,23.52,18035,0
ALR,60,20221011,140000,23.52,23.7,23.4,23.52,15193,0
ALR,60,20221011,150000,23.49,23.99,23.48,23.93,20007,0
ALR,60,20221011,160000,23.82,23.97,23.6,23.62,15398,0
ALR,60,20221011,170000,23.62,23.85,23.45,23.8,23794,0
ALR,60,20221012,100000,23.94,23.94,23.3,23.44,13368,0
ALR,60,20221012,110000,23.48,23.9,23.44,23.58,12979,0
ALR,60,20221012,120000,23.73,23.98,23.73,23.94,8600,0
ALR,60,20221012,130000,23.87,23.88,23.75,23.83,5412,0
ALR,60,20221012,140000,23.8,23.84,23.55,23.62,7958,0
ALR,60,20221012,150000,23.65,23.86,23.57,23.75,9561,0
ALR,60,20221012,160000,23.73,23.74,23.61,23.68,19875,0
ALR,60,20221012,170000,23.7,23.7,23.51,23.62,17941,0
ALR,60,20221013,100000,23.5,23.79,23.39,23.71,8034,0
ALR,60,20221013,110000,23.7,23.71,23.56,23.62,1535,0
ALR,60,20221013,120000,23.6,23.82,23.6,23.79,1493,0
ALR,60,20221013,130000,23.79,23.79,23.4,23.6,12843,0
ALR,60,20221013,140000,23.55,23.85,23.55,23.72,14412,0
ALR,60,20221013,150000,23.69,23.9,23.32,23.56,72161,0
ALR,60,20221013,160000,23.58,23.86,23.43,23.86,24352,0
ALR,60,20221013,170000,23.84,24.42,23.84,24.42,56176,0
ALR,60,20221014,100000,25.2,25.54,24.66,25.08,50274,0
ALR,60,20221014,110000,25.08,25.25,24.96,25.04,21811,0
ALR,60,20221014,120000,24.95,25.19,24.85,25.17,12722,0
ALR,60,20221014,130000,25.11,25.46,25.11,25.34,29934,0
ALR,60,20221014,140000,25.4,25.45,25.1,25.12,11327,0
ALR,60,20221014,150000,25.23,25.45,25.1,25.45,17498,0
ALR,60,20221014,160000,25.44,25.54,25.17,25.19,19017,0
ALR,60,20221014,170000,25.13,25.15,24.64,24.8,75130,0
ALR,60,20221017,100000,24.63,25.1,24.52,24.88,16784,0
ALR,60,20221017,110000,24.76,24.76,24.24,24.4,16206,0
ALR,60,20221017,120000,24.43,24.54,24.32,24.49,6634,0
ALR,60,20221017,130000,24.5,24.53,24.27,24.38,11427,0
ALR,60,20221017,140000,24.39,24.69,24.32,24.68,17808,0
ALR,60,20221017,150000,24.69,24.93,24.62,24.9,15859,0
ALR,60,20221017,160000,24.93,25.21,24.81,25.1,20156,0
ALR,60,20221017,170000,25.1,25.27,25.01,25.18,17130,0
ALR,60,20221018,100000,25.55,26.08,25.48,26.08,52291,0
ALR,60,20221018,110000,26.08,26.49,26.01,26.4,97700,0
ALR,60,20221018,120000,26.3,26.46,26.12,26.24,28775,0
ALR,60,20221018,130000,26.18,26.45,26.18,26.26,19789,0
ALR,60,20221018,140000,26.27,26.41,26.27,26.36,14626,0
ALR,60,20221018,150000,26.36,26.44,26.3,26.36,25380,0
ALR,60,20221018,160000,26.39,26.41,26,26,26121,0
ALR,60,20221018,170000,25.97,26,25.73,26,50283,0
ALR,60,20221019,100000,26.1,26.28,25.65,25.7,27104,0
ALR,60,20221019,110000,25.7,25.87,25.51,25.81,21604,0
ALR,60,20221019,120000,25.81,26.19,25.7,26.17,24204,0
ALR,60,20221019,130000,26.18,26.25,25.99,26.24,49800,0
ALR,60,20221019,140000,26.1,26.17,26,26.13,10811,0
ALR,60,20221019,150000,26.13,26.18,25.9,26.04,23569,0
ALR,60,20221019,160000,26.04,26.1,25.8,25.84,32988,0
ALR,60,20221019,170000,25.92,26.29,25.87,26.2,48872,0
ALR,60,20221020,100000,26.18,26.25,25.61,26.16,45222,0
ALR,60,20221020,110000,26.13,26.4,26,26,12957,0
ALR,60,20221020,120000,26,26.11,25.87,25.87,11155,0
ALR,60,20221020,130000,25.96,26.16,25.76,26.08,14952,0
ALR,60,20221020,140000,26.08,26.44,26.05,26.44,18263,0
ALR,60,20221020,150000,26.48,26.64,26.2,26.2,23639,0
ALR,60,20221020,160000,26.21,26.72,26.2,26.55,33978,0
ALR,60,20221020,170000,26.68,27.01,26.6,26.9,73872,0
ALR,60,20221021,100000,26.9,27.31,26.48,26.8,50624,0
ALR,60,20221021,110000,26.8,26.8,26.08,26.31,40072,0
ALR,60,20221021,120000,26.41,26.57,26.06,26.24,21498,0
ALR,60,20221021,130000,26.26,26.41,26.12,26.4,14066,0
ALR,60,20221021,140000,26.39,26.39,26.2,26.24,17673,0
ALR,60,20221021,150000,26.27,26.27,25.9,26.11,25375,0
ALR,60,20221021,160000,26.17,26.55,26.17,26.51,22972,0
ALR,60,20221021,170000,26.46,26.75,26.26,26.36,38291,0
ALR,60,20221024,100000,26.99,27.18,26.32,26.39,36285,0
ALR,60,20221024,110000,26.32,26.61,26.2,26.55,22729,0
ALR,60,20221024,120000,26.55,26.95,26.51,26.95,9161,0
ALR,60,20221024,130000,26.91,26.95,26.78,26.78,4149,0
ALR,60,20221024,140000,26.77,26.84,26.56,26.84,19537,0
ALR,60,20221024,150000,26.78,27,26.7,27,29611,0
ALR,60,20221024,160000,26.98,27.1,26.95,27.02,16631,0
ALR,60,20221024,170000,27.04,27.05,26.6,27.05,45861,0
ALR,60,20221025,100000,27.1,27.47,27.08,27.37,19295,0
ALR,60,20221025,110000,27.39,27.7,27.28,27.67,28162,0
ALR,60,20221025,120000,27.66,27.8,27.17,27.21,32812,0
ALR,60,20221025,130000,27.23,27.31,27.07,27.26,13730,0
ALR,60,20221025,140000,27.26,27.35,27.1,27.13,19920,0
ALR,60,20221025,150000,27.14,27.15,26.96,27.06,18733,0
ALR,60,20221025,160000,27.05,27.45,26.95,27.45,44863,0
ALR,60,20221025,170000,27.46,27.46,27.15,27.15,33399,0
ALR,60,20221026,100000,27.4,27.6,27.18,27.42,106040,0
ALR,60,20221026,110000,27.4,27.67,27.4,27.62,14447,0
ALR,60,20221026,120000,27.62,27.76,27.5,27.7,18902,0
ALR,60,20221026,130000,27.69,27.88,27.62,27.8,19323,0
ALR,60,20221026,140000,27.82,27.85,27.58,27.79,16336,0
ALR,60,20221026,150000,27.79,27.99,27.7,27.94,15716,0
ALR,60,20221026,160000,27.99,28.22,27.99,28.04,36970,0
ALR,60,20221026,170000,28.11,28.48,28.08,28.48,62057,0
ALR,60,20221027,100000,28.5,28.5,28,28.2,16166,0
ALR,60,20221027,110000,28.2,28.5,28,28.04,29598,0
ALR,60,20221027,120000,28.04,28.47,28.04,28.42,12981,0
ALR,60,20221027,130000,28.4,28.4,28.18,28.33,18966,0
ALR,60,20221027,140000,28.4,28.52,28.26,28.32,12612,0
ALR,60,20221027,150000,28.33,28.75,28.33,28.75,13574,0
ALR,60,20221027,160000,28.7,28.93,28.57,28.8,26046,0
ALR,60,20221027,170000,28.75,29,28.65,28.99,31686,0
ALR,60,20221028,100000,28.6,28.83,28.18,28.24,35410,0
ALR,60,20221028,110000,28.34,28.69,28.34,28.56,17232,0
ALR,60,20221028,120000,28.52,28.7,28.45,28.7,13036,0
ALR,60,20221028,130000,28.75,28.8,28.66,28.78,7813,0
ALR,60,20221028,140000,28.78,28.9,28.75,28.78,6615,0
ALR,60,20221028,150000,28.79,28.83,28.6,28.83,20528,0
ALR,60,20221028,160000,28.84,29.18,28.83,29.09,43299,0
ALR,60,20221028,170000,29.17,29.3,29.07,29.1,40924,0
ALR,60,20221031,100000,29.2,29.22,28.4,28.69,53963,0
ALR,60,20221031,110000,28.78,29.21,28.78,29.16,36156,0
ALR,60,20221031,120000,29.12,29.13,28.8,28.93,20425,0
ALR,60,20221031,130000,28.93,29.22,28.93,29.06,21226,0
ALR,60,20221031,140000,29.01,29.08,28.95,29.07,10798,0
ALR,60,20221031,150000,29.01,29.44,29.01,29.25,20432,0
ALR,60,20221031,160000,29.26,29.46,29.26,29.44,29714,0
ALR,60,20221031,170000,29.4,29.45,29.15,29.4,49600,0
ALR,60,20221102,100000,29.4,29.84,28.88,29.29,99749,0
ALR,60,20221102,110000,29.2,29.59,29.15,29.48,40644,0
ALR,60,20221102,120000,29.49,29.6,29.33,29.6,30823,0
ALR,60,20221102,130000,29.6,29.7,29.39,29.49,40491,0
ALR,60,20221102,140000,29.49,29.56,29.32,29.44,32269,0
ALR,60,20221102,150000,29.49,29.62,29.43,29.59,62996,0
ALR,60,20221102,160000,29.59,29.64,29.2,29.43,71193,0
ALR,60,20221102,170000,29.41,29.6,29.41,29.48,71755,0
ALR,60,20221103,100000,29,29,28.42,29,61057,0
ALR,60,20221103,110000,29,29.54,28.98,29.54,36278,0
ALR,60,20221103,120000,29.52,29.57,29.21,29.46,23652,0
ALR,60,20221103,130000,29.48,29.56,29.48,29.53,13153,0
ALR,60,20221103,140000,29.52,29.78,29.43,29.43,66510,0
ALR,60,20221103,150000,29.43,29.55,29.2,29.29,42357,0
ALR,60,20221103,160000,29.31,29.45,29.2,29.45,41324,0
ALR,60,20221103,170000,29.45,29.45,29.1,29.1,100958,0
ALR,60,20221104,100000,29.1,29.54,28.42,28.68,99308,0
ALR,60,20221104,110000,28.78,28.96,28.41,28.41,59855,0
ALR,60,20221104,120000,28.41,28.7,28.32,28.59,86742,0
ALR,60,20221104,130000,28.57,28.68,28.32,28.68,44977,0
ALR,60,20221104,140000,28.66,29.38,28.55,29.27,57676,0
ALR,60,20221104,150000,29.27,29.44,28.8,29.25,69245,0
ALR,60,20221104,160000,29.28,29.78,29.28,29.75,74689,0
ALR,60,20221104,170000,29.7,29.8,29.5,29.8,116699,0
ALR,60,20221107,100000,29.6,31.29,29.5,31.22,202231,0
ALR,60,20221107,110000,31.28,32.56,31.28,32.19,152400,0
ALR,60,20221107,120000,32.11,32.5,32,32.35,86942,0
ALR,60,20221107,130000,32.38,32.47,31.92,32.03,47064,0
ALR,60,20221107,140000,32.03,32.2,31.94,32.04,54065,0
ALR,60,20221107,150000,32.04,32.2,32,32.04,35708,0
ALR,60,20221107,160000,32.04,32.19,31.8,32.02,95528,0
ALR,60,20221107,170000,32.06,32.19,32.02,32.18,70339,0
ALR,60,20221108,100000,32.15,32.8,31.26,32.66,90219,0
ALR,60,20221108,110000,32.64,32.64,32.2,32.3,32843,0
ALR,60,20221108,120000,32.36,32.57,32.16,32.39,24443,0
ALR,60,20221108,130000,32.38,32.59,32.33,32.41,28199,0
ALR,60,20221108,140000,32.41,32.47,32.2,32.3,30031,0
ALR,60,20221108,150000,32.32,32.34,32.16,32.2,25451,0
ALR,60,20221108,160000,32.22,32.79,32.2,32.7,40563,0
ALR,60,20221108,170000,32.67,32.98,32.67,32.71,45981,0
ALR,60,20221109,100000,32.71,33.82,32.52,33.12,130524,0
ALR,60,20221109,110000,33.08,33.17,32.39,33.08,83455,0
ALR,60,20221109,120000,33.08,33.61,33,33.53,46470,0
ALR,60,20221109,130000,33.52,33.73,33.31,33.42,35971,0
ALR,60,20221109,140000,33.43,33.64,33.4,33.64,62273,0
ALR,60,20221109,150000,33.64,33.64,33.22,33.63,60155,0
ALR,60,20221109,160000,33.64,33.7,33.37,33.39,49621,0
ALR,60,20221109,170000,33.43,33.91,33.41,33.6,69697,0
ALR,60,20221110,100000,33,33.3,32.62,32.66,77936,0
ALR,60,20221110,110000,32.6,32.96,32.45,32.88,31000,0
ALR,60,20221110,120000,32.95,33.25,32.86,33.25,22436,0
ALR,60,20221110,130000,33.25,33.29,32.99,32.99,12277,0
ALR,60,20221110,140000,32.98,33,32.86,32.93,7576,0
ALR,60,20221110,150000,32.93,34.22,32.93,33.73,80587,0
ALR,60,20221110,160000,33.75,34,33.47,33.88,72529,0
ALR,60,20221110,170000,33.92,34.18,33.72,33.88,98689,0
ALR,60,20221114,100000,34.19,35.2,34,34.85,139241,0
ALR,60,20221114,110000,34.91,34.97,34.21,34.3,39114,0
ALR,60,20221114,120000,34.29,34.58,34.17,34.48,39318,0
ALR,60,20221114,130000,34.5,34.6,34.25,34.25,12811,0
ALR,60,20221114,140000,34.25,34.6,34.17,34.6,14301,0
ALR,60,20221114,150000,34.56,34.7,34.45,34.5,21239,0
ALR,60,20221114,160000,34.56,34.8,34.5,34.8,44155,0
ALR,60,20221114,170000,34.8,34.95,34.02,34.4,99957,0
ALR,60,20221115,100000,34.65,34.76,33.4,33.58,99361,0
ALR,60,20221115,110000,33.56,33.92,33.45,33.6,25334,0
ALR,60,20221115,120000,33.58,33.75,33.18,33.75,105464,0
ALR,60,20221115,130000,33.75,33.9,33.48,33.54,36042,0
ALR,60,20221115,140000,33.5,34.06,33.5,34.06,19361,0
ALR,60,20221115,150000,34.11,34.66,34.05,34.47,29821,0
ALR,60,20221115,160000,34.41,34.6,34.21,34.51,35788,0
ALR,60,20221115,170000,34.5,34.61,34.38,34.38,42932,0
ALR,60,20221116,100000,33.79,34.02,33.16,33.4,102027,0
ALR,60,20221116,110000,33.39,33.59,33,33.12,48452,0
ALR,60,20221116,120000,33.19,33.71,33.14,33.43,55611,0
ALR,60,20221116,130000,33.4,33.8,33.14,33.75,55020,0
ALR,60,20221116,140000,33.75,33.85,33.46,33.7,36207,0
ALR,60,20221116,150000,33.63,33.75,33.51,33.53,31258,0
ALR,60,20221116,160000,33.6,33.9,33.6,33.7,25633,0
ALR,60,20221116,170000,33.78,33.9,33.69,33.69,49489,0
ALR,60,20221117,100000,33.7,33.87,33,33.07,30111,0
ALR,60,20221117,110000,33.07,33.22,32.71,32.8,58993,0
ALR,60,20221117,120000,32.74,32.96,32.71,32.78,33137,0
ALR,60,20221117,130000,32.77,32.9,32.34,32.65,37414,0
ALR,60,20221117,140000,32.69,32.69,32.47,32.49,13280,0
ALR,60,20221117,150000,32.53,32.56,32.23,32.56,32548,0
ALR,60,20221117,160000,32.56,33.2,32.56,32.81,33463,0
ALR,60,20221117,170000,32.86,33.03,32.51,32.6,53704,0
ALR,60,20221118,100000,32.72,32.72,31.64,32.55,49878,0
ALR,60,20221118,110000,32.6,33.1,32.54,32.9,24015,0
ALR,60,20221118,120000,32.98,33.65,32.86,33.46,66235,0
ALR,60,20221118,130000,33.5,33.7,33.46,33.49,32732,0
ALR,60,20221118,140000,33.49,33.49,33.05,33.25,32426,0
ALR,60,20221118,150000,33.24,33.49,33.24,33.37,22843,0
ALR,60,20221118,160000,33.39,33.39,33.1,33.15,31868,0
ALR,60,20221118,170000,33.15,33.22,32.82,33.06,56096,0
ALR,60,20221121,100000,33.25,33.25,32.64,32.93,19838,0
ALR,60,20221121,110000,32.83,33.08,32.83,32.93,9415,0
ALR,60,20221121,120000,32.93,33.2,32.9,33.01,9964,0
ALR,60,20221121,130000,32.97,32.99,32.45,32.45,15317,0
ALR,60,20221121,140000,32.48,32.63,32.33,32.51,10377,0
ALR,60,20221121,150000,32.55,32.72,32.38,32.7,22355,0
ALR,60,20221121,160000,32.64,32.66,32.41,32.64,11663,0
ALR,60,20221121,170000,32.65,32.8,32.3,32.34,32764,0
ALR,60,20221122,100000,32.29,32.62,31.8,32.6,33299,0
ALR,60,20221122,110000,32.67,32.9,32.58,32.79,14758,0
ALR,60,20221122,120000,32.8,32.82,32.48,32.48,15672,0
ALR,60,20221122,130000,32.52,32.55,32.22,32.42,15717,0
ALR,60,20221122,140000,32.42,32.55,32.39,32.55,13689,0
ALR,60,20221122,150000,32.55,32.55,32.49,32.49,21243,0
ALR,60,20221122,160000,32.54,32.56,32.3,32.56,20943,0
ALR,60,20221122,170000,32.56,32.82,32.44,32.72,27680,0
ALR,60,20221123,100000,32.6,33.18,32.58,32.89,15009,0
ALR,60,20221123,110000,32.79,32.92,32.62,32.83,143778,0
ALR,60,20221123,120000,32.81,33.06,32.7,33,13184,0
ALR,60,20221123,130000,33,33.1,32.92,33.09,7927,0
ALR,60,20221123,140000,33.1,33.2,33.09,33.16,4879,0
ALR,60,20221123,150000,33.11,33.11,32.65,33,25442,0
ALR,60,20221123,160000,33,33.19,32.92,33.03,14313,0
ALR,60,20221123,170000,33.05,33.27,32.99,33,18667,0
ALR,60,20221124,100000,33,33.6,33,33.17,21837,0
ALR,60,20221124,110000,33.19,33.69,33.19,33.42,21307,0
ALR,60,20221124,120000,33.4,33.58,33.35,33.35,3865,0
ALR,60,20221124,130000,33.43,33.44,33.17,33.39,6373,0
ALR,60,20221124,140000,33.39,33.45,33.34,33.4,6914,0
ALR,60,20221124,150000,33.42,33.69,33.24,33.69,13478,0
ALR,60,20221124,160000,33.61,33.92,33.5,33.91,17979,0
ALR,60,20221124,170000,33.92,33.98,33.8,33.84,20632,0
ALR,60,20221125,100000,34,34,33.3,33.39,30564,0
ALR,60,20221125,110000,33.48,33.84,33.4,33.51,7469,0
ALR,60,20221125,120000,33.63,33.94,33.58,33.8,8617,0
ALR,60,20221125,130000,33.8,33.88,33.57,33.57,10349,0
ALR,60,20221125,140000,33.68,33.86,33.66,33.76,4650,0
ALR,60,20221125,150000,33.75,33.75,33.4,33.67,10481,0
ALR,60,20221125,160000,33.58,33.95,33.58,33.88,15762,0
ALR,60,20221125,170000,33.93,34,33.8,33.9,16700,0
ALR,60,20221128,100000,33.9,34.11,33.31,34.09,33942,0
ALR,60,20221128,110000,34.09,34.49,33.86,34.11,18804,0
ALR,60,20221128,120000,34.11,34.46,33.86,34.44,22926,0
ALR,60,20221128,130000,34.34,34.65,34.3,34.65,44005,0
ALR,60,20221128,140000,34.6,34.65,34.2,34.42,25128,0
ALR,60,20221128,150000,34.49,34.52,34.3,34.38,22183,0
ALR,60,20221128,160000,34.3,34.77,34.12,34.52,34914,0
ALR,60,20221128,170000,34.65,34.84,34.65,34.83,53297,0
ALR,60,20221129,100000,34.83,34.83,33.91,34.29,30226,0
ALR,60,20221129,110000,34.22,34.3,34.13,34.3,12870,0
ALR,60,20221129,120000,34.35,34.68,34.35,34.54,20094,0
ALR,60,20221129,130000,34.47,34.73,34.46,34.7,6190,0
ALR,60,20221129,140000,34.7,34.8,34.6,34.61,9866,0
ALR,60,20221129,150000,34.62,34.64,34.45,34.45,10835,0
ALR,60,20221129,160000,34.51,34.8,34.47,34.8,17478,0
ALR,60,20221129,170000,34.77,34.8,34.48,34.8,40559,0
ALR,60,20221130,100000,34.8,34.9,34.3,34.62,22899,0
ALR,60,20221130,110000,34.74,35.29,34.74,35.06,37224,0
ALR,60,20221130,120000,35.07,35.7,35.05,35.6,68525,0
ALR,60,20221130,130000,35.7,36.1,35.51,36.05,67292,0
ALR,60,20221130,140000,36.05,36.35,35.9,36.35,87823,0
ALR,60,20221130,150000,36.3,36.58,36.2,36.5,44350,0
ALR,60,20221130,160000,36.5,36.62,35.97,35.97,46126,0
ALR,60,20221130,170000,35.97,36.18,35.9,36.06,113945,0
ALR,60,20221201,100000,36.5,36.56,35.37,36.03,84839,0
ALR,60,20221201,110000,36,36.2,35.6,36,38892,0
ALR,60,20221201,120000,35.96,35.98,35.45,35.51,42221,0
ALR,60,20221201,130000,35.51,35.96,35.49,35.73,40382,0
ALR,60,20221201,140000,35.73,35.75,35.58,35.67,23371,0
ALR,60,20221201,150000,35.67,36.05,35.47,35.88,60844,0
ALR,60,20221201,160000,35.88,35.94,35.46,35.46,53105,0
ALR,60,20221201,170000,35.5,35.95,35.45,35.95,74461,0
ALR,60,20221202,100000,35.8,35.8,35.1,35.6,16935,0
ALR,60,20221202,110000,35.55,35.69,35.41,35.69,10389,0
ALR,60,20221202,120000,35.62,35.8,35.6,35.8,20011,0
ALR,60,20221202,130000,35.74,35.78,35.6,35.6,10678,0
ALR,60,20221202,140000,35.6,35.6,35.3,35.48,23569,0
ALR,60,20221202,150000,35.55,35.63,35.17,35.33,28703,0
ALR,60,20221202,160000,35.33,35.6,35.15,35.51,23760,0
ALR,60,20221202,170000,35.51,35.66,35.47,35.62,31530,0
ALR,60,20221205,100000,35.52,36.09,35.48,35.95,16376,0
ALR,60,20221205,110000,35.95,36.16,35.71,36.06,22353,0
ALR,60,20221205,120000,36.03,36.12,35.79,36.09,23208,0
ALR,60,20221205,130000,36.02,36.16,36,36.14,7286,0
ALR,60,20221205,140000,36.07,36.13,35.91,36.02,6701,0
ALR,60,20221205,150000,36.02,36.04,35.81,35.87,14039,0
ALR,60,20221205,160000,35.87,36.11,35.68,35.99,50337,0
ALR,60,20221205,170000,35.99,36.07,35.82,35.98,29843,0
ALR,60,20221206,100000,35.96,35.96,35.06,35.4,25949,0
ALR,60,20221206,110000,35.38,35.44,35.04,35.04,15906,0
ALR,60,20221206,120000,35.12,35.12,34.7,34.86,24771,0
ALR,60,20221206,130000,34.8,35.06,34.77,34.98,10521,0
ALR,60,20221206,140000,34.92,35.02,34.84,34.85,6744,0
ALR,60,20221206,150000,34.86,34.9,34.72,34.75,14738,0
ALR,60,20221206,160000,34.73,34.76,34.52,34.52,55952,0
ALR,60,20221206,170000,34.54,34.55,34.26,34.26,57884,0
ALR,60,20221207,100000,34.2,34.97,33.7,34.97,34171,0
ALR,60,20221207,110000,34.97,35.04,34.8,34.8,8437,0
ALR,60,20221207,120000,34.8,34.85,34.6,34.76,7793,0
ALR,60,20221207,130000,34.84,34.87,34.61,34.68,3754,0
ALR,60,20221207,140000,34.68,34.69,34.57,34.57,6721,0
ALR,60,20221207,150000,34.63,35,34.6,34.86,6604,0
ALR,60,20221207,160000,34.84,34.91,34.32,34.51,8963,0
ALR,60,20221207,170000,34.46,34.75,34.35,34.6,57000,0
ALR,60,20221208,100000,34.6,34.66,34.26,34.66,9490,0
ALR,60,20221208,110000,34.77,34.84,34.43,34.6,15028,0
ALR,60,20221208,120000,34.64,34.66,34.35,34.42,10548,0
ALR,60,20221208,130000,34.41,34.43,34.27,34.36,7478,0
ALR,60,20221208,140000,34.36,34.38,34.22,34.25,7306,0
ALR,60,20221208,150000,34.25,34.38,34.12,34.18,19926,0
ALR,60,20221208,160000,34.18,34.18,33.85,34.13,27599,0
ALR,60,20221208,170000,34.11,34.2,34.04,34.16,26996,0
ALR,60,20221209,100000,34.2,34.3,33.87,33.99,8276,0
ALR,60,20221209,110000,34,34.03,33.88,33.91,14485,0
ALR,60,20221209,120000,33.91,33.95,33.8,33.94,9190,0
ALR,60,20221209,130000,33.9,33.91,33.75,33.75,6643,0
ALR,60,20221209,140000,33.75,34,33.75,33.98,7797,0
ALR,60,20221209,150000,33.99,33.99,33.74,33.94,11497,0
ALR,60,20221209,160000,33.96,34.07,33.82,33.85,12342,0
ALR,60,20221209,170000,33.9,34,33.83,33.99,33096,0
ALR,60,20221212,100000,33.8,33.81,33.34,33.74,14416,0
ALR,60,20221212,110000,33.81,34.29,33.78,34.15,13376,0
ALR,60,20221212,120000,34.11,34.19,33.99,34.08,14212,0
ALR,60,20221212,130000,34.06,34.13,34,34.13,13264,0
ALR,60,20221212,140000,34.15,34.15,33.91,34.1,36687,0
ALR,60,20221212,150000,34.1,34.27,34.1,34.16,10655,0
ALR,60,20221212,160000,34.16,34.23,34.1,34.1,25771,0
ALR,60,20221212,170000,34.08,34.26,34.03,34.2,20777,0
ALR,60,20221213,100000,34.21,34.4,33.92,34,40504,0
ALR,60,20221213,110000,34.03,34.1,33.9,34,23546,0
ALR,60,20221213,120000,34,34.12,33.95,34,10142,0
ALR,60,20221213,130000,34.02,34.04,33.96,34.04,6190,0
ALR,60,20221213,140000,34.04,34.1,34,34.07,13092,0
ALR,60,20221213,150000,34.07,34.45,34,34.45,69167,0
ALR,60,20221213,160000,34.44,35.14,34.4,35.12,75229,0
ALR,60,20221213,170000,35.12,35.3,34.86,34.93,72656,0
ALR,60,20221214,100000,35,35,34.6,34.75,9708,0
ALR,60,20221214,110000,34.84,35.3,34.79,35.19,49168,0
ALR,60,20221214,120000,35.19,35.4,34.93,35.33,54690,0
ALR,60,20221214,130000,35.33,35.44,35.2,35.23,26053,0
ALR,60,20221214,140000,35.25,35.39,35.03,35.09,42701,0
ALR,60,20221214,150000,35.09,35.15,35,35.13,31853,0
ALR,60,20221214,160000,35.12,35.39,35.07,35.2,64747,0
ALR,60,20221214,170000,35.24,35.25,34.94,34.94,34924,0
ALR,60,20221215,100000,34.5,34.68,34.32,34.49,26140,0
ALR,60,20221215,110000,34.4,34.57,34.3,34.54,12840,0
ALR,60,20221215,120000,34.54,34.76,34.4,34.55,26856,0
ALR,60,20221215,130000,34.51,34.61,34.5,34.58,6788,0
ALR,60,20221215,140000,34.59,34.6,34.4,34.42,24944,0
ALR,60,20221215,150000,34.42,34.43,33.88,34.03,54542,0
ALR,60,20221215,160000,34.07,34.19,33.7,33.75,16859,0
ALR,60,20221215,170000,33.75,34,33.7,33.7,198934,0
ALR,60,20221216,100000,33.86,33.86,33.27,33.33,32180,0
ALR,60,20221216,110000,33.39,33.73,33.3,33.61,32699,0
ALR,60,20221216,120000,33.54,33.61,33.4,33.48,31693,0
ALR,60,20221216,130000,33.44,33.6,33.35,33.52,12935,0
ALR,60,20221216,140000,33.52,33.6,33.4,33.48,8304,0
ALR,60,20221216,150000,33.47,33.52,33.38,33.45,8288,0
ALR,60,20221216,160000,33.45,33.78,33.38,33.38,61251,0
ALR,60,20221216,170000,33.38,33.55,33.26,33.31,150948,0
ALR,60,20221219,100000,33.31,33.8,33.24,33.5,24647,0
ALR,60,20221219,110000,33.59,33.6,33.32,33.4,18403,0
ALR,60,20221219,120000,33.4,33.59,33.36,33.36,15428,0
ALR,60,20221219,130000,33.35,33.35,33.1,33.3,16414,0
ALR,60,20221219,140000,33.37,33.38,33.26,33.3,5210,0
ALR,60,20221219,150000,33.38,33.42,33.27,33.4,21033,0
ALR,60,20221219,160000,33.4,33.65,33.38,33.65,56118,0
ALR,60,20221219,170000,33.65,33.69,33.25,33.25,45358,0
ALR,60,20221220,100000,33.1,33.3,32.85,33.21,31881,0
ALR,60,20221220,110000,33.21,33.21,33.01,33.18,19427,0
ALR,60,20221220,120000,33.2,33.2,33.01,33.19,13879,0
ALR,60,20221220,130000,33.19,33.19,33.1,33.12,22236,0
ALR,60,20221220,140000,33.17,33.2,33.13,33.16,9263,0
ALR,60,20221220,150000,33.14,33.15,32.81,32.87,47156,0
ALR,60,20221220,160000,32.92,33.06,32.78,33.06,30181,0
ALR,60,20221220,170000,33.06,33.7,32.99,33.57,102898,0
ALR,60,20221221,100000,33.42,33.62,33.16,33.54,14169,0
ALR,60,20221221,110000,33.53,33.72,33.35,33.46,12351,0
ALR,60,20221221,120000,33.45,33.46,33.2,33.32,13881,0
ALR,60,20221221,130000,33.29,33.39,33.26,33.31,19881,0
ALR,60,20221221,140000,33.31,33.67,33.24,33.67,27128,0
ALR,60,20221221,150000,33.62,33.72,33.51,33.52,34276,0
ALR,60,20221221,160000,33.61,33.94,33.56,33.68,61786,0
ALR,60,20221221,170000,33.68,33.99,33.68,33.94,45641,0
ALR,60,20221222,100000,34.1,34.78,34.1,34.5,45315,0
ALR,60,20221222,110000,34.52,34.63,34.31,34.31,11582,0
ALR,60,20221222,120000,34.31,34.34,34.15,34.15,23474,0
ALR,60,20221222,130000,34.19,34.2,34,34,7982,0
ALR,60,20221222,140000,34,34,33.61,33.9,20755,0
ALR,60,20221222,150000,33.82,34,33.79,33.96,16901,0
ALR,60,20221222,160000,33.96,34,33.68,33.68,27109,0
ALR,60,20221222,170000,33.68,33.9,33.66,33.67,17250,0
ALR,60,20221223,100000,33.68,33.9,33.38,33.51,46145,0
ALR,60,20221223,110000,33.51,33.58,33.4,33.49,4730,0
ALR,60,20221223,120000,33.49,33.6,33.45,33.51,10300,0
ALR,60,20221223,130000,33.48,33.55,33.39,33.39,2360,0
ALR,60,20221223,140000,33.48,33.48,33.18,33.3,29674,0
ALR,60,20221223,150000,33.3,33.39,33.14,33.2,26567,0
ALR,60,20221223,160000,33.19,33.29,33.05,33.19,21582,0
ALR,60,20221223,170000,33.2,33.58,33.16,33.3,36174,0
ALR,60,20221227,100000,33.65,33.79,33.31,33.33,19088,0
ALR,60,20221227,110000,33.41,33.42,33.2,33.32,20626,0
ALR,60,20221227,120000,33.32,33.37,33.26,33.3,8219,0
ALR,60,20221227,130000,33.27,33.29,32.42,32.99,76560,0
ALR,60,20221227,140000,32.92,32.97,32.64,32.79,27484,0
ALR,60,20221227,150000,32.8,33.14,32.75,33.03,99217,0
ALR,60,20221227,160000,33.02,33.09,32.72,32.75,23266,0
ALR,60,20221227,170000,32.74,33,32.72,33,49273,0
ALR,60,20221228,100000,32.92,33.27,32.59,33.26,23099,0
ALR,60,20221228,110000,33.28,33.41,33.14,33.28,16709,0
ALR,60,20221228,120000,33.3,33.44,33.22,33.27,11990,0
ALR,60,20221228,130000,33.3,33.58,33.2,33.55,21624,0
ALR,60,20221228,140000,33.56,33.69,33.5,33.6,24456,0
ALR,60,20221228,150000,33.64,33.9,33.55,33.77,47272,0
ALR,60,20221228,160000,33.79,33.79,33.61,33.61,31817,0
ALR,60,20221228,170000,33.63,33.64,33.17,33.25,123082,0
ALR,60,20221229,100000,33.2,33.65,33.04,33.63,11628,0
ALR,60,20221229,110000,33.63,33.76,33.5,33.5,8390,0
ALR,60,20221229,120000,33.5,33.84,33.44,33.84,7982,0
ALR,60,20221229,130000,33.77,33.83,33.7,33.77,3003,0
ALR,60,20221229,140000,33.7,33.78,33.68,33.78,6407,0
ALR,60,20221229,150000,33.78,33.78,33.56,33.78,7499,0
ALR,60,20221229,160000,33.77,34,33.56,33.99,29609,0
ALR,60,20221229,170000,34,34.27,33.93,34.15,23271,0
ALR,60,20221230,100000,34.01,34.15,33.8,33.8,18497,0
ALR,60,20221230,110000,33.78,34.02,33.76,33.88,14178,0
ALR,60,20221230,120000,33.9,33.98,33.78,33.94,4539,0
ALR,60,20221230,130000,33.91,34.18,33.82,33.93,20496,0
ALR,60,20221230,140000,33.97,34.06,33.9,34.06,6728,0
ALR,60,20221230,150000,34.01,34.41,34,34.3,13530,0
ALR,60,20221230,160000,34.26,34.32,34.1,34.12,22705,0
ALR,60,20221230,170000,34.15,34.32,34.15,34.27,41208,0
ALR,60,20230102,100000,34.27,34.93,34.01,34.93,37460,0
ALR,60,20230102,110000,34.93,34.94,34.6,34.61,8337,0
ALR,60,20230102,120000,34.75,34.8,34.5,34.54,11086,0
ALR,60,20230102,130000,34.5,34.58,34.48,34.58,2629,0
ALR,60,20230102,140000,34.5,34.63,34.4,34.63,5701,0
ALR,60,20230102,150000,34.63,34.63,34.31,34.38,28028,0
ALR,60,20230102,160000,34.39,34.5,34.39,34.46,3816,0
ALR,60,20230102,170000,34.41,34.7,34.41,34.7,14288,0
ALR,60,20230103,100000,34.94,35.35,34.7,35.35,34760,0
ALR,60,20230103,110000,35.35,35.86,35.25,35.86,30280,0
ALR,60,20230103,120000,35.8,37.7,35.8,37.6,179713,0
ALR,60,20230103,130000,37.6,38.43,37.53,38.13,161978,0
ALR,60,20230103,140000,38.13,38.52,37.91,38.4,138056,0
ALR,60,20230103,150000,38.47,39.69,38.28,39.64,115959,0
ALR,60,20230103,160000,39.6,39.63,38.8,38.84,55875,0
ALR,60,20230103,170000,38.9,38.95,37.89,38.39,160720,0
ALR,60,20230104,100000,38.39,40.79,38.3,40.7,162543,0
ALR,60,20230104,110000,40.7,40.77,39.99,40.5,138095,0
ALR,60,20230104,120000,40.5,40.55,40.25,40.25,29761,0
ALR,60,20230104,130000,40.29,40.43,40.05,40.05,18515,0
ALR,60,20230104,140000,40.02,40.36,39.86,40.36,24194,0
ALR,60,20230104,150000,40.37,40.42,40.2,40.41,16110,0
ALR,60,20230104,160000,40.4,41.21,40.31,40.95,101622,0
ALR,60,20230104,170000,40.9,41.05,40.27,41.05,86505,0
ALR,60,20230105,100000,40.9,41.79,40.36,41.6,97826,0
ALR,60,20230105,110000,41.6,42.23,41.56,41.72,78731,0
ALR,60,20230105,120000,41.8,42.05,41.58,41.65,55652,0
ALR,60,20230105,130000,41.65,41.85,41.58,41.65,23081,0
ALR,60,20230105,140000,41.61,41.65,40.8,40.9,135201,0
ALR,60,20230105,150000,41,41.39,40.59,41.28,173855,0
ALR,60,20230105,160000,41.32,41.89,41.28,41.78,49359,0
ALR,60,20230105,170000,41.78,42.2,41.66,41.72,67198,0
ALR,60,20230109,100000,42.1,43.4,42.1,42.56,62541,0
ALR,60,20230109,110000,42.58,43.19,42.58,42.95,47791,0
ALR,60,20230109,120000,43.06,43.25,42.87,43.08,32067,0
ALR,60,20230109,130000,43.05,43.12,42.96,43.1,29453,0
ALR,60,20230109,140000,43.1,43.13,42.87,42.96,53746,0
ALR,60,20230109,150000,42.9,42.97,42.46,42.55,66224,0
ALR,60,20230109,160000,42.56,43.14,42.5,43,48240,0
ALR,60,20230109,170000,43,43,42.7,42.95,87362,0
ALR,60,20230110,100000,42.8,43,42.2,42.72,37585,0
ALR,60,20230110,110000,42.8,43,42.78,42.94,30996,0
ALR,60,20230110,120000,42.94,43.37,42.87,42.88,55326,0
ALR,60,20230110,130000,42.9,42.99,42.7,42.99,20686,0
ALR,60,20230110,140000,42.88,43,42.83,42.83,19487,0
ALR,60,20230110,150000,42.9,43,42.83,43,19734,0
ALR,60,20230110,160000,43,43.4,43,43.39,21907,0
ALR,60,20230110,170000,43.39,43.7,43.29,43.48,29076,0
ALR,60,20230111,100000,43.58,44.22,43.52,43.6,33832,0
ALR,60,20230111,110000,43.6,43.74,42.31,42.8,69341,0
ALR,60,20230111,120000,42.9,43.3,42.8,42.81,18294,0
ALR,60,20230111,130000,42.8,42.8,42.1,42.1,43009,0
ALR,60,20230111,140000,42.1,42.25,42.05,42.12,34195,0
ALR,60,20230111,150000,42.13,42.2,42.06,42.14,26693,0
ALR,60,20230111,160000,42.14,42.15,41.72,42.1,45400,0
ALR,60,20230111,170000,42.12,42.12,41.69,41.71,52721,0
ALR,60,20230112,100000,41.8,42.54,41.6,42.54,43678,0
ALR,60,20230112,110000,42.54,42.76,42.41,42.73,33239,0
ALR,60,20230112,120000,42.69,42.92,42.51,42.9,29345,0
ALR,60,20230112,130000,42.9,43.15,42.82,42.91,25533,0
ALR,60,20230112,140000,42.87,43.05,42.77,43,15869,0
ALR,60,20230112,150000,43,43.21,42.5,42.85,48194,0
ALR,60,20230112,160000,42.99,43.12,42.25,42.73,44432,0
ALR,60,20230112,170000,42.72,42.78,42.41,42.42,42013,0
ALR,60,20230113,100000,42.3,42.84,42.1,42.19,25364,0
ALR,60,20230113,110000,42.3,42.56,42.2,42.35,8677,0
ALR,60,20230113,120000,42.35,42.76,42.31,42.76,26923,0
ALR,60,20230113,130000,42.71,42.76,42.5,42.6,11397,0
ALR,60,20230113,140000,42.6,42.61,42.05,42.05,28533,0
ALR,60,20230113,150000,42.06,42.15,42,42,33970,0
ALR,60,20230113,160000,42,42.3,42,42.12,48969,0
ALR,60,20230113,170000,42.2,42.2,42.03,42.09,26900,0
ALR,60,20230116,100000,41.9,42.26,41.7,42,19114,0
ALR,60,20230116,110000,42,42.27,42,42.26,13022,0
ALR,60,20230116,120000,42.11,42.11,42,42.1,8108,0
ALR,60,20230116,130000,42.1,42.1,41.87,41.96,51428,0
ALR,60,20230116,140000,41.92,42.1,41.9,42.1,55880,0
ALR,60,20230116,150000,42.07,42.52,42.03,42.52,44228,0
ALR,60,20230116,160000,42.52,42.53,42.35,42.51,18619,0
ALR,60,20230116,170000,42.5,42.7,42.2,42.44,26624,0
ALR,60,20230117,100000,42.6,42.7,41.7,41.72,41637,0
ALR,60,20230117,110000,41.81,42,41.7,41.7,19994,0
ALR,60,20230117,120000,41.83,41.9,41.7,41.72,16182,0
ALR,60,20230117,130000,41.72,41.84,41.64,41.64,24083,0
ALR,60,20230117,140000,41.7,41.8,41.5,41.8,17053,0
ALR,60,20230117,150000,41.8,42.12,41.71,42.02,6721,0
ALR,60,20230117,160000,42.1,42.16,41.9,42.05,13996,0
ALR,60,20230117,170000,42.13,42.32,41.8,42,25414,0
ALR,60,20230118,100000,42,42.28,41.7,42.02,34533,0
ALR,60,20230118,110000,42.02,42.1,41.7,41.7,14443,0
ALR,60,20230118,120000,41.7,41.75,41.37,41.37,29766,0
ALR,60,20230118,130000,41.32,41.38,41.04,41.08,18402,0
ALR,60,20230118,140000,41.04,41.24,40.75,41.14,31389,0
ALR,60,20230118,150000,41.14,41.46,41.04,41.27,13092,0
ALR,60,20230118,160000,41.33,41.72,41.25,41.38,18320,0
ALR,60,20230118,170000,41.42,41.47,40.75,40.75,51077,0
ALR,60,20230119,100000,40.2,40.6,38.8,40.02,61643,0
ALR,60,20230119,110000,40.02,40.1,39.52,39.55,22523,0
ALR,60,20230119,120000,39.5,39.7,39.21,39.47,34124,0
ALR,60,20230119,130000,39.59,39.59,39.11,39.38,25426,0
ALR,60,20230119,140000,39.38,39.51,39.13,39.24,24077,0
ALR,60,20230119,150000,39.24,39.28,39.1,39.2,13429,0
ALR,60,20230119,160000,39.27,40.03,39.05,39.98,66163,0
ALR,60,20230119,170000,39.95,40.01,39.72,39.76,106842,0
ALR,60,20230120,100000,40.19,40.19,39.59,40.09,32100,0
ALR,60,20230120,110000,40.09,40.29,39.81,40,23480,0
ALR,60,20230120,120000,40,40,39.35,39.53,30421,0
ALR,60,20230120,130000,39.48,39.53,39.02,39.11,20628,0
ALR,60,20230120,140000,39.11,39.63,39.03,39.55,22028,0
ALR,60,20230120,150000,39.52,39.62,39.35,39.36,20455,0
ALR,60,20230120,160000,39.35,39.71,39.2,39.7,25528,0
ALR,60,20230120,170000,39.77,40.67,39.77,40.52,107751,0
ALR,60,20230123,100000,40.72,40.98,40.03,40.29,17254,0
ALR,60,20230123,110000,40.15,40.2,39.77,40.14,15464,0
ALR,60,20230123,120000,40.14,40.85,40.1,40.7,17550,0
ALR,60,20230123,130000,40.7,40.84,40.42,40.66,11844,0
ALR,60,20230123,140000,40.65,40.95,40.65,40.77,17342,0
ALR,60,20230123,150000,40.82,40.82,40.31,40.31,7210,0
ALR,60,20230123,160000,40.31,40.61,40.22,40.42,13746,0
ALR,60,20230123,170000,40.48,40.71,40.39,40.54,29027,0
ALR,60,20230124,100000,40.7,41.12,40.67,41,40873,0
ALR,60,20230124,110000,41,41.09,40.72,40.73,15806,0
ALR,60,20230124,120000,40.79,40.79,40.3,40.65,38596,0
ALR,60,20230124,130000,40.6,40.6,40.22,40.26,12247,0
ALR,60,20230124,140000,40.26,40.55,40.22,40.32,11628,0
ALR,60,20230124,150000,40.22,40.38,40.22,40.22,10592,0
ALR,60,20230124,160000,40.21,40.39,39.94,40.19,22250,0
ALR,60,20230124,170000,40.2,40.41,40.11,40.31,28594,0
ALR,60,20230125,100000,39.8,39.8,37.7,38.51,227132,0
ALR,60,20230125,110000,38.5,38.99,38.26,38.68,46721,0
ALR,60,20230125,120000,38.77,39.05,38.4,38.98,25971,0
ALR,60,20230125,130000,39,39.17,38.65,39.17,21936,0
ALR,60,20230125,140000,39.05,39.35,39.04,39.12,9587,0
ALR,60,20230125,150000,39.12,39.12,38.58,38.61,20714,0
ALR,60,20230125,160000,38.62,38.71,38.42,38.61,36161,0
ALR,60,20230125,170000,38.64,38.64,38.3,38.49,56467,0
ALR,60,20230126,100000,38.8,39.43,37.53,38.09,98518,0
ALR,60,20230126,110000,38.01,38.4,37.89,38.32,26749,0
ALR,60,20230126,120000,38.4,38.48,38.19,38.27,10266,0
ALR,60,20230126,130000,38.32,38.32,38.09,38.2,16235,0
ALR,60,20230126,140000,38.21,38.8,38,38.61,32008,0
ALR,60,20230126,150000,38.68,38.8,38.25,38.76,25473,0
ALR,60,20230126,160000,38.68,38.84,38.5,38.64,24709,0
ALR,60,20230126,170000,38.56,38.87,38.5,38.8,36075,0
ALR,60,20230127,100000,39.2,39.2,38.5,38.76,16187,0
ALR,60,20230127,110000,38.65,39,38.51,38.88,17401,0
ALR,60,20230127,120000,38.81,38.88,38.56,38.72,5646,0
ALR,60,20230127,130000,38.68,38.95,38.68,38.76,11021,0
ALR,60,20230127,140000,38.72,38.9,38.63,38.64,15956,0
ALR,60,20230127,150000,38.7,38.85,38.7,38.72,11399,0
ALR,60,20230127,160000,38.79,39.15,38.77,39.02,18971,0
ALR,60,20230127,170000,39.03,39.03,38.58,38.8,27083,0
ALR,60,20230130,100000,38.49,38.49,37.6,37.73,35158,0
ALR,60,20230130,110000,37.71,37.75,37.52,37.58,22790,0
ALR,60,20230130,120000,37.65,37.68,37.39,37.66,24888,0
ALR,60,20230130,130000,37.56,37.66,37.38,37.4,25454,0
ALR,60,20230130,140000,37.49,37.57,37.4,37.41,11243,0
ALR,60,20230130,150000,37.43,37.57,37.3,37.37,19568,0
ALR,60,20230130,160000,37.37,37.57,37.33,37.36,42883,0
ALR,60,20230130,170000,37.36,37.45,37.04,37.06,55654,0
ALR,60,20230131,100000,37.2,37.87,37.2,37.84,41128,0
ALR,60,20230131,110000,37.83,38.39,37.83,38.39,36311,0
ALR,60,20230131,120000,38.33,38.7,38.2,38.6,23461,0
ALR,60,20230131,130000,38.58,38.85,38.34,38.85,29655,0
ALR,60,20230131,140000,38.85,38.99,38.76,38.89,26866,0
ALR,60,20230131,150000,38.96,39.27,38.84,39.18,54516,0
ALR,60,20230131,160000,39.14,39.27,39.07,39.13,34682,0
ALR,60,20230131,170000,39.08,39.2,38.64,39.19,95774,0
ALR,60,20230201,100000,39.2,39.72,38.8,39.11,86524,0
ALR,60,20230201,110000,39.13,39.16,38.4,38.42,45394,0
ALR,60,20230201,120000,38.49,39.09,38.47,38.99,40222,0
ALR,60,20230201,130000,38.99,39.92,38.95,39.92,80889,0
ALR,60,20230201,140000,39.94,39.95,39.59,39.91,21022,0
ALR,60,20230201,150000,39.94,40.18,39.59,39.59,19726,0
ALR,60,20230201,160000,39.66,39.82,39.42,39.5,33543,0
ALR,60,20230201,170000,39.51,39.57,39.22,39.25,145951,0
ALR,60,20230202,100000,40,40.98,39.62,39.72,87206,0
ALR,60,20230202,110000,39.77,40.09,39.65,39.96,17353,0
ALR,60,20230202,120000,40.01,40.43,39.95,40.19,52863,0
ALR,60,20230202,130000,40.16,40.32,40,40.29,19741,0
ALR,60,20230202,140000,40.29,40.29,40,40.22,18327,0
ALR,60,20230202,150000,40.15,40.45,40.1,40.4,21103,0
ALR,60,20230202,160000,40.31,40.31,39.82,39.82,33043,0
ALR,60,20230202,170000,39.82,39.98,39.49,39.81,71996,0
ALR,60,20230203,100000,39.96,39.96,39.41,39.74,20834,0
ALR,60,20230203,110000,39.74,40.62,39.64,40.49,33912,0
ALR,60,20230203,120000,40.35,40.35,40.11,40.12,10041,0
ALR,60,20230203,130000,40.18,40.18,39.8,39.8,18683,0
ALR,60,20230203,140000,39.89,39.98,39.84,39.98,10637,0
ALR,60,20230203,150000,39.99,40.02,39.83,39.97,11567,0
ALR,60,20230203,160000,40.03,40.18,39.91,39.94,11720,0
ALR,60,20230203,170000,39.93,40.25,39.81,40.2,26325,0
ALR,60,20230206,100000,40,40.31,39.68,39.74,18172,0
ALR,60,20230206,110000,39.78,39.87,39.52,39.52,13777,0
ALR,60,20230206,120000,39.52,39.52,39.17,39.35,12562,0
ALR,60,20230206,130000,39.26,39.46,39.21,39.38,9192,0
ALR,60,20230206,140000,39.4,39.42,39.26,39.4,8180,0
ALR,60,20230206,150000,39.4,39.45,39,39.07,17922,0
ALR,60,20230206,160000,39.07,39.14,39,39.06,34107,0
ALR,60,20230206,170000,39.01,39.24,39,39.1,32619,0
ALR,60,20230207,100000,39.01,39.5,38.53,38.53,44933,0
ALR,60,20230207,110000,38.52,39.11,38.52,39.06,11562,0
ALR,60,20230207,120000,39.1,39.1,38.88,38.96,4027,0
ALR,60,20230207,130000,38.9,38.96,38.62,38.72,7099,0
ALR,60,20230207,140000,38.74,39.01,38.74,38.95,15335,0
ALR,60,20230207,150000,38.95,39.01,38.82,38.9,3577,0
ALR,60,20230207,160000,38.95,39.05,38.86,39,16151,0
ALR,60,20230207,170000,38.98,39.16,38.92,39.09,12437,0
ALR,60,20230208,100000,39.53,39.62,39.35,39.44,15529,0
ALR,60,20230208,110000,39.5,39.5,39.05,39.09,8610,0
ALR,60,20230208,120000,39.09,39.33,39.02,39.02,9235,0
ALR,60,20230208,130000,39.05,39.08,38.83,38.97,27582,0
ALR,60,20230208,140000,38.98,39,38.73,38.86,20603,0
ALR,60,20230208,150000,38.89,39,38.82,38.89,8191,0
ALR,60,20230208,160000,38.85,38.85,38.72,38.78,12084,0
ALR,60,20230208,170000,38.72,39,38.71,38.94,30008,0
ALR,60,20230209,100000,39.2,40.25,39.08,40.25,63004,0
ALR,60,20230209,110000,40.25,40.82,40.08,40.63,91524,0
ALR,60,20230209,120000,40.69,41.22,40.65,41.05,47341,0
ALR,60,20230209,130000,41.05,41.05,40.62,40.65,8489,0
ALR,60,20230209,140000,40.64,41.1,40.62,40.95,25019,0
ALR,60,20230209,150000,40.95,41.05,40.93,40.93,13147,0
ALR,60,20230209,160000,40.93,40.93,40.43,40.44,16974,0
ALR,60,20230209,170000,40.43,40.53,40.2,40.53,26023,0
ALR,60,20230210,100000,40,40,39.7,39.94,14438,0
ALR,60,20230210,110000,39.95,40.17,39.63,39.66,14892,0
ALR,60,20230210,120000,39.65,39.69,39.15,39.2,22010,0
ALR,60,20230210,130000,39.2,39.2,38.75,38.89,33953,0
ALR,60,20230210,140000,38.89,39.11,38.82,38.96,12944,0
ALR,60,20230210,150000,38.95,39.27,38.42,38.68,74224,0
ALR,60,20230210,160000,38.65,38.9,38.57,38.9,30428,0
ALR,60,20230210,170000,38.85,39.09,38.71,38.87,50671,0
ALR,60,20230213,100000,38.8,39.2,38.65,39.2,28597,0
ALR,60,20230213,110000,39.19,39.48,38.91,39.05,11572,0
ALR,60,20230213,120000,39.07,39.24,38.63,38.63,20286,0
ALR,60,20230213,130000,38.7,38.83,38.62,38.82,5177,0
ALR,60,20230213,140000,38.76,38.98,38.63,38.98,8803,0
ALR,60,20230213,150000,38.91,38.91,38.64,38.71,7437,0
ALR,60,20230213,160000,38.74,38.91,38.47,38.91,11607,0
ALR,60,20230213,170000,38.97,38.97,38.65,38.8,13211,0
ALR,60,20230214,100000,39,39.24,38.9,39.1,9372,0
ALR,60,20230214,110000,39.13,39.25,38.9,38.95,9666,0
ALR,60,20230214,120000,38.89,40,38.88,40,34011,0
ALR,60,20230214,130000,40,40,39.44,39.44,21236,0
ALR,60,20230214,140000,39.48,39.73,39.33,39.7,9344,0
ALR,60,20230214,150000,39.7,39.78,39.2,39.43,24236,0
ALR,60,20230214,160000,39.46,39.46,39.02,39.46,7412,0
ALR,60,20230214,170000,39.45,39.68,39.15,39.37,21412,0
ALR,60,20230215,100000,39.4,39.63,39.07,39.4,8066,0
ALR,60,20230215,110000,39.47,39.63,39.38,39.42,8330,0
ALR,60,20230215,120000,39.45,39.58,39.41,39.45,14289,0
ALR,60,20230215,130000,39.47,39.89,39.47,39.71,26523,0
ALR,60,20230215,140000,39.72,39.9,39.72,39.9,11114,0
ALR,60,20230215,150000,39.91,39.98,39.62,39.69,10351,0
ALR,60,20230215,160000,39.6,39.6,39.3,39.3,22508,0
ALR,60,20230215,170000,39.45,39.74,39.35,39.52,29093,0
ALR,60,20230216,100000,39.64,39.93,39.33,39.7,13014,0
ALR,60,20230216,110000,39.69,39.77,38.09,38.86,98765,0
ALR,60,20230216,120000,39,39.36,38.7,39.05,57706,0
ALR,60,20230216,130000,39.19,39.69,39,39.51,27760,0
ALR,60,20230216,140000,39.51,39.8,39.42,39.8,16292,0
ALR,60,20230216,150000,39.8,39.91,39.58,39.82,21096,0
ALR,60,20230216,160000,39.76,40.5,39.76,40.48,74723,0
ALR,60,20230216,170000,40.5,40.89,40.42,40.8,59941,0
ALR,60,20230217,100000,40.05,40.51,39.58,40.24,29234,0
ALR,60,20230217,110000,40.14,40.44,39.99,40.29,16950,0
ALR,60,20230217,120000,40.26,40.3,39.97,40.06,4804,0
ALR,60,20230217,130000,40,40.04,39.81,39.99,5221,0
ALR,60,20230217,140000,40,40.2,39.95,40.14,4796,0
ALR,60,20230217,150000,40.04,40.04,39.72,39.75,5778,0
ALR,60,20230217,160000,39.75,39.95,39.56,39.64,16882,0
ALR,60,20230217,170000,39.64,39.91,39.6,39.84,14052,0
ALR,60,20230220,100000,39.7,39.74,39.07,39.07,17574,0
ALR,60,20230220,110000,39.16,39.3,39.07,39.26,22030,0
ALR,60,20230220,120000,39.16,39.28,39.15,39.21,6166,0
ALR,60,20230220,130000,39.21,39.39,39.15,39.28,8506,0
ALR,60,20230220,140000,39.3,39.3,39.16,39.23,3012,0
ALR,60,20230220,150000,39.24,39.59,38.95,39.5,89219,0
ALR,60,20230220,160000,39.5,39.6,39.3,39.3,11567,0
ALR,60,20230220,170000,39.3,39.59,39.23,39.46,17818,0
ALR,60,20230221,100000,39.7,39.7,38.62,38.79,17963,0
ALR,60,20230221,110000,38.68,39.06,38.47,39,15927,0
ALR,60,20230221,120000,39,39.04,38.8,38.8,9913,0
ALR,60,20230221,130000,38.8,38.96,38.8,38.89,21518,0
ALR,60,20230221,140000,38.89,38.91,38.53,38.78,48414,0
ALR,60,20230221,150000,38.78,38.78,38.6,38.7,24959,0
ALR,60,20230221,160000,38.7,38.96,38.62,38.83,18063,0
ALR,60,20230221,170000,38.78,39.09,38.72,39,27656,0
ALR,60,20230222,100000,38.58,38.89,37.8,37.92,35205,0
ALR,60,20230222,110000,37.9,38.32,37.82,38.19,19034,0
ALR,60,20230222,120000,38.32,38.32,38,38.11,10458,0
ALR,60,20230222,130000,38.17,38.48,38.05,38.1,26622,0
ALR,60,20230222,140000,38.2,38.34,38.1,38.1,28623,0
ALR,60,20230222,150000,38.1,38.37,38.1,38.31,12872,0
ALR,60,20230222,160000,38.35,38.59,38.3,38.55,7021,0
ALR,60,20230222,170000,38.45,38.59,38.25,38.5,12474,0
ALR,60,20230223,100000,38.22,39.14,38.22,38.97,12390,0
ALR,60,20230223,110000,38.96,38.97,38.77,38.8,3649,0
ALR,60,20230223,120000,38.85,39,38.83,38.9,5557,0
ALR,60,20230223,130000,38.86,38.96,38.79,38.91,3227,0
ALR,60,20230223,140000,38.89,39.02,38.83,38.96,6938,0
ALR,60,20230223,150000,38.91,38.99,38.82,38.82,5764,0
ALR,60,20230223,160000,38.8,39,38.77,38.97,11476,0
ALR,60,20230223,170000,38.99,39.07,38.81,39.07,31457,0
ALR,60,20230224,100000,39.25,39.59,39.01,39.23,19643,0
ALR,60,20230224,110000,39.3,39.79,39.24,39.52,22218,0
ALR,60,20230224,120000,39.52,39.8,39.51,39.76,11387,0
ALR,60,20230224,130000,39.76,39.9,39.5,39.53,16831,0
ALR,60,20230224,140000,39.6,39.73,39.5,39.51,6641,0
ALR,60,20230224,150000,39.56,39.72,39.2,39.44,26230,0
ALR,60,20230224,160000,39.39,39.64,39.39,39.61,40763,0
ALR,60,20230224,170000,39.59,39.72,39.5,39.72,42529,0
ALR,60,20230227,100000,39.7,39.71,39.17,39.71,12278,0
ALR,60,20230227,110000,39.57,39.57,39.5,39.5,9662,0
ALR,60,20230227,120000,39.44,39.45,39.3,39.31,11375,0
ALR,60,20230227,130000,39.32,39.6,39.3,39.49,4280,0
ALR,60,20230227,140000,39.37,39.56,39.37,39.46,3432,0
ALR,60,20230227,150000,39.38,39.9,39.35,39.77,9440,0
ALR,60,20230227,160000,39.72,39.77,39.61,39.61,3470,0
ALR,60,20230227,170000,39.53,39.9,39.53,39.82,16159,0
ALR,60,20230228,100000,39.8,40.4,39.5,40.32,33345,0
ALR,60,20230228,110000,40.36,40.48,40.11,40.35,8240,0
ALR,60,20230228,120000,40.39,40.81,40.39,40.8,28140,0
ALR,60,20230228,130000,40.84,41,40.65,40.99,18232,0
ALR,60,20230228,140000,40.94,41.35,40.88,41.24,37249,0
ALR,60,20230228,150000,41.25,41.28,40.82,40.93,27889,0
ALR,60,20230228,160000,40.87,41.09,40.73,40.89,11983,0
ALR,60,20230228,170000,40.88,41.02,40.61,40.61,62548,0
ALR,60,20230301,100000,40.9,41.4,40.6,41.37,31986,0
ALR,60,20230301,110000,41.39,41.42,40.91,41.26,18131,0
ALR,60,20230301,120000,41.25,41.26,41.05,41.15,8217,0
ALR,60,20230301,130000,41.13,41.2,40.77,40.77,3466,0
ALR,60,20230301,140000,40.86,40.94,40.81,40.81,1828,0
ALR,60,20230301,150000,40.81,40.85,40.6,40.65,5978,0
ALR,60,20230301,160000,40.64,40.64,40.37,40.4,8825,0
ALR,60,20230301,170000,40.48,40.56,40.25,40.25,32445,0
ALR,60,20230302,100000,40,40,39.5,39.83,27069,0
ALR,60,20230302,110000,39.79,39.94,39.4,39.5,45114,0
ALR,60,20230302,120000,39.5,39.76,39.41,39.7,14517,0
ALR,60,20230302,130000,39.7,39.75,39.42,39.43,27277,0
ALR,60,20230302,140000,39.5,39.55,39.46,39.5,9351,0
ALR,60,20230302,150000,39.5,39.55,39.41,39.45,12359,0
ALR,60,20230302,160000,39.45,39.69,39.38,39.6,33609,0
ALR,60,20230302,170000,39.6,39.81,39.5,39.6,52891,0
ALR,60,20230303,100000,40.1,40.54,39.2,39.82,61944,0
ALR,60,20230303,110000,39.82,39.98,39.37,39.37,32572,0
ALR,60,20230303,120000,39.37,39.5,39.1,39.46,56074,0
ALR,60,20230303,130000,39.46,39.46,39.18,39.24,10583,0
ALR,60,20230303,140000,39.24,39.47,39.18,39.25,40830,0
ALR,60,20230303,150000,39.3,39.51,39.15,39.37,27629,0
ALR,60,20230303,160000,39.35,39.66,39.23,39.38,49200,0
ALR,60,20230303,170000,39.41,39.87,39.33,39.5,34058,0
ALR,60,20230306,100000,39.8,40.52,39.8,40.42,39399,0
ALR,60,20230306,110000,40.41,40.5,40.3,40.41,7998,0
ALR,60,20230306,120000,40.33,40.69,40.22,40.35,31154,0
ALR,60,20230306,130000,40.28,40.35,39.86,39.91,16544,0
ALR,60,20230306,140000,39.91,40.29,39.91,40.19,20673,0
ALR,60,20230306,150000,40.17,40.3,40.04,40.2,16885,0
ALR,60,20230306,160000,40.15,40.15,39.96,40.13,21339,0
ALR,60,20230306,170000,40.12,40.74,40.03,40.48,68238,0
ALR,60,20230307,100000,40.48,41.01,40.35,40.35,26010,0
ALR,60,20230307,110000,40.32,41.2,40.3,41.18,25740,0
ALR,60,20230307,120000,41.08,41.8,41.08,41.53,52920,0
ALR,60,20230307,130000,41.57,41.82,41.47,41.56,31541,0
ALR,60,20230307,140000,41.56,41.56,41.16,41.22,19604,0
ALR,60,20230307,150000,41.22,41.59,41.15,41.52,19637,0
ALR,60,20230307,160000,41.52,41.9,41.5,41.82,46221,0
ALR,60,20230307,170000,41.82,41.82,41.02,41.02,60842,0
ALR,60,20230308,100000,40.94,41.4,40.6,41.25,17840,0
ALR,60,20230308,110000,41.24,41.25,40.8,41.05,10251,0
ALR,60,20230308,120000,41.07,41.08,40.8,40.99,7552,0
ALR,60,20230308,130000,41.03,41.24,40.97,41.18,9016,0
ALR,60,20230308,140000,41.21,41.28,40.98,40.98,4538,0
ALR,60,20230308,150000,40.98,41.2,40.86,40.96,14691,0
ALR,60,20230308,160000,40.96,41.4,40.96,41.4,16787,0
ALR,60,20230308,170000,41.34,42.02,41.22,41.75,121152,0
ALR,60,20230309,100000,42.1,42.1,41.26,41.52,34859,0
ALR,60,20230309,110000,41.52,41.63,41.21,41.21,11429,0
ALR,60,20230309,120000,41.23,41.33,41.04,41.14,11871,0
ALR,60,20230309,130000,41.15,41.37,41.1,41.25,12148,0
ALR,60,20230309,140000,41.21,41.26,41.05,41.09,6080,0
ALR,60,20230309,150000,41.15,41.4,41.05,41.25,13548,0
ALR,60,20230309,160000,41.31,41.69,41.3,41.4,22926,0
ALR,60,20230309,170000,41.41,41.41,41,41,32797,0
ALR,60,20230310,100000,40.19,40.19,39.55,39.9,66412,0
ALR,60,20230310,110000,39.87,40.15,39.76,39.76,21983,0
ALR,60,20230310,120000,39.74,39.81,39.51,39.59,23390,0
ALR,60,20230310,130000,39.59,39.6,39.3,39.49,32788,0
ALR,60,20230310,140000,39.51,39.53,38.94,39.22,56217,0
ALR,60,20230310,150000,39.12,39.6,38.87,39.55,42320,0
ALR,60,20230310,160000,39.49,39.49,38.8,39.11,42376,0
ALR,60,20230310,170000,39.14,39.6,39.11,39.34,39098,0
ALR,60,20230313,100000,39.26,39.95,37.96,38.1,54242,0
ALR,60,20230313,110000,38.09,38.28,37.15,37.7,68142,0
ALR,60,20230313,120000,37.64,37.83,36.89,37.64,93764,0
ALR,60,20230313,130000,37.6,38.59,37.6,38.48,94192,0
ALR,60,20230313,140000,38.26,38.56,37.84,38.03,33438,0
ALR,60,20230313,150000,38.02,38.17,37.64,37.94,39744,0
ALR,60,20230313,160000,38,38.89,38,38.82,44705,0
ALR,60,20230313,170000,38.84,38.99,38.37,38.5,48894,0
ALR,60,20230314,100000,38.2,38.49,37.8,38.4,45153,0
ALR,60,20230314,110000,38.28,38.28,37.9,38.15,21123,0
ALR,60,20230314,120000,38.15,38.49,38.1,38.34,17707,0
ALR,60,20230314,130000,38.38,38.7,38.3,38.32,19815,0
ALR,60,20230314,140000,38.21,39.28,38.21,39.21,23584,0
ALR,60,20230314,150000,39.12,39.54,39.01,39.33,27766,0
ALR,60,20230314,160000,39.34,39.46,38.82,38.92,35787,0
ALR,60,20230314,170000,38.88,39.04,38.81,39.02,30745,0
ALR,60,20230315,100000,39.01,39.5,38.61,38.62,15579,0
ALR,60,20230315,110000,38.78,39,37.8,37.92,31157,0
ALR,60,20230315,120000,37.83,37.94,36.66,37.06,93675,0
ALR,60,20230315,130000,37.06,37.18,36.68,36.86,47669,0
ALR,60,20230315,140000,36.97,36.97,36.25,36.31,58945,0
ALR,60,20230315,150000,36.31,36.9,36.28,36.75,50157,0
ALR,60,20230315,160000,36.49,37.16,36.49,36.82,51407,0
ALR,60,20230315,170000,36.98,37.14,36.61,36.88,55616,0
ALR,60,20230316,100000,37.2,37.79,36.88,37.04,71514,0
ALR,60,20230316,110000,37.03,37.03,36.3,36.55,33394,0
ALR,60,20230316,120000,36.55,36.61,36.02,36.18,24472,0
ALR,60,20230316,130000,36.18,36.18,35.8,35.87,49215,0
ALR,60,20230316,140000,35.88,36.13,35.8,35.99,46300,0
ALR,60,20230316,150000,36.06,36.23,35.8,36.23,51104,0
ALR,60,20230316,160000,36.24,36.29,35.64,36.29,63452,0
ALR,60,20230316,170000,36.3,36.7,36.1,36.66,70449,0
ALR,60,20230317,100000,37.54,37.6,36.62,36.69,63742,0
ALR,60,20230317,110000,36.69,36.99,36.24,36.4,63577,0
ALR,60,20230317,120000,36.44,36.52,36.05,36.11,46609,0
ALR,60,20230317,130000,36.08,36.25,35.55,35.89,60553,0
ALR,60,20230317,140000,35.88,36.04,35.62,35.82,28936,0
ALR,60,20230317,150000,35.88,35.92,34.71,34.71,110446,0
ALR,60,20230317,160000,34.89,35.35,33.9,34.29,361622,0
ALR,60,20230317,170000,34.33,35.2,34.01,34.4,810975,0
ALR,60,20230320,100000,34.2,34.2,31.98,32.97,271233,0
ALR,60,20230320,110000,32.97,33.4,32.35,33.38,112691,0
ALR,60,20230320,120000,33.38,33.69,32.9,33.18,56869,0
ALR,60,20230320,130000,33.27,33.4,33,33.3,29728,0
ALR,60,20230320,140000,33.3,33.78,33.21,33.78,37621,0
ALR,60,20230320,150000,33.75,33.76,33.45,33.66,46977,0
ALR,60,20230320,160000,33.7,33.97,33.33,33.97,52616,0
ALR,60,20230320,170000,33.97,34.25,33.87,33.93,84837,0
ALR,60,20230321,100000,34.4,35.26,34.2,35.19,91914,0
ALR,60,20230321,110000,35.16,35.16,34.7,34.96,40551,0
ALR,60,20230321,120000,34.96,35.06,34.54,34.75,43647,0
ALR,60,20230321,130000,34.74,34.84,34.58,34.74,16226,0
ALR,60,20230321,140000,34.74,34.9,34.68,34.7,25487,0
ALR,60,20230321,150000,34.7,34.93,34.56,34.8,32844,0
ALR,60,20230321,160000,34.8,34.81,34.35,34.46,54717,0
ALR,60,20230321,170000,34.53,35.09,34.46,34.7,74911,0
ALR,60,20230322,100000,35.19,35.19,34.11,34.45,46510,0
ALR,60,20230322,110000,34.36,35.05,34.25,35.04,53934,0
ALR,60,20230322,120000,35,35.04,34.69,34.79,24352,0
ALR,60,20230322,130000,34.79,34.91,34.55,34.68,24687,0
ALR,60,20230322,140000,34.68,34.71,34.36,34.42,35337,0
ALR,60,20230322,150000,34.37,34.42,33.98,34.26,117541,0
ALR,60,20230322,160000,34.33,34.54,34.2,34.2,12598,0
ALR,60,20230322,170000,34.2,34.36,33.92,34.29,52326,0
ALR,60,20230323,100000,34.19,34.44,33.8,34.44,37621,0
ALR,60,20230323,110000,34.3,34.3,33.3,33.52,55338,0
ALR,60,20230323,120000,33.5,33.83,33.15,33.83,43839,0
ALR,60,20230323,130000,33.82,34.2,33.82,34.19,15958,0
ALR,60,20230323,140000,34.12,34.39,34.05,34.3,16970,0
ALR,60,20230323,150000,34.3,34.3,34.05,34.1,22950,0
ALR,60,20230323,160000,34.1,34.59,34.05,34.54,22151,0
ALR,60,20230323,170000,34.55,34.67,34.14,34.46,51237,0
ALR,60,20230324,100000,35.05,35.13,33.9,34.19,44211,0
ALR,60,20230324,110000,34.16,34.35,33.61,33.85,24386,0
ALR,60,20230324,120000,33.7,34.2,33.65,33.68,39470,0
ALR,60,20230324,130000,33.67,34,33.58,33.8,29516,0
ALR,60,20230324,140000,33.89,34.25,33.8,34.19,17978,0
ALR,60,20230324,150000,34.21,34.21,33.91,34.07,21060,0
ALR,60,20230324,160000,34.14,34.44,34.09,34.44,22409,0
ALR,60,20230324,170000,34.42,34.42,34,34.11,33118,0
ALR,60,20230327,100000,34.19,34.9,34,34.12,20669,0
ALR,60,20230327,110000,34.23,34.49,34.05,34.41,38553,0
ALR,60,20230327,120000,34.42,34.55,34.19,34.45,18756,0
ALR,60,20230327,130000,34.45,35.3,34.42,35.18,110051,0
ALR,60,20230327,140000,35.2,35.63,35.15,35.25,48357,0
ALR,60,20230327,150000,35.22,35.76,35.15,35.68,49053,0
ALR,60,20230327,160000,35.67,35.77,35.44,35.52,41326,0
ALR,60,20230327,170000,35.54,35.75,35.42,35.7,47248,0
ALR,60,20230328,100000,36,36.8,35.82,36.75,73946,0
ALR,60,20230328,110000,36.8,36.96,36.51,36.76,26359,0
ALR,60,20230328,120000,36.72,36.73,36.05,36.18,25073,0
ALR,60,20230328,130000,36.23,36.56,36.22,36.3,13990,0
ALR,60,20230328,140000,36.35,36.84,36.27,36.74,23707,0
ALR,60,20230328,150000,36.64,36.74,36.27,36.36,21093,0
ALR,60,20230328,160000,36.46,36.62,36.2,36.49,26561,0
ALR,60,20230328,170000,36.52,36.9,36.47,36.86,62373,0
ALR,60,20230329,100000,37.15,37.33,36.65,37.06,37363,0
ALR,60,20230329,110000,37.08,37.83,36.81,37.83,51613,0
ALR,60,20230329,120000,37.81,38.1,37.77,37.83,48354,0
ALR,60,20230329,130000,37.7,37.82,37.61,37.66,7079,0
ALR,60,20230329,140000,37.7,37.7,37.45,37.53,22146,0
ALR,60,20230329,150000,37.53,37.77,37.41,37.51,15451,0
ALR,60,20230329,160000,37.58,37.68,37.46,37.54,22816,0
ALR,60,20230329,170000,37.55,38.04,37.48,37.84,55299,0
ALR,60,20230330,100000,38.15,38.36,37.63,38.12,41431,0
ALR,60,20230330,110000,38.02,38.69,38.01,38.51,38432,0
ALR,60,20230330,120000,38.51,38.63,38.3,38.45,22045,0
ALR,60,20230330,130000,38.42,38.52,38.22,38.3,13779,0
ALR,60,20230330,140000,38.32,38.4,38.26,38.4,16403,0
ALR,60,20230330,150000,38.39,38.59,38.34,38.44,12104,0
ALR,60,20230330,160000,38.43,38.8,38.32,38.55,23020,0
ALR,60,20230330,170000,38.55,38.68,38.37,38.57,36633,0
ALR,60,20230331,100000,38.79,38.79,38.22,38.59,36570,0
ALR,60,20230331,110000,38.41,38.8,38.36,38.68,17342,0
ALR,60,20230331,120000,38.66,39.06,38.61,38.99,25494,0
ALR,60,20230331,130000,38.94,39.19,38.93,39.06,18539,0
ALR,60,20230331,140000,39.05,39.1,38.82,38.99,13991,0
ALR,60,20230331,150000,38.99,39.11,38.91,38.98,17567,0
ALR,60,20230331,160000,39,39.17,38.79,38.97,21170,0
ALR,60,20230331,170000,39.02,39.04,38.57,38.75,44903,0
ALR,60,20230403,100000,39.09,39.79,38.85,39.78,49719,0
ALR,60,20230403,110000,39.76,39.76,39.24,39.5,18671,0
ALR,60,20230403,120000,39.5,39.62,39.4,39.6,6874,0
ALR,60,20230403,130000,39.52,39.64,39.16,39.16,8689,0
ALR,60,20230403,140000,39.13,39.13,38.81,38.99,12843,0
ALR,60,20230403,150000,38.96,39.16,38.85,39,14863,0
ALR,60,20230403,160000,38.99,39.47,38.88,39.34,20235,0
ALR,60,20230403,170000,39.34,39.39,39.05,39.3,35571,0
ALR,60,20230404,100000,39.67,40.17,39.6,39.94,95251,0
ALR,60,20230404,110000,39.87,40.45,39.83,40.4,54343,0
ALR,60,20230404,120000,40.3,40.4,40.07,40.3,22114,0
ALR,60,20230404,130000,40.3,40.48,40.2,40.48,25774,0
ALR,60,20230404,140000,40.4,40.52,40.14,40.14,42335,0
ALR,60,20230404,150000,40.19,40.46,40.16,40.42,15205,0
ALR,60,20230404,160000,40.4,40.69,40.07,40.14,49677,0
ALR,60,20230404,170000,40.14,40.31,40.12,40.23,59745,0
ALR,60,20230405,100000,40.03,40.03,39.4,39.97,29792,0
ALR,60,20230405,110000,39.86,39.97,39.13,39.27,31389,0
ALR,60,20230405,120000,39.25,39.63,39.23,39.56,17641,0
ALR,60,20230405,130000,39.57,39.83,39.55,39.83,22918,0
ALR,60,20230405,140000,39.83,39.86,39.6,39.66,17369,0
ALR,60,20230405,150000,39.66,39.75,38.75,39.07,81128,0
ALR,60,20230405,160000,39.07,39.23,38.84,39.04,74208,0
ALR,60,20230405,170000,39.05,39.15,38.72,38.94,114843,0
ALR,60,20230406,100000,39.15,39.32,38.85,39.01,15050,0
ALR,60,20230406,110000,38.98,39.1,38.86,39,8189,0
ALR,60,20230406,120000,39.04,39.04,38.73,38.88,4163,0
ALR,60,20230406,130000,38.81,38.9,38.73,38.9,55135,0
ALR,60,20230406,140000,38.96,39.18,38.92,39.1,10708,0
ALR,60,20230406,150000,39.1,39.1,38.88,38.97,14056,0
ALR,60,20230406,160000,38.92,39.18,38.85,39.18,43604,0
ALR,60,20230406,170000,39.14,39.35,39.01,39.13,32315,0
ALR,60,20230411,100000,39.39,40.25,39.39,40.2,34352,0
ALR,60,20230411,110000,40.12,40.54,40.1,40.35,23772,0
ALR,60,20230411,120000,40.34,40.76,40.34,40.67,37482,0
ALR,60,20230411,130000,40.7,40.8,40.55,40.62,29139,0
ALR,60,20230411,140000,40.63,41.2,40.62,40.92,76401,0
ALR,60,20230411,150000,40.96,41.16,40.83,41.15,24000,0
ALR,60,20230411,160000,41.15,41.16,40.84,40.86,18355,0
ALR,60,20230411,170000,40.86,41.15,40.86,41.06,51766,0
ALR,60,20230412,100000,40.81,41.24,40.64,41.2,27797,0
ALR,60,20230412,110000,41.18,41.8,41.14,41.6,88252,0
ALR,60,20230412,120000,41.65,41.72,41.2,41.6,49943,0
ALR,60,20230412,130000,41.55,41.94,41.52,41.77,93160,0
ALR,60,20230412,140000,41.77,41.92,41.61,41.65,38364,0
ALR,60,20230412,150000,41.67,42.09,41.61,42,51640,0
ALR,60,20230412,160000,42,42.47,41.98,42.26,62395,0
ALR,60,20230412,170000,42.27,42.37,42.15,42.3,48591,0
ALR,60,20230413,100000,42.48,43.5,42.09,43.5,108579,0
ALR,60,20230413,110000,43.55,43.72,43.35,43.55,38738,0
ALR,60,20230413,120000,43.56,43.82,43.45,43.63,71747,0
ALR,60,20230413,130000,43.61,43.69,43.4,43.54,52870,0
ALR,60,20230413,140000,43.57,44,43.52,43.79,63928,0
ALR,60,20230413,150000,43.83,43.94,43.7,43.91,52912,0
ALR,60,20230413,160000,43.88,43.96,43.57,43.82,30159,0
ALR,60,20230413,170000,43.81,44.44,43.8,44.24,218798,0
ALR,60,20230414,100000,44.49,44.68,43.8,44,97341,0
ALR,60,20230414,110000,44.03,44.18,43.83,44.06,43021,0
ALR,60,20230414,120000,44.02,44.21,43.8,44.03,61908,0
ALR,60,20230414,130000,44.05,44.57,43.98,44.56,40923,0
ALR,60,20230414,140000,44.57,44.87,44.53,44.68,34355,0
ALR,60,20230414,150000,44.68,45.15,44.61,44.75,40042,0
ALR,60,20230414,160000,44.78,45.32,44.69,45.21,35812,0
ALR,60,20230414,170000,45.2,45.31,44.86,45.1,54221,0
ALR,60,20230417,100000,45.1,45.57,44.8,44.8,35374,0
ALR,60,20230417,110000,44.8,45.2,44.8,45.01,18610,0
ALR,60,20230417,120000,45.05,45.36,45.05,45.26,19917,0
ALR,60,20230417,130000,45.3,45.3,45.2,45.2,16834,0
ALR,60,20230417,140000,45.28,45.35,45.2,45.27,12801,0
ALR,60,20230417,150000,45.25,45.44,45.2,45.39,24817,0
ALR,60,20230417,160000,45.44,45.48,45.23,45.35,29281,0
ALR,60,20230417,170000,45.35,45.48,45.3,45.42,45726,0
ALR,60,20230418,100000,45.13,45.38,44.66,45.07,32116,0
ALR,60,20230418,110000,45.04,45.52,45,45.34,35913,0
ALR,60,20230418,120000,45.34,46.1,45.3,46.02,109698,0
ALR,60,20230418,130000,46.01,46.3,45.7,45.82,23546,0
ALR,60,20230418,140000,45.88,46.08,45.64,46.05,20537,0
ALR,60,20230418,150000,46.03,46.05,45.75,45.76,33983,0
ALR,60,20230418,160000,45.87,46.28,45.61,45.73,86033,0
ALR,60,20230418,170000,45.61,46.16,45,45.25,110854,0
ALR,60,20230419,100000,45.05,45.48,44.7,44.9,34255,0
ALR,60,20230419,110000,44.9,44.94,44.23,44.23,48841,0
ALR,60,20230419,120000,44.23,44.28,43.62,43.73,88854,0
ALR,60,20230419,130000,43.87,44.6,43.85,44.58,34914,0
ALR,60,20230419,140000,44.66,44.8,44.36,44.76,42835,0
ALR,60,20230419,150000,44.7,44.77,44.43,44.43,36113,0
ALR,60,20230419,160000,44.56,44.85,44.44,44.73,47825,0
ALR,60,20230419,170000,44.73,44.98,44.6,44.94,42527,0
ALR,60,20230420,100000,44.94,46.3,44.9,46,39363,0
ALR,60,20230420,110000,46.14,46.48,45.92,45.93,43707,0
ALR,60,20230420,120000,45.92,46,45.63,45.75,22820,0
ALR,60,20230420,130000,45.67,46.28,45.45,46.22,48731,0
ALR,60,20230420,140000,46.23,46.25,45.91,45.93,8091,0
ALR,60,20230420,150000,45.92,46.25,45.91,46.14,26251,0
ALR,60,20230420,160000,46.13,46.32,45.71,45.84,30073,0
ALR,60,20230420,170000,45.92,45.94,44.16,45.08,54239,0
ALR,60,20230421,100000,45,45.29,44.48,45.29,22994,0
ALR,60,20230421,110000,45.4,45.94,45.29,45.68,21533,0
ALR,60,20230421,120000,45.76,45.8,45.27,45.35,13438,0
ALR,60,20230421,130000,45.27,45.46,45,45.3,17988,0
ALR,60,20230421,140000,45.35,45.43,45.16,45.21,9638,0
ALR,60,20230421,150000,45.2,45.44,45.08,45.28,25061,0
ALR,60,20230421,160000,45.33,45.7,45.33,45.38,28808,0
ALR,60,20230421,170000,45.38,45.73,45.38,45.73,42057,0
ALR,60,20230424,100000,45.61,45.61,44.78,45.53,23188,0
ALR,60,20230424,110000,45.53,45.7,45.25,45.3,5795,0
ALR,60,20230424,120000,45.3,45.48,45.3,45.33,12187,0
ALR,60,20230424,130000,45.33,45.47,45.33,45.43,6039,0
ALR,60,20230424,140000,45.35,45.56,45.34,45.4,12669,0
ALR,60,20230424,150000,45.4,45.46,45.24,45.31,5622,0
ALR,60,20230424,160000,45.37,45.56,45.35,45.46,13408,0
ALR,60,20230424,170000,45.45,45.76,45,45.04,33901,0
ALR,60,20230425,100000,45.04,45.49,44.16,44.53,31101,0
ALR,60,20230425,110000,44.68,44.8,44.3,44.67,14330,0
ALR,60,20230425,120000,44.71,45.12,44.61,45.01,7185,0
ALR,60,20230425,130000,45.08,45.19,44.91,44.96,11697,0
ALR,60,20230425,140000,45.01,45.19,44.64,44.67,15883,0
ALR,60,20230425,150000,44.7,45.04,44.64,45.02,24387,0
ALR,60,20230425,160000,45.11,45.22,44.95,45.17,26160,0
ALR,60,20230425,170000,45.14,45.2,44.61,44.63,49446,0
ALR,60,20230426,100000,44.65,45.02,43.63,43.99,40881,0
ALR,60,20230426,110000,43.99,44.1,41.22,44.03,110987,0
ALR,60,20230426,120000,44.08,44.27,43.6,43.77,25847,0
ALR,60,20230426,130000,43.65,44.73,43.6,44.43,28639,0
ALR,60,20230426,140000,44.43,44.78,44.15,44.3,20969,0
ALR,60,20230426,150000,44.39,44.66,44.1,44.4,12285,0
ALR,60,20230426,160000,44.28,44.55,43.91,44.16,24958,0
ALR,60,20230426,170000,44.14,44.21,43.5,43.6,55227,0
ALR,60,20230427,100000,43.3,44.85,43.25,44.77,25459,0
ALR,60,20230427,110000,44.77,44.96,44.68,44.87,25943,0
ALR,60,20230427,120000,44.74,44.9,44.17,44.2,17579,0
ALR,60,20230427,130000,44.31,44.4,43.82,44.22,23213,0
ALR,60,20230427,140000,44.35,44.56,44.2,44.33,14823,0
ALR,60,20230427,150000,44.33,44.49,44.2,44.41,20494,0
ALR,60,20230427,160000,44.41,44.52,44.1,44.17,28232,0
ALR,60,20230427,170000,44.23,44.77,44.23,44.7,51018,0
ALR,60,20230428,100000,45,45.1,44.02,44.08,37637,0
ALR,60,20230428,110000,44.04,44.27,43.73,44.07,31728,0
ALR,60,20230428,120000,44.07,44.48,43.84,44.31,22230,0
ALR,60,20230428,130000,44.3,44.51,44.12,44.17,11048,0
ALR,60,20230428,140000,44.17,44.29,44,44.07,24693,0
ALR,60,20230428,150000,44.1,44.1,43.66,43.7,22303,0
ALR,60,20230428,160000,43.71,43.76,43.44,43.5,70494,0
ALR,60,20230428,170000,43.49,43.52,43.12,43.4,73678,0
ALR,60,20230502,100000,43.5,44.9,43.5,44.41,50104,0
ALR,60,20230502,110000,44.3,44.31,43.88,43.92,20594,0
ALR,60,20230502,120000,43.99,44.18,43.86,44.15,18794,0
ALR,60,20230502,130000,44.07,44.08,43.9,43.98,13046,0
ALR,60,20230502,140000,43.98,44.14,43.96,44.1,19132,0
ALR,60,20230502,150000,44.07,44.14,43.95,44.03,11208,0
ALR,60,20230502,160000,43.96,44.05,43.75,43.82,27975,0
ALR,60,20230502,170000,43.84,43.84,42.72,42.83,67519,0
ALR,60,20230504,100000,43.2,43.86,42.99,43.81,40971,0
ALR,60,20230504,110000,43.76,43.96,43.5,43.51,43581,0
ALR,60,20230504,120000,43.52,43.56,43,43.03,39753,0
ALR,60,20230504,130000,43,43.14,42.75,42.85,30995,0
ALR,60,20230504,140000,42.83,42.85,42.5,42.65,26947,0
ALR,60,20230504,150000,42.65,42.9,42.5,42.61,42448,0
ALR,60,20230504,160000,42.62,42.93,42.26,42.42,56045,0
ALR,60,20230504,170000,42.4,42.5,41.37,41.63,94236,0
ALR,60,20230505,100000,41.67,42.45,41.67,42.05,65394,0
ALR,60,20230505,110000,42.06,42.33,41.7,42.17,65474,0
ALR,60,20230505,120000,42.2,42.22,42.01,42.06,30887,0
ALR,60,20230505,130000,42.06,42.09,42,42,30973,0
ALR,60,20230505,140000,41.94,42.01,41.76,41.82,17456,0
ALR,60,20230505,150000,41.83,42.09,41.71,42,15546,0
ALR,60,20230505,160000,41.99,42.25,41.98,42.13,24587,0
ALR,60,20230505,170000,42.14,42.32,42.03,42.32,46703,0
ALR,60,20230508,100000,42.25,42.89,42.16,42.35,64900,0
ALR,60,20230508,110000,42.38,42.38,42.16,42.29,13745,0
ALR,60,20230508,120000,42.3,42.79,42.26,42.6,85251,0
ALR,60,20230508,130000,42.55,42.9,42.53,42.86,107290,0
ALR,60,20230508,140000,42.86,42.88,42.6,42.7,21005,0
ALR,60,20230508,150000,42.65,42.68,42.52,42.61,67216,0
ALR,60,20230508,160000,42.67,42.67,42.3,42.36,38534,0
ALR,60,20230508,170000,42.35,42.39,42.3,42.35,41388,0
ALR,60,20230509,100000,42.65,42.65,41.79,41.79,23094,0
ALR,60,20230509,110000,41.83,42,41.78,41.98,12152,0
ALR,60,20230509,120000,41.98,42.2,41.9,42.09,62919,0
ALR,60,20230509,130000,42,42.18,41.98,42.08,11451,0
ALR,60,20230509,140000,42.12,42.12,41.84,41.9,7373,0
ALR,60,20230509,150000,41.91,41.96,41.68,41.84,21835,0
ALR,60,20230509,160000,41.87,42.05,41.82,42.01,23010,0
ALR,60,20230509,170000,42,42.04,41.81,42,33457,0
ALR,60,20230510,100000,42.5,42.5,41.87,41.9,20553,0
ALR,60,20230510,110000,41.94,42.11,41.9,42.02,18349,0
ALR,60,20230510,120000,41.98,42.07,41.9,42.05,7342,0
ALR,60,20230510,130000,41.97,42.15,41.85,42,13477,0
ALR,60,20230510,140000,42.13,42.13,41.9,42.02,16837,0
ALR,60,20230510,150000,42.19,42.9,41.96,42.8,63087,0
ALR,60,20230510,160000,42.8,43.38,42.6,43.16,44258,0
ALR,60,20230510,170000,43.18,43.2,42.49,42.82,27509,0
ALR,60,20230511,100000,42.82,43.1,42.67,43,16661,0
ALR,60,20230511,110000,43.03,43.47,42.95,42.98,25017,0
ALR,60,20230511,120000,43.01,43.1,42.5,43,48731,0
ALR,60,20230511,130000,43.01,43.31,42.97,43.26,35768,0
ALR,60,20230511,140000,43.26,43.3,43,43.22,49174,0
ALR,60,20230511,150000,43.26,43.51,43.11,43.21,34442,0
ALR,60,20230511,160000,43.21,43.3,42.24,42.42,65829,0
ALR,60,20230511,170000,42.37,42.96,42.24,42.77,44538,0
ALR,60,20230512,100000,43,43.35,42.75,43.23,13411,0
ALR,60,20230512,110000,43.24,43.7,43.06,43.53,40923,0
ALR,60,20230512,120000,43.56,43.84,43.53,43.77,19705,0
ALR,60,20230512,130000,43.79,43.91,43.63,43.67,17626,0
ALR,60,20230512,140000,43.62,43.62,43.4,43.51,9127,0
ALR,60,20230512,150000,43.52,43.54,43.34,43.46,9192,0
ALR,60,20230512,160000,43.39,43.46,43.18,43.25,19649,0
ALR,60,20230512,170000,43.21,43.45,43.05,43.4,43223,0
ALR,60,20230515,100000,43.33,43.48,42.99,43.16,17008,0
ALR,60,20230515,110000,43.05,43.18,42.34,42.49,24547,0
ALR,60,20230515,120000,42.44,42.78,42.44,42.77,15902,0
ALR,60,20230515,130000,42.76,42.77,42.5,42.6,16776,0
ALR,60,20230515,140000,42.63,42.68,42.47,42.48,24656,0
ALR,60,20230515,150000,42.49,42.59,42.2,42.35,26223,0
ALR,60,20230515,160000,42.3,42.3,41.88,41.91,39712,0
ALR,60,20230515,170000,41.94,42.29,41.85,42.22,41812,0
ALR,60,20230516,100000,42.34,42.94,42.01,42.75,15147,0
ALR,60,20230516,110000,42.66,42.74,42.44,42.55,7442,0
ALR,60,20230516,120000,42.6,42.61,42.43,42.45,9010,0
ALR,60,20230516,130000,42.42,42.59,42.33,42.55,19526,0
ALR,60,20230516,140000,42.53,42.53,42.45,42.45,2770,0
ALR,60,20230516,150000,42.47,42.56,42.24,42.45,5526,0
ALR,60,20230516,160000,42.46,42.47,42.17,42.22,10920,0
ALR,60,20230516,170000,42.22,42.3,42.09,42.3,9188,0
ALR,60,20230517,100000,42.3,42.3,41.72,41.87,9859,0
ALR,60,20230517,110000,41.87,42.03,41.8,42,8501,0
ALR,60,20230517,120000,41.96,42.03,41.78,42.03,6119,0
ALR,60,20230517,130000,41.95,42,41.84,41.87,4311,0
ALR,60,20230517,140000,41.91,42.24,41.88,42.22,10308,0
ALR,60,20230517,150000,42.23,42.33,42.1,42.23,8927,0
ALR,60,20230517,160000,42.25,42.4,42.1,42.22,7025,0
ALR,60,20230517,170000,42.12,42.2,41.83,41.93,26260,0
ALR,60,20230518,100000,42.03,42.7,42.03,42.58,41907,0
ALR,60,20230518,110000,42.6,42.75,42.39,42.5,20208,0
ALR,60,20230518,120000,42.55,42.67,42.5,42.6,7913,0
ALR,60,20230518,130000,42.58,42.62,42.53,42.54,3431,0
ALR,60,20230518,140000,42.6,42.75,42.54,42.68,7060,0
ALR,60,20230518,150000,42.68,42.74,42.42,42.68,10446,0
ALR,60,20230518,160000,42.68,42.69,42.25,42.25,17013,0
ALR,60,20230518,170000,42.22,42.4,42.18,42.4,14966,0
ALR,60,20230519,100000,42.92,42.96,42.15,42.45,12063,0
ALR,60,20230519,110000,42.51,43.18,42.43,43.18,39856,0
ALR,60,20230519,120000,43.18,43.76,43.17,43.65,39919,0
ALR,60,20230519,130000,43.58,43.58,43.27,43.42,9784,0
ALR,60,20230519,140000,43.39,43.5,43.24,43.5,38719,0
ALR,60,20230519,150000,43.5,43.52,43.34,43.5,17248,0
ALR,60,20230519,160000,43.53,44.61,43.36,43.48,74042,0
ALR,60,20230519,170000,43.44,43.6,43.43,43.6,66275,0
ALR,60,20230522,100000,43.8,44.48,43.4,44.28,26349,0
ALR,60,20230522,110000,44.3,44.7,44.21,44.7,31934,0
ALR,60,20230522,120000,44.71,44.82,44.13,44.13,23783,0
ALR,60,20230522,130000,44.13,44.2,44.02,44.06,7561,0
ALR,60,20230522,140000,44.09,44.2,43.7,43.83,20137,0
ALR,60,20230522,150000,43.88,43.95,43.8,43.86,19906,0
ALR,60,20230522,160000,43.82,44,43.74,43.81,30166,0
ALR,60,20230522,170000,43.79,43.95,43.57,43.9,42017,0
ALR,60,20230523,100000,44,44.5,43.73,44.38,17542,0
ALR,60,20230523,110000,44.4,44.44,44.04,44.1,21662,0
ALR,60,20230523,120000,44.1,44.24,44.03,44.1,37976,0
ALR,60,20230523,130000,44.09,44.18,43.85,43.99,19555,0
ALR,60,20230523,140000,43.93,44,43.78,43.92,5818,0
ALR,60,20230523,150000,43.9,44,43.85,43.96,7448,0
ALR,60,20230523,160000,43.93,44.43,43.81,44.33,19388,0
ALR,60,20230523,170000,44.27,44.41,44.01,44.23,18524,0
ALR,60,20230524,100000,43.78,43.88,43.35,43.36,21634,0
ALR,60,20230524,110000,43.5,43.62,43.29,43.48,12445,0
ALR,60,20230524,120000,43.48,43.69,43.11,43.15,25751,0
ALR,60,20230524,130000,43.12,43.28,42.9,43.28,12166,0
ALR,60,20230524,140000,43.2,43.3,43.04,43.22,20039,0
ALR,60,20230524,150000,43.26,43.32,43.03,43.03,6172,0
ALR,60,20230524,160000,43,43.11,42.79,42.86,15513,0
ALR,60,20230524,170000,42.85,42.88,42.6,42.77,38245,0
ALR,60,20230525,100000,43.3,43.3,42.4,42.62,21639,0
ALR,60,20230525,110000,42.66,43.04,42.66,43.02,10149,0
ALR,60,20230525,120000,43.1,43.37,43,43.18,10505,0
ALR,60,20230525,130000,43.23,43.29,43,43.23,19459,0
ALR,60,20230525,140000,43.25,43.33,43.09,43.32,9698,0
ALR,60,20230525,150000,43.2,43.42,43.15,43.42,5575,0
ALR,60,20230525,160000,43.43,43.49,43.14,43.44,15721,0
ALR,60,20230525,170000,43.43,43.6,43.12,43.53,36785,0
ALR,60,20230526,100000,43.7,43.7,43.15,43.55,15179,0
ALR,60,20230526,110000,43.54,43.7,43.48,43.48,5064,0
ALR,60,20230526,120000,43.45,43.49,43.27,43.34,11056,0
ALR,60,20230526,130000,43.3,43.45,43.21,43.37,13204,0
ALR,60,20230526,140000,43.38,43.45,43.33,43.45,7353,0
ALR,60,20230526,150000,43.4,44.09,43.36,43.99,28382,0
ALR,60,20230526,160000,44.03,44.25,43.88,44.22,37646,0
ALR,60,20230526,170000,44.22,44.5,44.04,44.28,77227,0
ALR,60,20230529,100000,44.11,44.28,43.58,43.6,17614,0
ALR,60,20230529,110000,43.58,44.15,43.58,43.76,5988,0
ALR,60,20230529,120000,43.7,43.75,43.43,43.53,9330,0
ALR,60,20230529,130000,43.6,43.76,43.51,43.76,5570,0
ALR,60,20230529,140000,43.77,44.17,43.7,44.05,9965,0
ALR,60,20230529,150000,44.03,44.03,43.69,43.78,6693,0
ALR,60,20230529,160000,43.73,43.73,43.51,43.54,9875,0
ALR,60,20230529,170000,43.6,43.82,43.51,43.6,14242,0
ALR,60,20230530,100000,43.61,43.63,42.57,42.99,43509,0
ALR,60,20230530,110000,42.96,43.26,42.94,42.94,8229,0
ALR,60,20230530,120000,43.03,43.35,43.03,43.1,5467,0
ALR,60,20230530,130000,43.13,43.25,42.8,42.85,22068,0
ALR,60,20230530,140000,42.89,43.3,42.76,43.2,6086,0
ALR,60,20230530,150000,43.13,43.29,42.99,43.17,9068,0
ALR,60,20230530,160000,43.16,43.2,42.75,42.78,10690,0
ALR,60,20230530,170000,42.84,42.86,42.3,42.42,45775,0
ALR,60,20230531,100000,42,42.04,40.81,41.4,70873,0
ALR,60,20230531,110000,41.35,41.39,41.14,41.26,10357,0
ALR,60,20230531,120000,41.26,41.28,41.16,41.27,12827,0
ALR,60,20230531,130000,41.21,41.7,41.18,41.65,27679,0
ALR,60,20230531,140000,41.69,41.71,41.5,41.51,13870,0
ALR,60,20230531,150000,41.56,41.56,41.19,41.24,22078,0
ALR,60,20230531,160000,41.29,41.4,40.9,40.96,35551,0
ALR,60,20230531,170000,40.9,40.92,40.29,40.43,375605,0
