<TICKER>,<PER>,<DATE>,<TIME>,<OPEN>,<HIGH>,<LOW>,<CLOSE>,<VOL>,<OPENINT>
CDR,60,20220804,100000,88.5,89.95,87.7,88.81,35956,0
CDR,60,20220804,110000,88.81,89.5,88.47,89.22,18390,0
CDR,60,20220804,120000,89.47,89.98,89.27,89.65,19276,0
CDR,60,20220804,130000,89.65,93.37,89.65,92.08,117890,0
CDR,60,20220804,140000,91.93,92.74,91.4,92.54,34914,0
CDR,60,20220804,150000,92.54,93.28,92.28,93.14,48774,0
CDR,60,20220804,160000,93.27,93.55,91.96,92.75,70612,0
CDR,60,20220804,170000,92.65,92.9,91.02,92.48,92526,0
CDR,60,20220805,100000,92.5,94.89,92.48,94.5,80940,0
CDR,60,20220805,110000,94.5,94.5,93.5,94.14,39742,0
CDR,60,20220805,120000,94.14,94.75,93.95,94.57,21943,0
CDR,60,20220805,130000,94.56,94.68,93.6,94.02,27787,0
CDR,60,20220805,140000,94.02,94.51,93.82,93.85,30472,0
CDR,60,20220805,150000,93.85,94.4,92.51,93.43,74023,0
CDR,60,20220805,160000,93.35,94.23,93.1,93.48,66116,0
CDR,60,20220805,170000,93.52,93.61,92.02,92.66,85453,0
CDR,60,20220808,100000,93.5,93.5,90.69,91,19718,0
CDR,60,20220808,110000,91,91.22,90.11,90.96,16020,0
CDR,60,20220808,120000,91,92.6,90.5,92.12,96797,0
CDR,60,20220808,130000,92.32,92.38,91.62,91.88,27446,0
CDR,60,20220808,140000,91.88,92.15,91.7,91.9,21119,0
CDR,60,20220808,150000,91.9,92.18,91.53,91.98,28539,0
CDR,60,20220808,160000,91.94,92.16,91.73,91.9,61477,0
CDR,60,20220808,170000,91.9,92.03,91.5,91.7,60690,0
CDR,60,20220809,100000,91.97,93.14,90.7,91.31,16681,0
CDR,60,20220809,110000,91.27,91.27,90.3,90.74,16577,0
CDR,60,20220809,120000,90.74,91.11,90.32,90.34,20218,0
CDR,60,20220809,130000,90.34,90.44,89.04,89.15,29166,0
CDR,60,20220809,140000,89.21,89.5,88.88,89.02,30232,0
CDR,60,20220809,150000,89.16,89.61,88.99,89.02,16571,0
CDR,60,20220809,160000,89.01,89.23,88.5,88.84,39056,0
CDR,60,20220809,170000,88.84,89.39,88.46,88.5,66643,0
CDR,60,20220810,100000,89.5,89.5,87.6,89.07,28628,0
CDR,60,20220810,110000,89.07,89.09,88.36,89,14243,0
CDR,60,20220810,120000,89,89.35,89,89.1,12646,0
CDR,60,20220810,130000,89.09,89.5,89,89.15,14572,0
CDR,60,20220810,140000,89.1,89.76,89.1,89.37,16672,0
CDR,60,20220810,150000,89.42,92.75,89.36,92,77862,0
CDR,60,20220810,160000,92,92.03,90.98,91.51,49852,0
CDR,60,20220810,170000,91.51,92,91.09,92,67061,0
CDR,60,20220811,100000,92,92.9,91.46,92.11,21158,0
CDR,60,20220811,110000,92.2,92.5,91.71,92.31,33287,0
CDR,60,20220811,120000,92.34,92.48,91.7,92.09,26661,0
CDR,60,20220811,130000,92.24,92.61,91.93,92.53,16573,0
CDR,60,20220811,140000,92.67,93.72,92.07,93.57,35391,0
CDR,60,20220811,150000,93.56,94.9,93.42,94.6,67682,0
CDR,60,20220811,160000,94.51,95.88,94.2,95.58,73952,0
CDR,60,20220811,170000,95.58,95.9,94.66,95.61,66023,0
CDR,60,20220812,100000,96.4,96.4,94.77,95.24,30417,0
CDR,60,20220812,110000,95.24,95.24,94.11,94.3,38541,0
CDR,60,20220812,120000,94.27,94.69,93.79,94.45,32678,0
CDR,60,20220812,130000,94.45,94.89,93.92,94.32,28414,0
CDR,60,20220812,140000,94.42,94.42,93.19,93.88,26721,0
CDR,60,20220812,150000,93.79,94.5,93.71,94.38,21233,0
CDR,60,20220812,160000,94.47,94.55,93.2,93.84,53736,0
CDR,60,20220812,170000,93.66,94.06,93.3,94,53246,0
CDR,60,20220816,100000,95.47,96.69,94.52,95.81,53658,0
CDR,60,20220816,110000,95.81,96.66,94.95,95.12,41479,0
CDR,60,20220816,120000,95.12,95.49,94.42,94.66,30885,0
CDR,60,20220816,130000,94.71,94.8,94.15,94.36,13545,0
CDR,60,20220816,140000,94.37,95.13,94.37,94.86,14221,0
CDR,60,20220816,150000,94.99,95.3,94.19,94.19,27966,0
CDR,60,20220816,160000,94.19,94.44,92.03,92.62,43030,0
CDR,60,20220816,170000,92.59,93.07,91.81,92.55,70940,0
CDR,60,20220817,100000,92.55,93.52,91.7,93.07,29841,0
CDR,60,20220817,110000,93.18,93.5,92.5,93.12,30176,0
CDR,60,20220817,120000,93.12,93.25,92.9,93,25807,0
CDR,60,20220817,130000,93.07,93.3,92.96,93.07,30552,0
CDR,60,20220817,140000,93.17,93.57,92.07,92.55,29524,0
CDR,60,20220817,150000,92.62,93.33,92.5,93.18,51572,0
CDR,60,20220817,160000,93.18,93.33,92.72,93,26933,0
CDR,60,20220817,170000,93,93.89,92.76,93.5,61961,0
CDR,60,20220818,100000,93.5,94.39,93.13,94.36,18059,0
CDR,60,20220818,110000,94.39,94.5,92.75,93.19,13553,0
CDR,60,20220818,120000,93.19,93.25,92.7,93.25,11354,0
CDR,60,20220818,130000,93.25,93.47,92.49,92.51,11486,0
CDR,60,20220818,140000,92.46,92.78,91.91,92.77,14658,0
CDR,60,20220818,150000,92.77,92.99,92.03,92.1,16538,0
CDR,60,20220818,160000,92.1,92.42,91.18,91.2,34677,0
CDR,60,20220818,170000,91.2,92.3,90.8,92.1,66397,0
CDR,60,20220819,100000,90.97,91.4,89.7,90.01,32203,0
CDR,60,20220819,110000,90.01,90.09,88.99,89.86,61810,0
CDR,60,20220819,120000,89.83,90.36,89.57,89.79,36387,0
CDR,60,20220819,130000,89.67,89.78,89.31,89.36,36757,0
CDR,60,20220819,140000,89.35,89.87,89.03,89.16,59325,0
CDR,60,20220819,150000,89.14,89.96,89,89.76,56168,0
CDR,60,20220819,160000,89.79,90.45,89.5,89.53,82251,0
CDR,60,20220819,170000,89.5,89.69,88.93,88.93,103735,0
CDR,60,20220822,100000,88.4,88.93,86.5,87.14,89591,0
CDR,60,20220822,110000,87.1,87.1,85.75,85.96,68899,0
CDR,60,20220822,120000,85.94,86.89,85.7,86.83,55219,0
CDR,60,20220822,130000,86.88,86.88,86.1,86.37,46886,0
CDR,60,20220822,140000,86.37,86.86,86.3,86.7,43425,0
CDR,60,20220822,150000,86.77,86.9,86.04,86.2,42907,0
CDR,60,20220822,160000,86.2,86.94,86.12,86.37,60332,0
CDR,60,20220822,170000,86.37,86.6,86.06,86.06,87690,0
CDR,60,20220823,100000,86.06,86.46,84.37,84.58,56689,0
CDR,60,20220823,110000,84.58,85.08,84.06,84.11,49135,0
CDR,60,20220823,120000,84.06,84.93,83.95,84.58,29869,0
CDR,60,20220823,130000,84.59,85.27,84.45,85.09,40972,0
CDR,60,20220823,140000,85.03,85.47,85.02,85.34,19619,0
CDR,60,20220823,150000,85.34,85.4,84.02,84.1,24707,0
CDR,60,20220823,160000,84.12,84.48,83.95,84.28,50315,0
CDR,60,20220823,170000,84.3,84.53,83.9,84,98317,0
CDR,60,20220824,100000,84,84,82.64,82.85,70080,0
CDR,60,20220824,110000,83.13,83.53,82.6,82.8,55431,0
CDR,60,20220824,120000,82.8,83.62,82.58,83.57,28197,0
CDR,60,20220824,130000,83.6,84.95,83.2,84.35,27922,0
CDR,60,20220824,140000,84.28,84.84,84.16,84.57,15683,0
CDR,60,20220824,150000,84.56,84.56,83.55,83.98,41604,0
CDR,60,20220824,160000,84.04,84.32,83.63,84.06,54458,0
CDR,60,20220824,170000,84.08,84.49,83.93,84.01,66916,0
CDR,60,20220825,100000,84.8,85.74,84.68,84.87,37431,0
CDR,60,20220825,110000,84.87,85.05,84.05,84.45,17806,0
CDR,60,20220825,120000,84.5,84.51,83.16,83.2,16845,0
CDR,60,20220825,130000,83.32,83.32,82.75,82.9,26064,0
CDR,60,20220825,140000,82.9,83,82.63,82.96,13568,0
CDR,60,20220825,150000,82.89,82.99,82.15,82.54,21612,0
CDR,60,20220825,160000,82.38,82.71,82.16,82.61,23243,0
CDR,60,20220825,170000,82.61,83.18,82.5,82.84,52457,0
CDR,60,20220826,100000,82.9,83.18,82,82.47,25924,0
CDR,60,20220826,110000,82.4,82.4,82,82.04,25744,0
CDR,60,20220826,120000,82.15,82.65,82.11,82.46,6214,0
CDR,60,20220826,130000,82.58,82.7,82.16,82.26,13293,0
CDR,60,20220826,140000,82.19,85.86,82.01,85.56,171444,0
CDR,60,20220826,150000,85.52,85.58,83.5,84.25,98230,0
CDR,60,20220826,160000,84.28,85.58,84.02,85.07,33817,0
CDR,60,20220826,170000,85,85.18,83.15,84,77659,0
CDR,60,20220829,100000,82.32,82.89,80.85,82.25,37949,0
CDR,60,20220829,110000,82.2,82.47,81.5,81.7,16544,0
CDR,60,20220829,120000,81.65,81.76,81,81.32,26910,0
CDR,60,20220829,130000,81.36,81.43,80.86,81.3,26818,0
CDR,60,20220829,140000,81.3,82.11,81.26,82.03,17969,0
CDR,60,20220829,150000,82.08,82.34,81.67,81.81,21019,0
CDR,60,20220829,160000,81.78,82.66,81.77,82.39,21841,0
CDR,60,20220829,170000,82.24,82.93,82.2,82.53,34934,0
CDR,60,20220830,100000,82.86,83.2,81.84,82.74,28254,0
CDR,60,20220830,110000,82.74,82.89,81.55,81.82,17182,0
CDR,60,20220830,120000,81.89,82.38,81.52,82.04,17136,0
CDR,60,20220830,130000,82,82.17,81.5,82.05,26157,0
CDR,60,20220830,140000,82.16,83.67,82,83.29,55487,0
CDR,60,20220830,150000,83.1,83.1,82.16,82.75,29213,0
CDR,60,20220830,160000,82.7,82.79,82.15,82.31,41758,0
CDR,60,20220830,170000,82.31,82.76,81.64,81.91,151745,0
CDR,60,20220831,100000,82.01,84.2,82,84,57124,0
CDR,60,20220831,110000,83.9,84.6,83.24,84.6,64437,0
CDR,60,20220831,120000,84.6,84.75,83.94,84.58,37513,0
CDR,60,20220831,130000,84.57,85.16,84.31,84.71,36990,0
CDR,60,20220831,140000,84.72,85.3,84.5,85.3,39305,0
CDR,60,20220831,150000,85.3,86,84.81,85.04,60175,0
CDR,60,20220831,160000,85.05,85.49,84.51,85.12,39279,0
CDR,60,20220831,170000,85.11,85.3,84.1,84.12,235421,0
CDR,60,20220901,100000,84,84,81.33,81.97,57689,0
CDR,60,20220901,110000,81.81,82.23,81.3,81.7,54670,0
CDR,60,20220901,120000,81.7,82.19,81.32,81.93,45703,0
CDR,60,20220901,130000,81.89,82.09,81.46,81.9,20780,0
CDR,60,20220901,140000,81.9,82.9,81.82,82.89,20951,0
CDR,60,20220901,150000,82.71,82.79,81.87,82.03,12293,0
CDR,60,20220901,160000,81.9,82.13,81.6,81.71,30684,0
CDR,60,20220901,170000,81.71,82,81.47,81.5,126452,0
CDR,60,20220902,100000,81.92,82.23,80.91,81.02,71056,0
CDR,60,20220902,110000,81.01,82.5,81.01,82.36,16283,0
CDR,60,20220902,120000,82.24,82.34,81.02,81.15,36773,0
CDR,60,20220902,130000,81.2,81.39,80.45,80.68,48183,0
CDR,60,20220902,140000,80.68,80.85,80.42,80.51,38591,0
CDR,60,20220902,150000,80.59,81.56,80.44,81.01,38119,0
CDR,60,20220902,160000,81,81.42,80.54,80.76,40071,0
CDR,60,20220902,170000,80.61,82.16,80.12,82,85388,0
CDR,60,20220905,100000,82.05,82.34,81,82.2,34979,0
CDR,60,20220905,110000,82.15,83.16,82.07,82.24,38591,0
CDR,60,20220905,120000,82.24,82.64,81.9,82.64,25432,0
CDR,60,20220905,130000,82.64,82.96,82.32,82.32,26742,0
CDR,60,20220905,140000,82.28,82.61,82.21,82.6,32348,0
CDR,60,20220905,150000,82.59,83.37,82.54,83.07,76246,0
CDR,60,20220905,160000,83.04,83.28,82.44,82.55,52643,0
CDR,60,20220905,170000,82.53,82.75,81.4,81.66,74241,0
CDR,60,20220906,100000,82.2,82.39,80.86,81.01,42681,0
CDR,60,20220906,110000,81,81,79.52,79.85,45095,0
CDR,60,20220906,120000,79.95,80.53,79.51,80.46,20611,0
CDR,60,20220906,130000,80.52,80.81,79.65,79.66,27469,0
CDR,60,20220906,140000,79.67,79.96,79.32,79.96,27323,0
CDR,60,20220906,150000,79.93,80.04,79.06,79.3,27208,0
CDR,60,20220906,160000,79.15,79.97,78.71,79.19,86064,0
CDR,60,20220906,170000,79.18,79.25,78.42,78.57,139435,0
CDR,60,20220907,100000,81,84.2,79.51,80.06,209453,0
CDR,60,20220907,110000,80.06,81.47,79.32,80.63,52696,0
CDR,60,20220907,120000,80.44,80.68,79.82,80.25,49633,0
CDR,60,20220907,130000,80.25,80.41,79.6,79.65,41991,0
CDR,60,20220907,140000,79.6,80,78.61,78.87,92893,0
CDR,60,20220907,150000,78.87,79.5,77.51,79.11,88692,0
CDR,60,20220907,160000,79.11,79.45,79.01,79.35,38387,0
CDR,60,20220907,170000,79.35,79.35,76.81,77.89,131197,0
CDR,60,20220908,100000,81,82.01,79.03,81.3,158095,0
CDR,60,20220908,110000,81.3,84.21,81.3,84,171127,0
CDR,60,20220908,120000,84.03,84.03,82.65,83.28,99138,0
CDR,60,20220908,130000,83.28,83.83,82.82,83.4,51996,0
CDR,60,20220908,140000,83.49,84.44,82.69,83.26,71236,0
CDR,60,20220908,150000,83.26,83.4,81.23,81.87,112631,0
CDR,60,20220908,160000,81.98,82.43,81,82,144972,0
CDR,60,20220908,170000,81.91,82.79,81.41,82.11,149739,0
CDR,60,20220909,100000,84.7,86.8,83,85.32,159768,0
CDR,60,20220909,110000,85.42,86.46,85,86.35,58528,0
CDR,60,20220909,120000,86.23,86.47,85.31,85.74,30732,0
CDR,60,20220909,130000,85.74,86.68,85.7,86,30253,0
CDR,60,20220909,140000,85.92,86.55,85.92,86.25,30483,0
CDR,60,20220909,150000,86.3,87.25,85.7,87.05,42420,0
CDR,60,20220909,160000,87.05,87.09,86.03,86.82,85710,0
CDR,60,20220909,170000,86.84,87.8,86.5,87.8,172015,0
CDR,60,20220912,100000,88,88.21,83.6,83.6,142429,0
CDR,60,20220912,110000,83.8,84.48,82.62,83.65,96499,0
CDR,60,20220912,120000,83.63,83.99,82.65,82.95,75380,0
CDR,60,20220912,130000,82.95,83.63,82.76,83.2,51050,0
CDR,60,20220912,140000,83.32,84,83.22,83.8,38830,0
CDR,60,20220912,150000,83.78,85.14,83.61,85.14,59575,0
CDR,60,20220912,160000,85.14,85.34,84.49,84.94,62172,0
CDR,60,20220912,170000,85.01,85.3,84.58,84.64,109276,0
CDR,60,20220913,100000,85.4,88.75,85.01,88.7,128694,0
CDR,60,20220913,110000,88.63,88.8,87.3,87.8,74768,0
CDR,60,20220913,120000,87.8,88.49,87.4,87.99,69160,0
CDR,60,20220913,130000,87.84,89.48,87.84,89.42,66275,0
CDR,60,20220913,140000,89.47,89.48,88.25,88.43,50280,0
CDR,60,20220913,150000,88.43,88.69,85.02,85.82,145943,0
CDR,60,20220913,160000,85.98,87.39,85.05,86.87,128499,0
CDR,60,20220913,170000,86.87,86.98,86,86.16,192354,0
CDR,60,20220914,100000,85.9,86.79,85.5,85.78,42255,0
CDR,60,20220914,110000,85.78,86.72,85.01,86.69,41952,0
CDR,60,20220914,120000,86.49,86.6,85.29,85.99,32291,0
CDR,60,20220914,130000,85.99,87.49,85.99,86.95,31460,0
CDR,60,20220914,140000,86.95,88.57,86.76,88.4,126142,0
CDR,60,20220914,150000,88.4,89.4,88.31,89.34,80295,0
CDR,60,20220914,160000,89.32,89.8,88.84,89.61,108892,0
CDR,60,20220914,170000,89.6,90.65,88.95,90.44,188806,0
CDR,60,20220915,100000,90.6,91.75,88.5,90,111794,0
CDR,60,20220915,110000,90,90.87,89.31,90.56,232552,0
CDR,60,20220915,120000,90.56,91.7,90.15,91.6,70602,0
CDR,60,20220915,130000,91.59,91.6,89.73,89.81,63715,0
CDR,60,20220915,140000,89.82,90.24,89.3,90.18,68361,0
CDR,60,20220915,150000,90.18,90.65,89.33,90.65,99129,0
CDR,60,20220915,160000,90.66,92.15,90,92.05,150809,0
CDR,60,20220915,170000,92.11,92.6,91.26,91.7,238166,0
CDR,60,20220916,100000,89.86,90.94,88.12,88.45,119997,0
CDR,60,20220916,110000,88.46,88.49,86.69,87.75,115189,0
CDR,60,20220916,120000,87.67,87.81,86.65,87.12,96775,0
CDR,60,20220916,130000,87.01,87.36,86.51,86.95,69836,0
CDR,60,20220916,140000,86.95,87.53,86.7,87.01,105778,0
CDR,60,20220916,150000,87.01,87.63,86.8,87.49,87367,0
CDR,60,20220916,160000,87.39,88.78,87.28,87.84,149726,0
CDR,60,20220916,170000,87.84,89.88,87.84,88.77,2076032,0
CDR,60,20220919,100000,95.1,97.46,92.33,92.56,325601,0
CDR,60,20220919,110000,92.69,93.59,91.58,92.44,122369,0
CDR,60,20220919,120000,92.43,93,91.5,91.86,85961,0
CDR,60,20220919,130000,91.7,92.19,90.63,91.55,96866,0
CDR,60,20220919,140000,91.48,92.24,89.4,89.78,86588,0
CDR,60,20220919,150000,89.8,90.05,88.35,88.58,88855,0
CDR,60,20220919,160000,88.71,89.29,88.35,88.6,59980,0
CDR,60,20220919,170000,88.62,89.11,87.9,88.91,771128,0
CDR,60,20220920,100000,89.8,90.08,88.59,88.6,62810,0
CDR,60,20220920,110000,88.6,89.34,87.82,89.09,30166,0
CDR,60,20220920,120000,89.13,90.65,89.13,90.2,52475,0
CDR,60,20220920,130000,90.2,90.6,89.82,90.51,60637,0
CDR,60,20220920,140000,90.51,90.56,89.68,89.74,66190,0
CDR,60,20220920,150000,89.82,90.12,88.46,88.73,54023,0
CDR,60,20220920,160000,88.7,89.5,88.35,89,80122,0
CDR,60,20220920,170000,89,89.49,88.62,89.29,137878,0
CDR,60,20220921,100000,88.42,90.23,87.8,89.64,41987,0
CDR,60,20220921,110000,89.65,89.9,87.18,87.52,33226,0
CDR,60,20220921,120000,87.62,87.88,86.8,87.66,41591,0
CDR,60,20220921,130000,87.77,88.27,87.15,87.15,38379,0
CDR,60,20220921,140000,87.15,87.63,86.72,87.31,36858,0
CDR,60,20220921,150000,87.31,87.31,86.8,87.02,23887,0
CDR,60,20220921,160000,87.08,88.37,86.8,88.33,73514,0
CDR,60,20220921,170000,88.34,88.35,87.81,87.92,114201,0
CDR,60,20220922,100000,86.7,91.5,86.05,90.52,289367,0
CDR,60,20220922,110000,90.5,91.19,89,90.27,85136,0
CDR,60,20220922,120000,90.31,90.64,89.8,90.49,61318,0
CDR,60,20220922,130000,90.49,90.5,89.4,89.85,51569,0
CDR,60,20220922,140000,89.85,90.4,89.74,90.18,64623,0
CDR,60,20220922,150000,90.29,90.5,89.65,89.83,122587,0
CDR,60,20220922,160000,89.88,89.91,87.71,88.11,123025,0
CDR,60,20220922,170000,88.16,89.06,88,88.49,142948,0
CDR,60,20220923,100000,90,90.84,88.5,90,162559,0
CDR,60,20220923,110000,89.98,93.63,89.63,92.84,216847,0
CDR,60,20220923,120000,92.91,92.94,91.2,91.77,296324,0
CDR,60,20220923,130000,91.77,92.8,91.7,92.2,165000,0
CDR,60,20220923,140000,92.1,92.35,92.01,92.19,131148,0
CDR,60,20220923,150000,92.19,93.28,91.55,91.88,222917,0
CDR,60,20220923,160000,91.82,92.15,89.5,89.52,147987,0
CDR,60,20220923,170000,89.54,90.63,89.5,90.49,213187,0
CDR,60,20220926,100000,94.97,96.7,91.11,95.94,389353,0
CDR,60,20220926,110000,95.94,96.15,93.56,93.94,75422,0
CDR,60,20220926,120000,93.94,94.86,93.11,93.21,57207,0
CDR,60,20220926,130000,93.2,95.68,93.2,95.23,64781,0
CDR,60,20220926,140000,95.24,96.28,95.01,95.24,76155,0
CDR,60,20220926,150000,95.43,96.7,94.54,96.52,112590,0
CDR,60,20220926,160000,96.5,98,95.5,97.78,220701,0
CDR,60,20220926,170000,97.8,104,97.8,102.68,479603,0
CDR,60,20220927,100000,102.32,103.6,100.02,102.02,288926,0
CDR,60,20220927,110000,102.04,105.4,101.1,103.76,188784,0
CDR,60,20220927,120000,103.7,105.4,103.22,104.86,142448,0
CDR,60,20220927,130000,104.62,105,103.78,104.98,115398,0
CDR,60,20220927,140000,104.96,105.94,104.46,105.14,156626,0
CDR,60,20220927,150000,105.14,106.98,104.66,106,166601,0
CDR,60,20220927,160000,106,106.22,103.82,104.24,262696,0
CDR,60,20220927,170000,104.24,105,102.26,104.06,317309,0
CDR,60,20220928,100000,103,104.28,100.7,103.72,124848,0
CDR,60,20220928,110000,103.62,103.98,102.56,102.7,71762,0
CDR,60,20220928,120000,102.68,102.82,101.22,102.2,80053,0
CDR,60,20220928,130000,102.04,103.7,101.9,102.22,73345,0
CDR,60,20220928,140000,102.22,103.9,101.88,103.62,47148,0
CDR,60,20220928,150000,103.62,106.5,103.42,105.82,92218,0
CDR,60,20220928,160000,105.66,105.68,104.04,104.8,93154,0
CDR,60,20220928,170000,104.86,106,104.24,105.76,251242,0
CDR,60,20220929,100000,107,108.5,103.08,104.44,175988,0
CDR,60,20220929,110000,104.46,104.48,100.42,101.8,141975,0
CDR,60,20220929,120000,101.56,102.48,100.72,101.24,48769,0
CDR,60,20220929,130000,101.12,102.5,100.76,101.56,36300,0
CDR,60,20220929,140000,101.5,101.84,100.28,100.7,53822,0
CDR,60,20220929,150000,100.7,102.2,100.14,101.76,93438,0
CDR,60,20220929,160000,101.82,102.24,99.2,99.2,127427,0
CDR,60,20220929,170000,99.21,100.14,97.82,98.62,227940,0
CDR,60,20220930,100000,98.62,100.56,97,98.72,79583,0
CDR,60,20220930,110000,98.72,99.24,97.03,98.36,42642,0
CDR,60,20220930,120000,98.33,99.67,97.99,99.09,38856,0
CDR,60,20220930,130000,99.1,101.9,99.1,99.92,67422,0
CDR,60,20220930,140000,99.94,100.64,99.76,100.4,42947,0
CDR,60,20220930,150000,100.26,101.96,100,100.26,68409,0
CDR,60,20220930,160000,100.26,100.84,99.13,100.64,92225,0
CDR,60,20220930,170000,100.52,100.8,99.31,100.2,268482,0
CDR,60,20221003,100000,100,100.48,97.2,97.85,117010,0
CDR,60,20221003,110000,97.85,98.19,96.6,97.5,47978,0
CDR,60,20221003,120000,97.6,101.94,97.3,100.82,187220,0
CDR,60,20221003,130000,100.94,100.94,99.2,99.84,48270,0
CDR,60,20221003,140000,99.68,100.78,99.51,100.4,51079,0
CDR,60,20221003,150000,100.46,102.54,100.12,102.1,161979,0
CDR,60,20221003,160000,102.1,104.18,102.04,103.22,177388,0
CDR,60,20221003,170000,103.26,105.92,102.98,105.34,225790,0
CDR,60,20221004,100000,107,109.5,105.86,107.32,214420,0
CDR,60,20221004,110000,107.52,108.42,106.2,107,69411,0
CDR,60,20221004,120000,107,108.4,106.6,108.38,66297,0
CDR,60,20221004,130000,108.38,108.4,107.12,107.54,76686,0
CDR,60,20221004,140000,107.76,109.02,107.58,108.9,59268,0
CDR,60,20221004,150000,109.06,109.44,107.72,108.06,91210,0
CDR,60,20221004,160000,107.98,108.56,105.72,106.76,144524,0
CDR,60,20221004,170000,106.76,108.46,106.74,108.4,204800,0
CDR,60,20221005,100000,118.34,123.32,112.26,112.98,954759,0
CDR,60,20221005,110000,112.86,113.7,109.52,110.6,327735,0
CDR,60,20221005,120000,110.6,112.48,109.8,111.06,128122,0
CDR,60,20221005,130000,111.4,113.5,111.3,113.26,152024,0
CDR,60,20221005,140000,113.24,116.74,113.2,116.38,325037,0
CDR,60,20221005,150000,116.36,116.48,113.5,115.18,161374,0
CDR,60,20221005,160000,115.18,116.4,114,114.58,209343,0
CDR,60,20221005,170000,114.62,114.68,110.26,110.26,404131,0
CDR,60,20221006,100000,112.98,112.98,110.12,111.26,100099,0
CDR,60,20221006,110000,111.4,111.4,108.9,109.82,103123,0
CDR,60,20221006,120000,109.78,111.44,109.02,109.04,82609,0
CDR,60,20221006,130000,109.02,109.34,108.6,108.94,73861,0
CDR,60,20221006,140000,108.94,110.36,108.76,110.04,68362,0
CDR,60,20221006,150000,110.26,112.78,109.82,112.64,123120,0
CDR,60,20221006,160000,112.64,113,111.28,112.68,121325,0
CDR,60,20221006,170000,112.7,112.78,109.74,111.54,154702,0
CDR,60,20221007,100000,111,111.12,109.02,110.1,57166,0
CDR,60,20221007,110000,109.98,111.88,109.72,111.56,36352,0
CDR,60,20221007,120000,111.68,113.36,110.74,113,74074,0
CDR,60,20221007,130000,112.82,114.08,111.84,113.8,113015,0
CDR,60,20221007,140000,113.9,114.72,113.5,114.22,64485,0
CDR,60,20221007,150000,114.3,115.16,113.18,113.92,116659,0
CDR,60,20221007,160000,113.62,114.1,112.54,113.94,124566,0
CDR,60,20221007,170000,113.94,116.22,113.24,116.22,198204,0
CDR,60,20221010,100000,114.9,115.3,113,113.6,72943,0
CDR,60,20221010,110000,113.84,114.56,113.48,114.04,91014,0
CDR,60,20221010,120000,114.2,114.82,113.46,114.3,75343,0
CDR,60,20221010,130000,114.1,114.32,113.54,114.12,105938,0
CDR,60,20221010,140000,114.12,115.48,113.92,115.44,110229,0
CDR,60,20221010,150000,115.3,116.08,114.98,115.84,63230,0
CDR,60,20221010,160000,116,116.14,114.5,115,62431,0
CDR,60,20221010,170000,114.82,115.6,113.52,114.68,154933,0
CDR,60,20221011,100000,114.5,114.5,112.38,113,79315,0
CDR,60,20221011,110000,113,114.68,113,114.18,76896,0
CDR,60,20221011,120000,114.34,115.04,113.76,114.98,117003,0
CDR,60,20221011,130000,114.98,117.8,114.86,117.36,126864,0
CDR,60,20221011,140000,117.42,117.44,116.24,116.72,85930,0
CDR,60,20221011,150000,116.82,118.5,116.82,117.4,119108,0
CDR,60,20221011,160000,117.4,118.82,117.28,117.84,109590,0
CDR,60,20221011,170000,117.84,120.8,117.76,120.8,261319,0
CDR,60,20221012,100000,120.8,120.8,117,118.18,104699,0
CDR,60,20221012,110000,118.18,119.8,117.88,119.38,101175,0
CDR,60,20221012,120000,119.22,119.6,118.32,118.68,59774,0
CDR,60,20221012,130000,118.8,119.5,118.22,118.88,47623,0
CDR,60,20221012,140000,118.92,119.18,117.82,117.92,33049,0
CDR,60,20221012,150000,117.9,118,116.3,116.58,82502,0
CDR,60,20221012,160000,116.58,118.6,116.44,118.34,83392,0
CDR,60,20221012,170000,118.02,118.44,114,114.8,165322,0
CDR,60,20221013,100000,114,116.9,113.22,115.98,68054,0
CDR,60,20221013,110000,116.4,116.46,114.88,115.18,51806,0
CDR,60,20221013,120000,115.3,115.68,115,115.1,47961,0
CDR,60,20221013,130000,115.24,115.46,114.78,115.22,61805,0
CDR,60,20221013,140000,115.34,115.5,114.72,115.4,35405,0
CDR,60,20221013,150000,115.34,116.5,112.36,112.52,114582,0
CDR,60,20221013,160000,112.52,113.24,111.28,112.32,122685,0
CDR,60,20221013,170000,112.3,113.42,111.68,112.06,143378,0
CDR,60,20221014,100000,115,115.82,113.02,114.4,80614,0
CDR,60,20221014,110000,114.3,115.48,113.78,113.78,39746,0
CDR,60,20221014,120000,113.7,114.98,113.2,114.82,37414,0
CDR,60,20221014,130000,114.96,116.9,114.5,116.44,58003,0
CDR,60,20221014,140000,116.62,117.22,114.22,114.4,63690,0
CDR,60,20221014,150000,114.52,116.64,114.52,116.5,46351,0
CDR,60,20221014,160000,116.46,116.8,115.16,115.28,50607,0
CDR,60,20221014,170000,115.36,115.36,113.22,113.76,116261,0
CDR,60,20221017,100000,114.5,116.28,113.5,114.98,53164,0
CDR,60,20221017,110000,114.82,115.18,113.36,114.84,38492,0
CDR,60,20221017,120000,114.84,115.28,114.1,114.78,27756,0
CDR,60,20221017,130000,114.8,115.46,114.72,115.12,24014,0
CDR,60,20221017,140000,115,115.96,114.72,115.88,37327,0
CDR,60,20221017,150000,115.84,116.88,115.6,116.74,52496,0
CDR,60,20221017,160000,116.66,117.48,115.98,116.52,44828,0
CDR,60,20221017,170000,116.56,117.98,116.22,117.96,102989,0
CDR,60,20221018,100000,119.2,121.64,118.34,120.68,75828,0
CDR,60,20221018,110000,120.66,121.22,119.92,120.96,57978,0
CDR,60,20221018,120000,120.98,122.96,120.66,122.5,107337,0
CDR,60,20221018,130000,122.68,123.8,122.3,123.54,112190,0
CDR,60,20221018,140000,123.6,124.9,123.3,124.82,98876,0
CDR,60,20221018,150000,124.66,125.8,124.6,125.24,92764,0
CDR,60,20221018,160000,125.24,125.88,124.3,124.56,110875,0
CDR,60,20221018,170000,124.6,125.2,121,121.22,294718,0
CDR,60,20221019,100000,122.66,122.8,119.78,121.5,92589,0
CDR,60,20221019,110000,121.5,121.54,119.9,120.68,62213,0
CDR,60,20221019,120000,120.76,122.96,120.74,122.4,67723,0
CDR,60,20221019,130000,122.18,122.62,120.98,121.94,49666,0
CDR,60,20221019,140000,121.94,123.34,121.7,123.12,54286,0
CDR,60,20221019,150000,123.14,123.14,121.04,121.46,54672,0
CDR,60,20221019,160000,121.46,121.88,119.42,120.14,96592,0
CDR,60,20221019,170000,120.1,120.46,118.72,118.72,159593,0
CDR,60,20221020,100000,120,120.48,117.22,119.3,64429,0
CDR,60,20221020,110000,119.26,120.3,119.1,119.52,43334,0
CDR,60,20221020,120000,119.46,120.12,118.48,118.52,53669,0
CDR,60,20221020,130000,118.4,119.88,117.68,119.72,75341,0
CDR,60,20221020,140000,119.72,120.38,119,119.6,51538,0
CDR,60,20221020,150000,119.62,120.2,116.94,117.22,85804,0
CDR,60,20221020,160000,117.24,118.9,117,117.78,89755,0
CDR,60,20221020,170000,117.9,119.3,117.9,118.92,213835,0
CDR,60,20221021,100000,117.98,119.96,117.2,119.32,24666,0
CDR,60,20221021,110000,119.26,121.44,119.26,121,35674,0
CDR,60,20221021,120000,121.24,121.5,120.64,120.96,27687,0
CDR,60,20221021,130000,121.16,121.98,120.56,121.8,52118,0
CDR,60,20221021,140000,121.98,122.3,121.2,121.32,37625,0
CDR,60,20221021,150000,121.28,121.32,119.08,119.16,76480,0
CDR,60,20221021,160000,119,120.12,117.52,118.76,115533,0
CDR,60,20221021,170000,118.78,119.76,118.6,118.6,103618,0
CDR,60,20221024,100000,120,123.7,119.5,123.3,77646,0
CDR,60,20221024,110000,123.2,124.6,122.72,123.98,72853,0
CDR,60,20221024,120000,124,124.4,123.02,124.12,57921,0
CDR,60,20221024,130000,124.2,124.2,123.68,123.68,44045,0
CDR,60,20221024,140000,123.76,124.66,123.14,124.4,40178,0
CDR,60,20221024,150000,124.26,124.86,123.78,124.32,54923,0
CDR,60,20221024,160000,124.2,124.34,121.18,121.78,102277,0
CDR,60,20221024,170000,121.66,122.04,120.5,121,188801,0
CDR,60,20221025,100000,120.5,120.5,118.1,118.9,74138,0
CDR,60,20221025,110000,118.9,121.08,118.78,120.52,74963,0
CDR,60,20221025,120000,120.54,120.56,119.32,119.72,35305,0
CDR,60,20221025,130000,119.9,120.3,119.62,119.8,36764,0
CDR,60,20221025,140000,119.98,120.36,118.94,119.3,43457,0
CDR,60,20221025,150000,119.3,119.68,117.54,117.66,78142,0
CDR,60,20221025,160000,117.72,120,117.54,119.66,88654,0
CDR,60,20221025,170000,119.98,120.24,118.26,118.26,217958,0
CDR,60,20221026,100000,118.26,120.5,118,119,58802,0
CDR,60,20221026,110000,118.8,119.32,117.3,119,82262,0
CDR,60,20221026,120000,119,119.5,118.3,118.4,40092,0
CDR,60,20221026,130000,118.5,119,118.26,118.5,41887,0
CDR,60,20221026,140000,118.5,118.64,117.3,117.58,73204,0
CDR,60,20221026,150000,117.58,119.28,117.46,119.04,71570,0
CDR,60,20221026,160000,119.04,120.2,118.68,119.92,91541,0
CDR,60,20221026,170000,119.92,123.4,119.82,122.46,164716,0
CDR,60,20221027,100000,122.46,122.46,119.26,119.5,75716,0
CDR,60,20221027,110000,119.5,121,119.36,120.58,45036,0
CDR,60,20221027,120000,120.58,121,119.32,119.52,50133,0
CDR,60,20221027,130000,119.46,119.92,118.5,119.84,37758,0
CDR,60,20221027,140000,119.84,120.66,119.42,119.7,28652,0
CDR,60,20221027,150000,119.7,120.6,119.1,119.96,39004,0
CDR,60,20221027,160000,120.16,120.42,119.2,119.28,41742,0
CDR,60,20221027,170000,119.26,121.02,119.26,120.1,94162,0
CDR,60,20221028,100000,119.5,120.84,118.62,118.78,38128,0
CDR,60,20221028,110000,118.7,120.02,118.54,119.82,58350,0
CDR,60,20221028,120000,119.78,120.32,119.14,120.12,75210,0
CDR,60,20221028,130000,120.12,121.5,119.8,121.2,77667,0
CDR,60,20221028,140000,121.1,122.14,121.08,121.52,49335,0
CDR,60,20221028,150000,121.58,123.8,121.42,123.7,52447,0
CDR,60,20221028,160000,123.76,124.7,123.14,124.2,70267,0
CDR,60,20221028,170000,124.18,124.68,123.68,124,175313,0
CDR,60,20221031,100000,124,125.82,122.7,125.2,42833,0
CDR,60,20221031,110000,124.98,127.6,124.5,127.26,39398,0
CDR,60,20221031,120000,127.34,127.94,126.52,126.8,31709,0
CDR,60,20221031,130000,126.76,127.92,126.46,127.78,28679,0
CDR,60,20221031,140000,127.76,128.3,127.3,128.3,27509,0
CDR,60,20221031,150000,128.28,128.6,126.78,127.18,36326,0
CDR,60,20221031,160000,127.06,127.58,125.8,126.9,65890,0
CDR,60,20221031,170000,126.66,127.34,126,127.1,170979,0
CDR,60,20221102,100000,127.5,128.7,126.7,127.1,73001,0
CDR,60,20221102,110000,127.2,132.5,126.18,132.1,223361,0
CDR,60,20221102,120000,132.28,133.8,131.08,133.34,144857,0
CDR,60,20221102,130000,133.38,134.24,132.5,133.24,58385,0
CDR,60,20221102,140000,133.2,134.2,132.3,134.06,74334,0
CDR,60,20221102,150000,134.18,134.48,133.34,134.1,55954,0
CDR,60,20221102,160000,134.12,136.2,133.6,135.06,77398,0
CDR,60,20221102,170000,135.06,136.5,135.06,136.22,210587,0
CDR,60,20221103,100000,133,135.48,130.3,134.4,95135,0
CDR,60,20221103,110000,134.4,135.22,133.26,134.14,44825,0
CDR,60,20221103,120000,134.12,134.26,132.06,132.4,71626,0
CDR,60,20221103,130000,132.56,133.06,132.12,132.44,33608,0
CDR,60,20221103,140000,132.44,133.2,132.02,132.14,54378,0
CDR,60,20221103,150000,132.14,133.18,131,131.9,46502,0
CDR,60,20221103,160000,131.9,134.06,131.42,133.56,32744,0
CDR,60,20221103,170000,133.32,134.36,132.92,134.24,126244,0
CDR,60,20221104,100000,135,138.2,134.3,137.28,52636,0
CDR,60,20221104,110000,137,137.7,136.4,136.8,30968,0
CDR,60,20221104,120000,136.76,137.7,136.2,137.32,27811,0
CDR,60,20221104,130000,137.28,137.32,135.64,136.32,21512,0
CDR,60,20221104,140000,136.18,136.84,135.6,136.8,28509,0
CDR,60,20221104,150000,136.8,137.48,135.74,137.06,37259,0
CDR,60,20221104,160000,136.94,137.42,136.38,137.08,39203,0
CDR,60,20221104,170000,137.08,140,136.98,139.18,123705,0
CDR,60,20221107,100000,139.98,142.42,138,139.54,74131,0
CDR,60,20221107,110000,139.54,140.26,138.5,138.92,38418,0
CDR,60,20221107,120000,138.72,138.96,134.34,135.1,105506,0
CDR,60,20221107,130000,135.1,136.72,133.64,134.5,44879,0
CDR,60,20221107,140000,134.5,134.7,133.02,133.94,36555,0
CDR,60,20221107,150000,134.2,135.88,133.72,135.04,24484,0
CDR,60,20221107,160000,134.7,135.44,134.18,134.62,39109,0
CDR,60,20221107,170000,134.78,137.04,134.48,136.28,71398,0
CDR,60,20221108,100000,136,137.14,134.02,137.14,95008,0
CDR,60,20221108,110000,136.92,137,135.78,136.12,24053,0
CDR,60,20221108,120000,136.1,136.38,131.94,132.54,95841,0
CDR,60,20221108,130000,132.78,134.1,132.78,132.96,49145,0
CDR,60,20221108,140000,132.9,133.9,132.56,133.9,36252,0
CDR,60,20221108,150000,133.76,135,133.1,135,24507,0
CDR,60,20221108,160000,135,135.56,134.5,134.8,25012,0
CDR,60,20221108,170000,134.8,136.5,134.38,136.08,81329,0
CDR,60,20221109,100000,135.7,136.88,133.54,134.32,48187,0
CDR,60,20221109,110000,134.26,134.98,133.6,134.36,11530,0
CDR,60,20221109,120000,134.34,135.18,133.68,134.54,20638,0
CDR,60,20221109,130000,134.48,134.9,134,134.48,6072,0
CDR,60,20221109,140000,134.44,135.02,134,134.86,13303,0
CDR,60,20221109,150000,134.58,135.86,134.34,135.86,11708,0
CDR,60,20221109,160000,135.5,136.48,135.12,136.12,23141,0
CDR,60,20221109,170000,136.2,137.06,135.62,136.32,59554,0
CDR,60,20221110,100000,135.9,138.2,134.92,137.3,34203,0
CDR,60,20221110,110000,137.3,137.3,135.78,137.16,10217,0
CDR,60,20221110,120000,137.16,137.34,135.5,136.3,11809,0
CDR,60,20221110,130000,136.32,137.12,135.22,136.44,13688,0
CDR,60,20221110,140000,136.4,136.4,135.62,135.92,10598,0
CDR,60,20221110,150000,135.94,140.5,135.94,140,73524,0
CDR,60,20221110,160000,140,142.8,139.36,141.86,77678,0
CDR,60,20221110,170000,141.52,143,140.62,140.8,161732,0
CDR,60,20221114,100000,141,146.6,141,144.12,182557,0
CDR,60,20221114,110000,144.12,145,143.56,143.8,61765,0
CDR,60,20221114,120000,143.8,145,143.76,144.52,48232,0
CDR,60,20221114,130000,144.56,145.8,144.52,145.7,23137,0
CDR,60,20221114,140000,145.68,146.6,145.64,146.34,27085,0
CDR,60,20221114,150000,146.4,148.4,146.14,148.16,79046,0
CDR,60,20221114,160000,147.98,148.98,147.7,148.48,69316,0
CDR,60,20221114,170000,148.48,148.6,144.68,145.56,224663,0
CDR,60,20221115,100000,149,149.6,143.84,145.6,135799,0
CDR,60,20221115,110000,145.6,145.9,143.56,145.7,49246,0
CDR,60,20221115,120000,145.6,147.8,145.26,147.04,31312,0
CDR,60,20221115,130000,146.92,147.2,145.62,145.62,19136,0
CDR,60,20221115,140000,145.7,146.98,145.68,146.5,14533,0
CDR,60,20221115,150000,146.48,149.3,146.28,148.26,40374,0
CDR,60,20221115,160000,148.24,149.34,147.6,149.2,44008,0
CDR,60,20221115,170000,149.2,149.28,146.76,147.5,95203,0
CDR,60,20221116,100000,145.5,150.22,145,148.28,132189,0
CDR,60,20221116,110000,148.2,148.9,146.96,148.36,47731,0
CDR,60,20221116,120000,148.46,149,147.7,147.72,33355,0
CDR,60,20221116,130000,147.72,148.34,147,147.32,31602,0
CDR,60,20221116,140000,147.34,148.06,147.06,147.06,43182,0
CDR,60,20221116,150000,147.06,147.62,146.38,147,50681,0
CDR,60,20221116,160000,146.94,147.6,146.58,146.6,51247,0
CDR,60,20221116,170000,146.54,146.76,145.02,145.18,117221,0
CDR,60,20221117,100000,147.06,147.28,144.42,144.54,44173,0
CDR,60,20221117,110000,144.56,144.88,143.2,144.74,33364,0
CDR,60,20221117,120000,144.64,146.7,144.2,145.36,24738,0
CDR,60,20221117,130000,145.4,145.92,145.1,145.76,10763,0
CDR,60,20221117,140000,145.74,146.4,145.02,145.14,20200,0
CDR,60,20221117,150000,145.14,147.86,145.02,147.82,44579,0
CDR,60,20221117,160000,147.9,148.88,146.58,147.46,50446,0
CDR,60,20221117,170000,147.46,147.48,146.02,146.84,58563,0
CDR,60,20221118,100000,147.34,148.8,146.88,148.1,32156,0
CDR,60,20221118,110000,148,149.7,147.9,149.5,40196,0
CDR,60,20221118,120000,149.56,149.82,148.38,149.5,29974,0
CDR,60,20221118,130000,149.5,153.5,149.3,152.48,80335,0
CDR,60,20221118,140000,152.3,152.6,151.14,152.1,23055,0
CDR,60,20221118,150000,152.1,153.38,152.02,152.92,25458,0
CDR,60,20221118,160000,152.68,152.82,149.56,149.6,37423,0
CDR,60,20221118,170000,149.78,149.82,144.9,145,153614,0
CDR,60,20221121,100000,144.7,145.9,138.1,138.62,130534,0
CDR,60,20221121,110000,138.58,139.98,138.24,138.96,45233,0
CDR,60,20221121,120000,139,140.38,135.04,137.08,76104,0
CDR,60,20221121,130000,137.36,138.74,136.72,138,45165,0
CDR,60,20221121,140000,137.9,139.46,137.22,139.46,35637,0
CDR,60,20221121,150000,139.28,139.46,138.5,139.46,32774,0
CDR,60,20221121,160000,139.3,142.42,138.6,141.48,53045,0
CDR,60,20221121,170000,141.36,141.66,139.28,139.28,71281,0
CDR,60,20221122,100000,140,142.8,140,142.54,49194,0
CDR,60,20221122,110000,142.54,143.84,141.96,142.12,39199,0
CDR,60,20221122,120000,142.1,142.2,141.36,142.2,21650,0
CDR,60,20221122,130000,142.2,142.2,141.56,141.6,23319,0
CDR,60,20221122,140000,141.6,141.6,139.36,139.36,29360,0
CDR,60,20221122,150000,139.34,139.6,138.52,138.76,47520,0
CDR,60,20221122,160000,138.74,138.8,137.38,138,64749,0
CDR,60,20221122,170000,138.08,138.46,137.14,137.94,102098,0
CDR,60,20221123,100000,138.8,141.76,138.36,140.78,35822,0
CDR,60,20221123,110000,140.78,141.98,140.6,141.14,26215,0
CDR,60,20221123,120000,141.14,141.26,140.24,140.34,8320,0
CDR,60,20221123,130000,140.32,140.32,139.08,139.1,15168,0
CDR,60,20221123,140000,139.1,139.32,138.28,138.98,14466,0
CDR,60,20221123,150000,138.72,138.78,137.2,138.5,20944,0
CDR,60,20221123,160000,138.48,139.24,137.18,139.22,25135,0
CDR,60,20221123,170000,139.28,139.52,138.6,138.6,90447,0
CDR,60,20221124,100000,140,141.76,140,140.3,37032,0
CDR,60,20221124,110000,140.48,141.38,140.06,140.3,19209,0
CDR,60,20221124,120000,140.1,140.8,140,140.52,14274,0
CDR,60,20221124,130000,140.5,140.8,140,140.38,33108,0
CDR,60,20221124,140000,140.38,142.06,140.38,141.66,31279,0
CDR,60,20221124,150000,141.64,143.38,141.64,142.82,32449,0
CDR,60,20221124,160000,142.82,143.06,140.76,141.36,21692,0
CDR,60,20221124,170000,141.12,141.5,140.64,141.38,61526,0
CDR,60,20221125,100000,141,142.5,140.74,141.98,39285,0
CDR,60,20221125,110000,141.88,142.58,141.52,141.92,27133,0
CDR,60,20221125,120000,141.82,144.6,141.62,143.26,43725,0
CDR,60,20221125,130000,143.52,144.28,142.5,142.88,19621,0
CDR,60,20221125,140000,142.88,143.4,142.06,142.56,13228,0
CDR,60,20221125,150000,142.48,142.58,141.4,141.54,29960,0
CDR,60,20221125,160000,141.52,142.34,141.2,141.84,61546,0
CDR,60,20221125,170000,141.84,141.98,140,140,141987,0
CDR,60,20221128,100000,140,140.96,137.56,140.78,59697,0
CDR,60,20221128,110000,140.68,140.94,139.16,139.32,29241,0
CDR,60,20221128,120000,139.48,139.6,138.6,139.42,23252,0
CDR,60,20221128,130000,139.48,139.5,138.68,139.08,22280,0
CDR,60,20221128,140000,139,139.44,138.68,138.82,28539,0
CDR,60,20221128,150000,138.82,139.32,138.08,138.44,34360,0
CDR,60,20221128,160000,138.32,140,137.34,139.86,61677,0
CDR,60,20221128,170000,139.86,140.12,138.52,138.52,104280,0
CDR,60,20221129,100000,142.02,142.62,133.2,133.96,197759,0
CDR,60,20221129,110000,133.92,133.98,130.5,130.64,140801,0
CDR,60,20221129,120000,130.64,131.38,129.76,129.96,103310,0
CDR,60,20221129,130000,130,131.16,129.76,130.74,69674,0
CDR,60,20221129,140000,130.9,130.96,128.48,129.52,104827,0
CDR,60,20221129,150000,129.6,130.38,129,129.6,54161,0
CDR,60,20221129,160000,129.8,130.56,128.96,130.52,161426,0
CDR,60,20221129,170000,130.52,131.8,129.8,131.48,446233,0
CDR,60,20221130,100000,131.48,133.9,128.72,132.84,135588,0
CDR,60,20221130,110000,132.96,133.88,132.5,133.78,55543,0
CDR,60,20221130,120000,133.8,134.32,131.9,132.9,52206,0
CDR,60,20221130,130000,132.9,133,132,132.32,41224,0
CDR,60,20221130,140000,132.32,132.46,131.1,131.16,27557,0
CDR,60,20221130,150000,131.14,131.34,128.74,128.78,81741,0
CDR,60,20221130,160000,128.9,131.24,128.78,130.86,65919,0
CDR,60,20221130,170000,130.86,131.48,129.8,130.98,295649,0
CDR,60,20221201,100000,133,134.5,131.32,131.48,98129,0
CDR,60,20221201,110000,131.46,131.54,128.02,128.12,89871,0
CDR,60,20221201,120000,128.1,128.42,126.3,126.88,120296,0
CDR,60,20221201,130000,126.88,128.82,126.7,127.48,65967,0
CDR,60,20221201,140000,127.48,127.62,126.7,126.82,63287,0
CDR,60,20221201,150000,126.92,127.22,124.34,124.8,148436,0
CDR,60,20221201,160000,124.86,125.7,124.56,124.6,167070,0
CDR,60,20221201,170000,124.62,124.8,123.4,123.58,237736,0
CDR,60,20221202,100000,124,126.6,121.24,125.1,137667,0
CDR,60,20221202,110000,125.2,128.8,125.04,128.14,122280,0
CDR,60,20221202,120000,128.1,129.36,127.54,129.02,79935,0
CDR,60,20221202,130000,129.28,129.5,127.62,127.62,47652,0
CDR,60,20221202,140000,127.56,128.18,127.12,127.5,23314,0
CDR,60,20221202,150000,127.5,128.08,125.12,126.86,65250,0
CDR,60,20221202,160000,127.02,128.2,126.58,127.9,56367,0
CDR,60,20221202,170000,127.94,128,127.02,127.32,68900,0
CDR,60,20221205,100000,128.68,132.3,128.68,129.94,76119,0
CDR,60,20221205,110000,129.86,132.44,129.26,131.98,90657,0
CDR,60,20221205,120000,131.76,132.84,131.2,131.42,46798,0
CDR,60,20221205,130000,131.52,131.58,130.52,131.18,35205,0
CDR,60,20221205,140000,131.24,131.26,130.06,130.46,31330,0
CDR,60,20221205,150000,130.4,130.5,127.5,127.62,66041,0
CDR,60,20221205,160000,127.62,129.64,127.62,128.24,44367,0
CDR,60,20221205,170000,128.24,128.74,127.54,127.8,71184,0
CDR,60,20221206,100000,128,128.8,126.12,126.64,47392,0
CDR,60,20221206,110000,126.86,126.88,125.68,126,35907,0
CDR,60,20221206,120000,126,126.86,125.74,126.56,44169,0
CDR,60,20221206,130000,126.7,127.24,126.16,127.08,18965,0
CDR,60,20221206,140000,127.08,128.62,126.72,127.72,33584,0
CDR,60,20221206,150000,127.6,128.96,127.22,128.96,16452,0
CDR,60,20221206,160000,128.96,131.4,128.96,129.44,90163,0
CDR,60,20221206,170000,129.44,131.5,128.88,130.76,102961,0
CDR,60,20221207,100000,130.76,130.76,128.08,128.58,29545,0
CDR,60,20221207,110000,128.76,129.18,128.2,129,32343,0
CDR,60,20221207,120000,129,129.62,128.4,129.42,25216,0
CDR,60,20221207,130000,129.58,130,129,129.18,11145,0
CDR,60,20221207,140000,129.18,129.28,128.92,129.2,14432,0
CDR,60,20221207,150000,129.22,129.82,128.7,129.12,74210,0
CDR,60,20221207,160000,129.12,130.48,129.12,129.9,23115,0
CDR,60,20221207,170000,129.64,129.9,128.48,128.5,79310,0
CDR,60,20221208,100000,129,129.8,128.1,128.24,27757,0
CDR,60,20221208,110000,128.22,128.82,128.12,128.48,10784,0
CDR,60,20221208,120000,128.48,128.9,127.36,127.4,25490,0
CDR,60,20221208,130000,127.38,127.64,126.1,126.3,24750,0
CDR,60,20221208,140000,126.3,126.58,125.72,126.24,34525,0
CDR,60,20221208,150000,126.24,126.62,125.62,125.98,19075,0
CDR,60,20221208,160000,125.9,126.04,125.1,125.7,35478,0
CDR,60,20221208,170000,125.56,126.84,125.26,126.48,89116,0
CDR,60,20221209,100000,127.5,128.62,126.5,128.5,14536,0
CDR,60,20221209,110000,128.54,130.4,128.2,130.32,34997,0
CDR,60,20221209,120000,130.42,131.68,130.42,131.06,51522,0
CDR,60,20221209,130000,131.06,131.86,130.76,131.54,31778,0
CDR,60,20221209,140000,131.56,132.2,130.8,131.9,29312,0
CDR,60,20221209,150000,131.9,131.92,129,129.92,21781,0
CDR,60,20221209,160000,129.92,130.52,129.06,129.96,23032,0
CDR,60,20221209,170000,129.96,131.68,129.42,131.38,58148,0
CDR,60,20221212,100000,132,132.14,130,130.32,26332,0
CDR,60,20221212,110000,130.32,133.66,130.14,133.5,27995,0
CDR,60,20221212,120000,133.6,134.8,133.38,134.54,29457,0
CDR,60,20221212,130000,134.56,134.92,134.26,134.56,16484,0
CDR,60,20221212,140000,134.42,135.46,134.2,135.24,26748,0
CDR,60,20221212,150000,135.24,135.48,134.5,135.34,11248,0
CDR,60,20221212,160000,135.3,136.2,134.86,135.48,27875,0
CDR,60,20221212,170000,135.62,136.7,134,134.52,84084,0
CDR,60,20221213,100000,135.48,137.48,133.8,134.2,43692,0
CDR,60,20221213,110000,134.44,135.04,133.88,134.52,18921,0
CDR,60,20221213,120000,134.5,135.78,134.34,135.16,15690,0
CDR,60,20221213,130000,135.12,135.42,134.54,134.88,20315,0
CDR,60,20221213,140000,134.88,135.62,134.64,135.32,22218,0
CDR,60,20221213,150000,135.56,137.98,134.7,137.6,49023,0
CDR,60,20221213,160000,137.74,139.8,137.44,139.28,69744,0
CDR,60,20221213,170000,139.4,139.5,137.02,137.02,69924,0
CDR,60,20221214,100000,137.1,138.64,136.38,137.66,27886,0
CDR,60,20221214,110000,137.68,139,136.6,138.98,30098,0
CDR,60,20221214,120000,138.98,138.98,137.5,137.86,26664,0
CDR,60,20221214,130000,137.98,138,137.1,137.78,8843,0
CDR,60,20221214,140000,137.78,139.46,137.7,139.42,47104,0
CDR,60,20221214,150000,139.44,141.98,139,141.02,58638,0
CDR,60,20221214,160000,141.06,141.32,139.94,140.98,39265,0
CDR,60,20221214,170000,141,143,140.6,142.6,168125,0
CDR,60,20221215,100000,141,141,131,132.08,297671,0
CDR,60,20221215,110000,132.1,132.66,130.2,130.82,149483,0
CDR,60,20221215,120000,131,132.1,130,131.46,78023,0
CDR,60,20221215,130000,131.4,133.1,130.94,132.08,61446,0
CDR,60,20221215,140000,132.12,132.74,131.5,131.68,30166,0
CDR,60,20221215,150000,131.68,131.8,130.42,130.9,56319,0
CDR,60,20221215,160000,130.92,131.1,130.04,130.04,110572,0
CDR,60,20221215,170000,130.04,131.22,129.9,129.9,129183,0
CDR,60,20221216,100000,129.3,130.78,128,129.78,81481,0
CDR,60,20221216,110000,129.7,129.74,126.66,129.5,70038,0
CDR,60,20221216,120000,129.52,131.44,128.18,130.36,45535,0
CDR,60,20221216,130000,130.36,132.48,130.3,131.52,33811,0
CDR,60,20221216,140000,131.6,131.92,130.78,131.1,16741,0
CDR,60,20221216,150000,131.18,132.14,131.18,132,20379,0
CDR,60,20221216,160000,132,134.7,131.84,133.58,115676,0
CDR,60,20221216,170000,133.58,133.94,132.32,132.64,503292,0
CDR,60,20221219,100000,133,133.58,129.44,130.36,49132,0
CDR,60,20221219,110000,130.22,131.88,129.76,131.6,38749,0
CDR,60,20221219,120000,131.54,131.54,130.5,130.68,15305,0
CDR,60,20221219,130000,130.6,130.92,129.92,130.28,15956,0
CDR,60,20221219,140000,130.36,130.96,130,130.7,12459,0
CDR,60,20221219,150000,130.52,131,130.3,130.34,12934,0
CDR,60,20221219,160000,130.36,130.62,129,129.42,34368,0
CDR,60,20221219,170000,129.42,129.6,128.2,128.74,106984,0
CDR,60,20221220,100000,127.2,129.52,126.68,129.02,28386,0
CDR,60,20221220,110000,129,129.1,127.2,127.6,14263,0
CDR,60,20221220,120000,127.7,127.92,126.66,126.7,28657,0
CDR,60,20221220,130000,126.88,128.76,126.88,127.48,16593,0
CDR,60,20221220,140000,127.76,129.3,127.48,128.52,17861,0
CDR,60,20221220,150000,128.52,128.52,127.04,127.2,22006,0
CDR,60,20221220,160000,127.2,128,126.94,127.76,26207,0
CDR,60,20221220,170000,127.7,128,127.32,128,45583,0
CDR,60,20221221,100000,128,130.74,128,130.28,39299,0
CDR,60,20221221,110000,130.26,130.52,129.6,130.08,14857,0
CDR,60,20221221,120000,130.06,130.08,128.22,128.62,51189,0
CDR,60,20221221,130000,128.6,128.78,128.3,128.56,8113,0
CDR,60,20221221,140000,128.66,128.66,127.86,128.32,14201,0
CDR,60,20221221,150000,128.3,128.88,127.82,128.74,14974,0
CDR,60,20221221,160000,128.8,129.74,128.74,129.2,18707,0
CDR,60,20221221,170000,129.3,130.38,129.02,130.1,52941,0
CDR,60,20221222,100000,130,130.64,128.66,129.1,19993,0
CDR,60,20221222,110000,128.96,129.46,128.68,128.82,12587,0
CDR,60,20221222,120000,129,129.3,128.6,129.16,8618,0
CDR,60,20221222,130000,129.06,129.22,128.7,128.94,7105,0
CDR,60,20221222,140000,129.12,129.82,128.7,129.78,11377,0
CDR,60,20221222,150000,129.78,129.88,128.2,128.36,19859,0
CDR,60,20221222,160000,128.42,128.76,127.08,127.66,32342,0
CDR,60,20221222,170000,127.62,127.76,126.82,127.1,79918,0
CDR,60,20221223,100000,127.2,127.76,125.82,126.22,31995,0
CDR,60,20221223,110000,126.22,127.44,126.1,127.32,11203,0
CDR,60,20221223,120000,127.32,128.38,127.24,127.62,12348,0
CDR,60,20221223,130000,127.62,128.4,127.28,128.28,20767,0
CDR,60,20221223,140000,128.4,128.98,128.02,128.68,11810,0
CDR,60,20221223,150000,128.5,130.42,128.5,129.8,34897,0
CDR,60,20221223,160000,129.62,130.5,128.84,129.2,30101,0
CDR,60,20221223,170000,128.98,129.9,128.94,129.3,35148,0
CDR,60,20221227,100000,130,130,127.96,128.62,19632,0
CDR,60,20221227,110000,128.5,128.9,128,128.7,20621,0
CDR,60,20221227,120000,128.5,129.6,127.9,129.32,18210,0
CDR,60,20221227,130000,129.6,129.68,128.5,128.96,7214,0
CDR,60,20221227,140000,128.7,129.28,128.2,128.68,10516,0
CDR,60,20221227,150000,128.96,129,127.9,128.06,9477,0
CDR,60,20221227,160000,128.04,128.88,126.9,127.74,22985,0
CDR,60,20221227,170000,127.54,127.68,126.84,127.04,36703,0
CDR,60,20221228,100000,127,127.9,126.24,127.7,32539,0
CDR,60,20221228,110000,127.74,127.98,127.4,127.82,20796,0
CDR,60,20221228,120000,127.84,128.96,127.8,128.54,28606,0
CDR,60,20221228,130000,128.54,128.54,126.8,126.9,23400,0
CDR,60,20221228,140000,127.1,127.2,126.8,126.9,12865,0
CDR,60,20221228,150000,126.96,126.96,126.6,126.74,25550,0
CDR,60,20221228,160000,126.78,126.96,126.3,126.56,29145,0
CDR,60,20221228,170000,126.74,126.76,125.52,125.68,67701,0
CDR,60,20221229,100000,126,127.8,126,127.54,15965,0
CDR,60,20221229,110000,127.7,128.48,127.12,127.9,13118,0
CDR,60,20221229,120000,127.9,127.9,126.88,127.8,12771,0
CDR,60,20221229,130000,127.78,128.26,127.74,127.8,7031,0
CDR,60,20221229,140000,127.7,128.16,127.28,128.16,15572,0
CDR,60,20221229,150000,128.12,128.88,127.96,128.88,18462,0
CDR,60,20221229,160000,128.8,128.98,127.86,128.86,20534,0
CDR,60,20221229,170000,128.86,129.3,128.1,128.86,52969,0
CDR,60,20221230,100000,128,129.74,128,129.34,17943,0
CDR,60,20221230,110000,129.38,129.78,128.82,129.6,12736,0
CDR,60,20221230,120000,129.6,130.38,129.5,129.9,21462,0
CDR,60,20221230,130000,129.84,130,128.9,129.02,10002,0
CDR,60,20221230,140000,129.06,129.06,128.52,128.52,12727,0
CDR,60,20221230,150000,128.52,128.9,128.22,128.8,9630,0
CDR,60,20221230,160000,128.72,129.14,128.16,128.56,19418,0
CDR,60,20221230,170000,128.52,129.8,128.5,129.64,52145,0
CDR,60,20230102,100000,129,131.74,128.7,131.02,20384,0
CDR,60,20230102,110000,131.02,131.6,130.68,130.82,6364,0
CDR,60,20230102,120000,131,131.08,129.8,129.9,5225,0
CDR,60,20230102,130000,129.78,129.86,128.8,128.8,12218,0
CDR,60,20230102,140000,128.98,129.78,128.66,129.42,17112,0
CDR,60,20230102,150000,129.44,129.66,128.78,129.14,26497,0
CDR,60,20230102,160000,129.14,129.48,128.66,128.96,27055,0
CDR,60,20230102,170000,128.92,129.76,128.66,129.34,39298,0
CDR,60,20230103,100000,130,130,128.2,129.28,24837,0
CDR,60,20230103,110000,129.28,131.48,129.28,131.14,62238,0
CDR,60,20230103,120000,131.48,131.84,130.66,131.5,24777,0
CDR,60,20230103,130000,131.54,131.7,129.98,130.12,25416,0
CDR,60,20230103,140000,130.16,131.2,129.98,131.18,43934,0
CDR,60,20230103,150000,131.18,131.7,131.04,131.08,26042,0
CDR,60,20230103,160000,131,132.08,130.62,131.02,79248,0
CDR,60,20230103,170000,131.02,131.5,128.6,129,155673,0
CDR,60,20230104,100000,130.6,130.6,126.88,127.44,72919,0
CDR,60,20230104,110000,127.44,127.96,126.92,127.26,33658,0
CDR,60,20230104,120000,127.3,127.5,127.02,127.16,24198,0
CDR,60,20230104,130000,127.16,127.48,127.06,127.26,20623,0
CDR,60,20230104,140000,127.26,127.66,126.7,127.1,146222,0
CDR,60,20230104,150000,127.12,128.24,127.12,127.3,22578,0
CDR,60,20230104,160000,127.3,127.5,127,127.2,28051,0
CDR,60,20230104,170000,127.22,128.1,127,127.5,100197,0
CDR,60,20230105,100000,127.2,130.58,127.1,130.02,59244,0
CDR,60,20230105,110000,130,133.5,130,132.88,103672,0
CDR,60,20230105,120000,133,134.12,132.24,134.12,111294,0
CDR,60,20230105,130000,133.92,134.12,133.32,133.46,31013,0
CDR,60,20230105,140000,133.38,133.74,132.08,132.08,38900,0
CDR,60,20230105,150000,132.1,132.74,131,131.9,86002,0
CDR,60,20230105,160000,131.92,132.94,131.58,131.64,41341,0
CDR,60,20230105,170000,131.82,132.98,131.04,132.56,81898,0
CDR,60,20230109,100000,132.6,136,131.5,133.1,124523,0
CDR,60,20230109,110000,133.02,134,132.1,132.1,48653,0
CDR,60,20230109,120000,132.18,132.32,131.3,132.22,40978,0
CDR,60,20230109,130000,132.12,132.7,131.86,131.9,60930,0
CDR,60,20230109,140000,131.9,132.7,131.9,132.4,34957,0
CDR,60,20230109,150000,132.4,134.42,132.16,133.74,40613,0
CDR,60,20230109,160000,133.74,133.8,132.6,133.16,50189,0
CDR,60,20230109,170000,133.02,134,131.6,133.74,105170,0
CDR,60,20230110,100000,132.26,135.5,131.5,133.38,50423,0
CDR,60,20230110,110000,133.44,134.48,132.7,134.18,29393,0
CDR,60,20230110,120000,134.36,134.66,133.26,134.16,19765,0
CDR,60,20230110,130000,134.16,134.6,134.06,134.08,9651,0
CDR,60,20230110,140000,134.08,135.1,134,135,16238,0
CDR,60,20230110,150000,134.94,136.02,134.68,135.84,29675,0
CDR,60,20230110,160000,135.84,137.6,135.84,137.18,56422,0
CDR,60,20230110,170000,137.2,138.64,137.16,138.16,128698,0
CDR,60,20230111,100000,138.34,139.38,136.98,138.3,42733,0
CDR,60,20230111,110000,138.22,138.34,136.3,136.76,85051,0
CDR,60,20230111,120000,136.76,137,136.5,136.54,32006,0
CDR,60,20230111,130000,136.54,137.54,136.5,137.4,93446,0
CDR,60,20230111,140000,137.4,137.4,136.5,136.54,9837,0
CDR,60,20230111,150000,136.66,136.8,136.5,136.76,19806,0
CDR,60,20230111,160000,136.66,136.86,134.78,135,85976,0
CDR,60,20230111,170000,134.94,136.5,134.3,135.76,91327,0
CDR,60,20230112,100000,135.7,135.8,129.48,130.48,245815,0
CDR,60,20230112,110000,130.62,132.14,129.04,129.74,197744,0
CDR,60,20230112,120000,129.72,130.58,128.66,130.24,88353,0
CDR,60,20230112,130000,130.2,131.94,130,131.3,47976,0
CDR,60,20230112,140000,131.36,131.8,131.14,131.14,24464,0
CDR,60,20230112,150000,131.2,132.38,131,131.16,63748,0
CDR,60,20230112,160000,131.2,131.3,129.5,130.2,63501,0
CDR,60,20230112,170000,130.16,130.58,129.6,129.94,113930,0
CDR,60,20230113,100000,130.2,133.2,130.08,132.98,58245,0
CDR,60,20230113,110000,132.86,134.2,132.82,133.08,34538,0
CDR,60,20230113,120000,133.1,133.38,132.82,133.08,29892,0
CDR,60,20230113,130000,132.98,133.46,131.44,132.18,25403,0
CDR,60,20230113,140000,132.26,132.84,131.52,132.48,24964,0
CDR,60,20230113,150000,132.56,132.68,131.32,132.22,21596,0
CDR,60,20230113,160000,132.28,132.56,131.16,131.96,25645,0
CDR,60,20230113,170000,131.96,133.4,131.46,132.14,69240,0
CDR,60,20230116,100000,133,133.4,130.1,130.42,35633,0
CDR,60,20230116,110000,130.42,130.52,129.4,129.44,23329,0
CDR,60,20230116,120000,129.44,130.32,129.32,129.92,30140,0
CDR,60,20230116,130000,129.78,130.6,129.58,130.06,15710,0
CDR,60,20230116,140000,130.16,130.34,129.6,130.32,11685,0
CDR,60,20230116,150000,130.32,130.48,129.18,129.6,25641,0
CDR,60,20230116,160000,129.52,130.8,129.14,129.52,43791,0
CDR,60,20230116,170000,129.32,129.94,128.82,128.82,94046,0
CDR,60,20230117,100000,129,130,127.5,127.7,35894,0
CDR,60,20230117,110000,127.58,129,127.2,128.98,21972,0
CDR,60,20230117,120000,128.98,129.36,128.2,128.68,12333,0
CDR,60,20230117,130000,128.74,129.16,128.14,128.28,18298,0
CDR,60,20230117,140000,128.28,128.28,127.4,127.58,17034,0
CDR,60,20230117,150000,127.58,128.26,127.3,127.5,43812,0
CDR,60,20230117,160000,127.54,129.98,127.46,129.88,32285,0
CDR,60,20230117,170000,129.98,131.16,129.4,129.4,64620,0
CDR,60,20230118,100000,129.22,132.98,129.22,132.38,48586,0
CDR,60,20230118,110000,132.56,132.98,131.02,131.12,26036,0
CDR,60,20230118,120000,131.06,131.38,130.28,131.2,17894,0
CDR,60,20230118,130000,131.32,132.16,131.22,131.8,10304,0
CDR,60,20230118,140000,131.8,133.44,131.42,133.4,34305,0
CDR,60,20230118,150000,133.28,134.54,132.98,133.84,73876,0
CDR,60,20230118,160000,133.84,134.8,133.82,134.36,52668,0
CDR,60,20230118,170000,134.24,134.56,133.28,133.28,63448,0
CDR,60,20230119,100000,131.18,134.5,130.56,132.8,51302,0
CDR,60,20230119,110000,132.64,133.76,132.42,133.46,24389,0
CDR,60,20230119,120000,133.44,133.72,131.5,131.58,22753,0
CDR,60,20230119,130000,131.6,131.98,130.72,131.12,39720,0
CDR,60,20230119,140000,131.16,131.44,130.62,131.36,27241,0
CDR,60,20230119,150000,131.52,131.9,130.26,130.3,30045,0
CDR,60,20230119,160000,130.3,131.1,130.12,131.06,34541,0
CDR,60,20230119,170000,131.1,133.2,131.08,132.5,68761,0
CDR,60,20230120,100000,132.9,134.6,131.8,132.28,45108,0
CDR,60,20230120,110000,132.32,132.74,131.6,132,15506,0
CDR,60,20230120,120000,132.08,132.66,131.74,131.98,7723,0
CDR,60,20230120,130000,132.04,132.06,131.74,131.74,4668,0
CDR,60,20230120,140000,131.68,132.6,131.68,132.38,7651,0
CDR,60,20230120,150000,132.5,133,132.06,132.06,8274,0
CDR,60,20230120,160000,132.08,132.52,131.88,132.46,15300,0
CDR,60,20230120,170000,132.3,132.6,131.94,132.52,87513,0
CDR,60,20230123,100000,132.54,134.74,132.54,133.92,47928,0
CDR,60,20230123,110000,134,135.46,133.56,135.24,51720,0
CDR,60,20230123,120000,135.24,135.3,134.14,134.14,19331,0
CDR,60,20230123,130000,134.14,134.82,133.6,134.38,14649,0
CDR,60,20230123,140000,134.46,135,134.16,134.16,15212,0
CDR,60,20230123,150000,134.28,134.56,133.5,133.82,12941,0
CDR,60,20230123,160000,133.86,134.54,133.46,134.22,23780,0
CDR,60,20230123,170000,134.32,135.98,134.32,135.7,73326,0
CDR,60,20230124,100000,135.7,136.54,134.94,135.52,28766,0
CDR,60,20230124,110000,135.44,137.3,135.36,136.76,46905,0
CDR,60,20230124,120000,136.76,136.76,135.5,135.9,10885,0
CDR,60,20230124,130000,136.14,136.44,135.82,136,6061,0
CDR,60,20230124,140000,136,136.24,135.5,135.5,4477,0
CDR,60,20230124,150000,135.76,136,134.98,135,10852,0
CDR,60,20230124,160000,135,135.3,134.06,134.62,13605,0
CDR,60,20230124,170000,134.52,134.6,132.9,133.92,104309,0
CDR,60,20230125,100000,133,133.32,131.8,132.7,18936,0
CDR,60,20230125,110000,132.84,133.38,132.12,132.38,7596,0
CDR,60,20230125,120000,132.26,132.48,131,131.52,22449,0
CDR,60,20230125,130000,131.32,132.22,131.04,131.82,11263,0
CDR,60,20230125,140000,132,132.26,131.66,131.66,5973,0
CDR,60,20230125,150000,131.86,132.26,131.2,131.44,14139,0
CDR,60,20230125,160000,131.3,131.72,131.1,131.1,13270,0
CDR,60,20230125,170000,131.12,132.18,131.04,131.52,37694,0
CDR,60,20230126,100000,133.36,134.4,132.54,133.68,23724,0
CDR,60,20230126,110000,133.62,133.86,132.78,133.48,3334,0
CDR,60,20230126,120000,133.48,134.08,133.04,133.86,3643,0
CDR,60,20230126,130000,133.7,134.56,133.44,134.52,8485,0
CDR,60,20230126,140000,134.52,135.5,134.24,135.26,28588,0
CDR,60,20230126,150000,135.1,135.6,134.7,134.96,25943,0
CDR,60,20230126,160000,135.16,135.2,134.24,134.66,16735,0
CDR,60,20230126,170000,134.52,135.2,134.2,134.66,31957,0
CDR,60,20230127,100000,135,136.42,134.38,135.06,21591,0
CDR,60,20230127,110000,135.02,135.74,134.54,134.86,10762,0
CDR,60,20230127,120000,134.66,135.72,134.5,135.7,9603,0
CDR,60,20230127,130000,135.44,135.44,134.7,134.7,5347,0
CDR,60,20230127,140000,134.7,135.12,134,134,10453,0
CDR,60,20230127,150000,134,134.9,134,134.54,7151,0
CDR,60,20230127,160000,134.54,135,133.4,134.36,28804,0
CDR,60,20230127,170000,134.14,134.98,133.9,133.9,30174,0
CDR,60,20230130,100000,133.5,134,132.9,133.3,11570,0
CDR,60,20230130,110000,133.3,133.42,131.3,131.3,35419,0
CDR,60,20230130,120000,131.42,132,131.38,131.92,14612,0
CDR,60,20230130,130000,131.92,131.92,131.2,131.6,16320,0
CDR,60,20230130,140000,131.46,132,131.46,131.96,10745,0
CDR,60,20230130,150000,131.96,132.6,131.8,132.5,15050,0
CDR,60,20230130,160000,132.46,133.08,131.76,131.76,18136,0
CDR,60,20230130,170000,131.76,132.8,131.62,132.8,199829,0
CDR,60,20230131,100000,134.24,135.88,133,134.86,52069,0
CDR,60,20230131,110000,134.92,137.82,134.82,137.56,143770,0
CDR,60,20230131,120000,137.56,137.84,136.3,137.5,49023,0
CDR,60,20230131,130000,137.5,138.3,137.08,137.16,48560,0
CDR,60,20230131,140000,137.16,137.48,136.6,137.26,24159,0
CDR,60,20230131,150000,137.22,137.7,136.6,137,36897,0
CDR,60,20230131,160000,137,140.32,136.96,138.6,185434,0
CDR,60,20230131,170000,138.6,139.88,138.3,139.32,134472,0
CDR,60,20230201,100000,139.5,139.96,137.18,138.3,50543,0
CDR,60,20230201,110000,138.82,141.8,138.58,140.26,39551,0
CDR,60,20230201,120000,140.28,140.32,137.36,137.4,38773,0
CDR,60,20230201,130000,137.58,139.1,137.4,138.14,23332,0
CDR,60,20230201,140000,138.06,138.8,137.74,138.66,17318,0
CDR,60,20230201,150000,138.68,140.46,138.48,140.1,49451,0
CDR,60,20230201,160000,140.08,141.84,140.08,141,51215,0
CDR,60,20230201,170000,141.16,141.24,138.1,138.28,83012,0
CDR,60,20230202,100000,141.5,144.96,140.14,144.54,90107,0
CDR,60,20230202,110000,144.6,145.72,143.94,145.18,62487,0
CDR,60,20230202,120000,145.1,146.28,144.56,144.74,35315,0
CDR,60,20230202,130000,144.92,145.96,142.9,145.12,52735,0
CDR,60,20230202,140000,145.08,146.28,144.76,146.06,37935,0
CDR,60,20230202,150000,146.12,147.78,145.1,147.2,52070,0
CDR,60,20230202,160000,147.24,148.16,145.9,146.5,80340,0
CDR,60,20230202,170000,146.4,146.74,144.9,145.78,163450,0
CDR,60,20230203,100000,146.98,147.6,144.56,146.88,67471,0
CDR,60,20230203,110000,147.06,148.14,146.92,147.52,46663,0
CDR,60,20230203,120000,147.46,148.54,146.92,147.22,50638,0
CDR,60,20230203,130000,147.32,147.54,146.12,147.1,39866,0
CDR,60,20230203,140000,147.24,148.12,147.1,147.72,52232,0
CDR,60,20230203,150000,147.88,147.92,145.72,146.9,79633,0
CDR,60,20230203,160000,146.94,147.26,145.28,146.4,65092,0
CDR,60,20230203,170000,146.4,146.9,145.58,146.8,70331,0
CDR,60,20230206,100000,145.6,145.94,143.1,143.96,50463,0
CDR,60,20230206,110000,143.8,144.04,142.5,143.82,24037,0
CDR,60,20230206,120000,143.7,143.86,141.32,143.46,49288,0
CDR,60,20230206,130000,143.62,143.94,142.8,143,9978,0
CDR,60,20230206,140000,143.04,144.5,143,144.5,10553,0
CDR,60,20230206,150000,144.28,144.8,143.44,144.54,21864,0
CDR,60,20230206,160000,144.54,144.98,143.7,144,18210,0
CDR,60,20230206,170000,143.82,144.08,142.08,142.56,79102,0
CDR,60,20230207,100000,141.98,141.98,136.02,139.06,81566,0
CDR,60,20230207,110000,139.22,139.5,138.72,139.18,28706,0
CDR,60,20230207,120000,139.18,140.58,138.46,140.5,29919,0
CDR,60,20230207,130000,140.46,140.64,139.58,140.1,11363,0
CDR,60,20230207,140000,140.06,141.2,139.98,140.94,28955,0
CDR,60,20230207,150000,140.96,141.8,140.26,141.24,80864,0
CDR,60,20230207,160000,141.3,141.9,140.28,140.28,21699,0
CDR,60,20230207,170000,140.14,141.42,139.68,141.28,41140,0
CDR,60,20230208,100000,142.56,145.2,142.56,144.64,43953,0
CDR,60,20230208,110000,144.82,145.4,143.8,143.88,21661,0
CDR,60,20230208,120000,143.84,143.96,143.2,143.46,10737,0
CDR,60,20230208,130000,143.48,143.82,143.26,143.42,8194,0
CDR,60,20230208,140000,143.42,143.5,142.7,143.08,12957,0
CDR,60,20230208,150000,143.08,143.36,142.58,142.62,15346,0
CDR,60,20230208,160000,142.64,142.76,141.84,142,27972,0
CDR,60,20230208,170000,142,142.78,141.52,141.7,44284,0
CDR,60,20230209,100000,143,143.04,141.28,141.78,18433,0
CDR,60,20230209,110000,141.62,143,141.22,142.78,12202,0
CDR,60,20230209,120000,142.9,143.48,142.8,143.14,12722,0
CDR,60,20230209,130000,143.12,143.66,142.82,143.5,10535,0
CDR,60,20230209,140000,143.4,143.46,141.5,141.68,15256,0
CDR,60,20230209,150000,141.68,142.32,141.32,142.04,21681,0
CDR,60,20230209,160000,142.06,142.08,141.22,141.22,10944,0
CDR,60,20230209,170000,141.22,141.84,141.1,141.48,41684,0
CDR,60,20230210,100000,140.68,141.1,138.2,140,25689,0
CDR,60,20230210,110000,140.46,140.72,139.2,139.2,172230,0
CDR,60,20230210,120000,139.12,139.36,137.34,137.6,29269,0
CDR,60,20230210,130000,137.46,137.58,136.48,137.3,26481,0
CDR,60,20230210,140000,137.46,137.94,136.72,137.08,15568,0
CDR,60,20230210,150000,136.86,137.88,136.18,137.4,433492,0
CDR,60,20230210,160000,137.36,138.9,136.72,138.34,44292,0
CDR,60,20230210,170000,138.3,139.8,138,138.64,48304,0
CDR,60,20230213,100000,139.6,140.38,137,138.92,64000,0
CDR,60,20230213,110000,138.92,139.58,138.58,138.8,9169,0
CDR,60,20230213,120000,138.88,139.12,138.26,138.88,9615,0
CDR,60,20230213,130000,139,139.04,138.4,138.48,5248,0
CDR,60,20230213,140000,138.44,139.62,138.04,139.12,12785,0
CDR,60,20230213,150000,139.08,139.12,138.04,138.44,14135,0
CDR,60,20230213,160000,138.36,139.14,137.8,139.04,12113,0
CDR,60,20230213,170000,139.1,139.24,138.28,138.9,207336,0
CDR,60,20230214,100000,140.5,143,137.8,137.98,30469,0
CDR,60,20230214,110000,137.96,138.76,137.6,137.76,24085,0
CDR,60,20230214,120000,137.68,138,137.2,137.72,14315,0
CDR,60,20230214,130000,137.84,138.46,137.4,137.44,12075,0
CDR,60,20230214,140000,137.5,137.82,137.24,137.56,8772,0
CDR,60,20230214,150000,137.5,138.2,136.82,136.82,21720,0
CDR,60,20230214,160000,136.84,136.98,134.56,135.74,73963,0
CDR,60,20230214,170000,135.7,135.72,133.8,134.24,100440,0
CDR,60,20230215,100000,133.7,135.64,133.3,135.06,23526,0
CDR,60,20230215,110000,135.2,135.86,135,135.06,10642,0
CDR,60,20230215,120000,135.24,136.68,135,136.14,11774,0
CDR,60,20230215,130000,136,137,135.78,136.54,11779,0
CDR,60,20230215,140000,136.8,136.86,136.34,136.78,3298,0
CDR,60,20230215,150000,136.68,137.7,136.28,137.58,8474,0
CDR,60,20230215,160000,137.44,138.2,136.86,137,14458,0
CDR,60,20230215,170000,137,138.5,137,138.4,42923,0
CDR,60,20230216,100000,139.16,140.64,138.62,140.1,20502,0
CDR,60,20230216,110000,140.1,140.1,138.2,138.84,15337,0
CDR,60,20230216,120000,138.68,138.96,136.8,138.76,33083,0
CDR,60,20230216,130000,138.76,139.2,138.22,138.42,6270,0
CDR,60,20230216,140000,138.42,138.6,137.88,138.04,4465,0
CDR,60,20230216,150000,137.86,138.22,137.24,138.18,11151,0
CDR,60,20230216,160000,137.92,138.88,137.76,138.88,25076,0
CDR,60,20230216,170000,138.8,139.9,138.76,139.52,29266,0
CDR,60,20230217,100000,139,139.34,136.58,136.94,38729,0
CDR,60,20230217,110000,136.94,138.06,136.54,137.54,24544,0
CDR,60,20230217,120000,137.54,137.54,136.74,137.2,6811,0
CDR,60,20230217,130000,137.22,137.62,136.88,137.3,8597,0
CDR,60,20230217,140000,137.3,137.66,137.04,137.42,9258,0
CDR,60,20230217,150000,137.42,137.48,136.68,137.02,20282,0
CDR,60,20230217,160000,137.08,137.12,136.18,136.76,26263,0
CDR,60,20230217,170000,136.84,137.14,135.82,135.82,67465,0
CDR,60,20230220,100000,136.24,137.74,136,136.86,16297,0
CDR,60,20230220,110000,136.7,136.84,135.82,136,10460,0
CDR,60,20230220,120000,136.2,136.82,136,136.7,10370,0
CDR,60,20230220,130000,136.6,136.94,135.88,135.88,4959,0
CDR,60,20230220,140000,135.92,135.96,135.2,135.48,7312,0
CDR,60,20230220,150000,135.46,136.06,135.1,135.82,6564,0
CDR,60,20230220,160000,135.82,136.12,135.5,136,5861,0
CDR,60,20230220,170000,136,136.34,135.72,136.34,29806,0
CDR,60,20230221,100000,135.5,136,132.58,133.5,61855,0
CDR,60,20230221,110000,133.68,134.6,133,134.24,25307,0
CDR,60,20230221,120000,134.24,134.86,132.9,133.04,14171,0
CDR,60,20230221,130000,133.02,133.16,132.48,132.62,12115,0
CDR,60,20230221,140000,132.76,133.22,132,132.84,24279,0
CDR,60,20230221,150000,132.66,132.94,131.7,132.1,48650,0
CDR,60,20230221,160000,132.12,132.56,131.7,132.14,28826,0
CDR,60,20230221,170000,132.14,132.36,131.22,131.22,138233,0
CDR,60,20230222,100000,131.2,131.48,129.16,130.82,46328,0
CDR,60,20230222,110000,130.7,132.36,130.68,131.18,24171,0
CDR,60,20230222,120000,131.26,132.28,131.2,131.48,11557,0
CDR,60,20230222,130000,131.4,131.9,130.9,130.9,10858,0
CDR,60,20230222,140000,130.82,131.54,130.82,131.08,10290,0
CDR,60,20230222,150000,131.14,132.4,130.76,132.08,13520,0
CDR,60,20230222,160000,132.14,132.56,131.36,131.52,24334,0
CDR,60,20230222,170000,131.56,132.36,131,131.94,46627,0
CDR,60,20230223,100000,132.06,134.84,132.06,133.34,22272,0
CDR,60,20230223,110000,133.4,134.86,133.4,134.56,17962,0
CDR,60,20230223,120000,134.58,134.6,133.32,133.5,10209,0
CDR,60,20230223,130000,133.36,134.06,132.62,133.46,18323,0
CDR,60,20230223,140000,133.46,133.6,133.22,133.4,10864,0
CDR,60,20230223,150000,133.44,134.52,133.44,134.46,15087,0
CDR,60,20230223,160000,134.46,135.86,134.46,134.7,45062,0
CDR,60,20230223,170000,134.7,135,134.04,134.5,40988,0
CDR,60,20230224,100000,134.14,134.14,131.64,132.14,33935,0
CDR,60,20230224,110000,132.28,132.44,131.54,131.64,13985,0
CDR,60,20230224,120000,131.64,132.18,131.6,131.98,6968,0
CDR,60,20230224,130000,131.98,131.98,131.48,131.52,7107,0
CDR,60,20230224,140000,131.52,131.96,131.2,131.34,14503,0
CDR,60,20230224,150000,131.34,131.52,130.16,130.56,17878,0
CDR,60,20230224,160000,130.5,130.56,129.46,129.9,31343,0
CDR,60,20230224,170000,130,130.04,129.5,129.52,44814,0
CDR,60,20230227,100000,130,130.74,129.38,130,12627,0
CDR,60,20230227,110000,130.18,131.5,129.6,130.64,9770,0
CDR,60,20230227,120000,130.66,131.5,130.36,131.16,10836,0
CDR,60,20230227,130000,131.16,131.88,131,131.14,13743,0
CDR,60,20230227,140000,131.04,131.94,131.02,131.94,4231,0
CDR,60,20230227,150000,131.94,133.04,131.72,132.8,20003,0
CDR,60,20230227,160000,132.7,133.02,131.74,132.2,17848,0
CDR,60,20230227,170000,132.3,132.68,131.4,132.12,41999,0
CDR,60,20230228,100000,132.12,132.74,130.7,132.68,9987,0
CDR,60,20230228,110000,132.56,133.4,132.46,133.28,4975,0
CDR,60,20230228,120000,133.3,133.84,132.52,132.96,6114,0
CDR,60,20230228,130000,132.9,133,132.5,132.66,3828,0
CDR,60,20230228,140000,132.66,133.36,131.96,132.28,12900,0
CDR,60,20230228,150000,132.28,132.28,131.14,131.42,9189,0
CDR,60,20230228,160000,131.46,132.58,131.1,132,30343,0
CDR,60,20230228,170000,132.02,132.72,131.8,132.4,130345,0
CDR,60,20230301,100000,133.86,135.6,133.36,134.24,41221,0
CDR,60,20230301,110000,134.32,134.86,133.6,134.86,11083,0
CDR,60,20230301,120000,134.98,135.22,134.24,134.36,17423,0
CDR,60,20230301,130000,134.34,134.68,133.68,133.96,11393,0
CDR,60,20230301,140000,133.9,134.38,133.82,133.96,9445,0
CDR,60,20230301,150000,133.96,133.98,132.2,132.86,20664,0
CDR,60,20230301,160000,132.74,133.18,132.28,132.56,26367,0
CDR,60,20230301,170000,132.64,132.8,131.9,132.26,62262,0
CDR,60,20230302,100000,131.9,132.3,130.82,131.6,13851,0
CDR,60,20230302,110000,131.62,132.22,131.04,131.5,12906,0
CDR,60,20230302,120000,131.44,131.44,129.42,129.62,39335,0
CDR,60,20230302,130000,129.62,130.76,129.48,130.12,21286,0
CDR,60,20230302,140000,130.24,130.6,129.88,130.46,13653,0
CDR,60,20230302,150000,130.44,131.2,130,131.02,27159,0
CDR,60,20230302,160000,131.04,131.38,130.3,131.12,24483,0
CDR,60,20230302,170000,131.1,131.4,130.18,130.8,47003,0
CDR,60,20230303,100000,132,133.3,131.28,133.22,23274,0
CDR,60,20230303,110000,133.16,133.54,132.5,133,17659,0
CDR,60,20230303,120000,133,133.28,132.62,133.26,10275,0
CDR,60,20230303,130000,133.2,133.2,132.14,132.14,7549,0
CDR,60,20230303,140000,132.2,132.52,130.9,131.22,12176,0
CDR,60,20230303,150000,131.24,131.34,129.76,129.84,39996,0
CDR,60,20230303,160000,129.94,130.64,129.7,130.5,55514,0
CDR,60,20230303,170000,130.44,131.58,130.1,130.66,69132,0
CDR,60,20230306,100000,132,132.5,130.58,131.84,25385,0
CDR,60,20230306,110000,131.76,132.18,131.38,131.8,15605,0
CDR,60,20230306,120000,131.78,131.92,131.04,131.22,10911,0
CDR,60,20230306,130000,131.22,131.6,130.88,130.92,12790,0
CDR,60,20230306,140000,130.96,131.44,130.82,131.2,8400,0
CDR,60,20230306,150000,131.2,131.5,130.94,131.34,3826,0
CDR,60,20230306,160000,131.4,131.4,130.2,130.76,27027,0
CDR,60,20230306,170000,130.72,132.42,130.34,132.2,73362,0
CDR,60,20230307,100000,132.5,133.2,131.4,133,18260,0
CDR,60,20230307,110000,132.86,134.5,132.86,133.98,32633,0
CDR,60,20230307,120000,134.06,134.62,133.3,134.28,35213,0
CDR,60,20230307,130000,134.3,134.8,134.12,134.66,13588,0
CDR,60,20230307,140000,134.58,134.58,133.44,133.54,8869,0
CDR,60,20230307,150000,133.58,134.66,133.56,134.04,9275,0
CDR,60,20230307,160000,134.06,134.7,133.62,134.6,15507,0
CDR,60,20230307,170000,134.6,134.62,132.68,133.46,34206,0
CDR,60,20230308,100000,134.68,134.68,132.46,132.94,18459,0
CDR,60,20230308,110000,132.82,133.72,132.56,133.44,4815,0
CDR,60,20230308,120000,133.42,134.04,133.16,133.86,8330,0
CDR,60,20230308,130000,133.8,134.16,132.22,132.54,13069,0
CDR,60,20230308,140000,132.6,133.14,132.36,132.44,10232,0
CDR,60,20230308,150000,132.34,132.56,131.46,132.16,18427,0
CDR,60,20230308,160000,132.02,132.76,131.6,132.76,24402,0
CDR,60,20230308,170000,132.76,133.12,132.12,132.26,76905,0
CDR,60,20230309,100000,132,132.38,131.46,132.1,11077,0
CDR,60,20230309,110000,131.94,132.12,131.7,132.08,6711,0
CDR,60,20230309,120000,131.92,132.14,131.72,132.02,6561,0
CDR,60,20230309,130000,131.94,133.38,131.94,133.36,11859,0
CDR,60,20230309,140000,133.38,133.5,132.42,132.66,6124,0
CDR,60,20230309,150000,132.76,133.74,132.3,133.74,7547,0
CDR,60,20230309,160000,133.62,133.78,132.68,133.02,14293,0
CDR,60,20230309,170000,132.98,133.38,132.18,132.18,69605,0
CDR,60,20230310,100000,130.66,131.2,129.66,129.86,37223,0
CDR,60,20230310,110000,129.9,130.56,129.76,129.88,13601,0
CDR,60,20230310,120000,129.88,130.04,128.24,128.38,27825,0
CDR,60,20230310,130000,128.36,128.7,127.62,128.52,28678,0
CDR,60,20230310,140000,128.54,128.82,128.16,128.36,8154,0
CDR,60,20230310,150000,128.32,129.24,128.12,129.02,11267,0
CDR,60,20230310,160000,129,129.3,128.18,128.48,22625,0
CDR,60,20230310,170000,128.48,129.02,128.2,128.7,37664,0
CDR,60,20230313,100000,128.72,130.04,124.7,125.18,71553,0
CDR,60,20230313,110000,125.3,125.86,120.8,124.82,97489,0
CDR,60,20230313,120000,124.74,125.52,124.2,125.52,25041,0
CDR,60,20230313,130000,125.4,126.3,124.92,124.92,24572,0
CDR,60,20230313,140000,124.94,125.24,124.16,125.02,22380,0
CDR,60,20230313,150000,125,125.84,124.3,125.62,29945,0
CDR,60,20230313,160000,125.46,126.14,124.2,125.8,72896,0
CDR,60,20230313,170000,125.76,127.46,125.62,127.08,68593,0
CDR,60,20230314,100000,127.04,130.74,127,130.32,58210,0
CDR,60,20230314,110000,130.32,131.6,129.3,131.48,40162,0
CDR,60,20230314,120000,131.5,131.74,130.12,130.36,31177,0
CDR,60,20230314,130000,130.34,130.7,129.32,129.32,26207,0
CDR,60,20230314,140000,129.38,131.74,129.38,130.82,37687,0
CDR,60,20230314,150000,130.82,131.06,129.8,131.06,48879,0
CDR,60,20230314,160000,131.04,132.4,129.7,130.06,72568,0
CDR,60,20230314,170000,130.04,131.26,129.62,130,98991,0
CDR,60,20230315,100000,130,131.64,129,131.44,19971,0
CDR,60,20230315,110000,131.52,132.56,131.14,131.44,23693,0
CDR,60,20230315,120000,131.58,131.7,129.92,130.5,29439,0
CDR,60,20230315,130000,130.48,131.42,130,131,27260,0
CDR,60,20230315,140000,131,131.04,128.82,129.22,31335,0
CDR,60,20230315,150000,129.28,130.84,129.28,129.54,32414,0
CDR,60,20230315,160000,129.52,130.3,128.96,129.44,43300,0
CDR,60,20230315,170000,129.4,130.14,128.9,129.36,49261,0
CDR,60,20230316,100000,131.5,133.28,130,133.04,49320,0
CDR,60,20230316,110000,133,133.2,130.9,132.5,38330,0
CDR,60,20230316,120000,132.5,132.6,130.14,130.9,30933,0
CDR,60,20230316,130000,130.94,131.92,130.38,131.28,18168,0
CDR,60,20230316,140000,131.22,132.02,130.44,131.8,24443,0
CDR,60,20230316,150000,131.9,132.9,130.8,132.88,44838,0
CDR,60,20230316,160000,132.94,134.4,132.14,133.94,69473,0
CDR,60,20230316,170000,133.9,135.4,133.84,135.4,90357,0
CDR,60,20230317,100000,135.2,135.72,133.54,134.76,59325,0
CDR,60,20230317,110000,134.76,136.3,134.76,135,40461,0
CDR,60,20230317,120000,135,135.4,134.64,134.78,23611,0
CDR,60,20230317,130000,134.7,135,134.26,134.78,15249,0
CDR,60,20230317,140000,135,135.02,133.84,133.96,19064,0
CDR,60,20230317,150000,133.92,134.06,132.8,133.42,26708,0
CDR,60,20230317,160000,133.42,134.32,132.26,132.48,51818,0
CDR,60,20230317,170000,132.48,133.6,130.28,131,294113,0
CDR,60,20230320,100000,130,132.28,128.82,131.68,35615,0
CDR,60,20230320,110000,131.68,132.24,130.98,131.8,16650,0
CDR,60,20230320,120000,131.8,132.14,130.86,131.24,26412,0
CDR,60,20230320,130000,131.24,131.54,129.76,130.5,11953,0
CDR,60,20230320,140000,130.64,131.46,129.98,131.06,11446,0
CDR,60,20230320,150000,131.06,132,130.56,132,19102,0
CDR,60,20230320,160000,131.92,132.2,130.74,131.08,24194,0
CDR,60,20230320,170000,131.08,131.38,130.68,130.72,46275,0
CDR,60,20230321,100000,125.5,127.7,120.98,121.14,292936,0
CDR,60,20230321,110000,121.14,122.08,119.2,121.78,215517,0
CDR,60,20230321,120000,121.8,122,119.04,119.84,133987,0
CDR,60,20230321,130000,119.84,120.12,119.4,119.8,51190,0
CDR,60,20230321,140000,119.8,120.08,118.32,119,74551,0
CDR,60,20230321,150000,119.06,119.18,116.32,117,133127,0
CDR,60,20230321,160000,116.94,116.94,114.9,116.12,179675,0
CDR,60,20230321,170000,116.12,119.88,115.46,116.46,202942,0
CDR,60,20230322,100000,115.44,115.44,113.02,113.82,187480,0
CDR,60,20230322,110000,113.86,114.62,112.46,114.38,82201,0
CDR,60,20230322,120000,114.36,115.84,113.86,115.14,52765,0
CDR,60,20230322,130000,115.18,116.4,114.7,114.78,55450,0
CDR,60,20230322,140000,114.78,114.9,113.2,113.46,61358,0
CDR,60,20230322,150000,113.44,113.78,112.92,113.32,85837,0
CDR,60,20230322,160000,113.32,113.68,112.6,112.96,102650,0
CDR,60,20230322,170000,112.96,113.32,112.32,112.78,165847,0
CDR,60,20230323,100000,112.22,113.16,110.2,112.34,149049,0
CDR,60,20230323,110000,112.28,113.2,111.58,112.18,120134,0
CDR,60,20230323,120000,112.22,112.22,110.36,111.74,91349,0
CDR,60,20230323,130000,111.88,112.18,109.22,109.84,88062,0
CDR,60,20230323,140000,110,110.32,109.3,109.82,53493,0
CDR,60,20230323,150000,109.76,110.6,109.68,110.26,79512,0
CDR,60,20230323,160000,110.3,112.04,110.02,111.16,123782,0
CDR,60,20230323,170000,111.14,111.18,109.22,110,179877,0
CDR,60,20230324,100000,110,112.44,109.52,110.64,102232,0
CDR,60,20230324,110000,110.76,112.28,110.34,111.7,73611,0
CDR,60,20230324,120000,111.7,112.54,111.42,112,63734,0
CDR,60,20230324,130000,112.1,113.2,111.82,113.12,66009,0
CDR,60,20230324,140000,113.1,113.1,110.5,111.16,76176,0
CDR,60,20230324,150000,111.2,112.18,110.42,111.52,82200,0
CDR,60,20230324,160000,111.6,111.6,110.1,111.02,68648,0
CDR,60,20230324,170000,111.02,111.42,110.38,110.6,102779,0
CDR,60,20230327,100000,111.5,112,110.52,111.78,33139,0
CDR,60,20230327,110000,111.64,112.82,111.64,112.8,21324,0
CDR,60,20230327,120000,112.8,113.88,112.72,113.6,31033,0
CDR,60,20230327,130000,113.54,114.06,112.9,113.94,32265,0
CDR,60,20230327,140000,114,114.36,113.6,114.1,23745,0
CDR,60,20230327,150000,114.04,114.16,112.6,113.22,39501,0
CDR,60,20230327,160000,113.22,113.8,112.52,113.26,43419,0
CDR,60,20230327,170000,113.32,114.06,113.14,114.06,130581,0
CDR,60,20230328,100000,114.76,114.78,111.46,111.98,74985,0
CDR,60,20230328,110000,111.98,112,110.5,110.7,63373,0
CDR,60,20230328,120000,110.62,111.44,110.52,110.6,36612,0
CDR,60,20230328,130000,110.68,110.98,110.32,110.42,40420,0
CDR,60,20230328,140000,110.48,110.98,110.4,110.6,29379,0
CDR,60,20230328,150000,110.6,110.66,109.38,109.9,63450,0
CDR,60,20230328,160000,109.9,110.44,109.06,109.74,122218,0
CDR,60,20230328,170000,109.74,109.78,108.9,109,162339,0
CDR,60,20230329,100000,110,110.84,108.06,108.54,45016,0
CDR,60,20230329,110000,108.6,108.66,105.52,107.26,127006,0
CDR,60,20230329,120000,107.26,109.68,107.26,109.68,42318,0
CDR,60,20230329,130000,109.64,109.84,108.86,109.58,35787,0
CDR,60,20230329,140000,109.56,109.62,108.82,109.3,22224,0
CDR,60,20230329,150000,109.34,109.58,108.72,109.5,39272,0
CDR,60,20230329,160000,109.52,109.56,108.9,109.18,32978,0
CDR,60,20230329,170000,109.18,110.4,109.12,110.18,125408,0
CDR,60,20230330,100000,110.22,112,109.74,110.06,59003,0
CDR,60,20230330,110000,110.14,112.5,110.14,111.14,96821,0
CDR,60,20230330,120000,111.14,112.46,110.5,112.4,76371,0
CDR,60,20230330,130000,112.44,113.06,111.98,112.8,92024,0
CDR,60,20230330,140000,112.8,113.5,112.26,113.34,72022,0
CDR,60,20230330,150000,113.34,114.7,113.2,114.38,91345,0
CDR,60,20230330,160000,114.32,114.32,112.88,113.24,60266,0
CDR,60,20230330,170000,113.2,113.54,112.06,113.28,196783,0
CDR,60,20230331,100000,120,124.4,119,120.38,420875,0
CDR,60,20230331,110000,120.36,120.9,115.2,115.56,245205,0
CDR,60,20230331,120000,115.6,119.24,115.14,118.02,152526,0
CDR,60,20230331,130000,118.12,118.16,115.3,115.4,114458,0
CDR,60,20230331,140000,115.4,115.76,111.6,111.74,151851,0
CDR,60,20230331,150000,111.82,114,111.22,112.6,125962,0
CDR,60,20230331,160000,112.7,113.3,111.66,111.96,91767,0
CDR,60,20230331,170000,111.96,112,111.22,111.22,272633,0
CDR,60,20230403,100000,110.94,111,106.64,108.78,235755,0
CDR,60,20230403,110000,108.64,108.8,106.44,106.84,97274,0
CDR,60,20230403,120000,106.84,108.58,106.74,108.08,46196,0
CDR,60,20230403,130000,108.08,109.6,108.08,108.66,56378,0
CDR,60,20230403,140000,108.62,108.72,107.88,108.28,29063,0
CDR,60,20230403,150000,108.28,108.32,107.58,107.66,27620,0
CDR,60,20230403,160000,107.74,109.16,107.46,108.64,43455,0
CDR,60,20230403,170000,108.62,108.82,107.66,108.06,67875,0
CDR,60,20230404,100000,109.6,110.1,108.06,109.62,44672,0
CDR,60,20230404,110000,109.54,109.82,107.94,108.2,38455,0
CDR,60,20230404,120000,108.26,108.78,107.98,108.68,22304,0
CDR,60,20230404,130000,108.76,109.74,108.54,109.4,22068,0
CDR,60,20230404,140000,109.4,109.42,108.36,108.38,20526,0
CDR,60,20230404,150000,108.32,108.64,108.02,108.2,25728,0
CDR,60,20230404,160000,108.2,109,108.12,108.6,42564,0
CDR,60,20230404,170000,108.52,109.22,108.06,108.44,75507,0
CDR,60,20230405,100000,109.1,109.1,107.66,108.1,31169,0
CDR,60,20230405,110000,108.22,108.44,107.46,107.82,18387,0
CDR,60,20230405,120000,107.84,108,107.64,107.9,8962,0
CDR,60,20230405,130000,107.86,108.28,107.62,107.92,12447,0
CDR,60,20230405,140000,107.9,108.38,107.78,108.18,9512,0
CDR,60,20230405,150000,108.22,108.22,107.24,107.38,24862,0
CDR,60,20230405,160000,107.42,107.7,107.08,107.52,21011,0
CDR,60,20230405,170000,107.58,108.38,107,107.84,76002,0
CDR,60,20230406,100000,107.8,108.66,107.5,108.1,23187,0
CDR,60,20230406,110000,108.14,108.16,107.62,107.66,11619,0
CDR,60,20230406,120000,107.72,108.08,106.7,106.82,26957,0
CDR,60,20230406,130000,106.8,107.32,106.66,107.1,20435,0
CDR,60,20230406,140000,107.12,107.76,106.78,106.98,26630,0
CDR,60,20230406,150000,106.96,107.1,106.84,106.98,25185,0
CDR,60,20230406,160000,106.98,107.1,106.14,106.38,40641,0
CDR,60,20230406,170000,106.38,106.52,106,106.2,71864,0
CDR,60,20230411,100000,107.3,107.78,103.92,105.96,88150,0
CDR,60,20230411,110000,105.8,107.38,105.46,107.3,57710,0
CDR,60,20230411,120000,107.22,107.46,106.42,106.98,28629,0
CDR,60,20230411,130000,106.98,107.58,106.84,107.46,36901,0
CDR,60,20230411,140000,107.48,107.88,106.9,107.08,40969,0
CDR,60,20230411,150000,107.1,107.1,105.92,105.94,38564,0
CDR,60,20230411,160000,105.92,106.32,105.54,106.08,45695,0
CDR,60,20230411,170000,106.06,106.34,105.6,105.64,106694,0
CDR,60,20230412,100000,105.6,108.28,105.3,107.96,78471,0
CDR,60,20230412,110000,107.92,108.44,107.48,107.76,45770,0
CDR,60,20230412,120000,107.76,107.94,107.14,107.6,15711,0
CDR,60,20230412,130000,107.6,108.6,107.42,107.62,42071,0
CDR,60,20230412,140000,107.64,108,107.64,107.92,13669,0
CDR,60,20230412,150000,107.92,109.88,107.7,109.72,87740,0
CDR,60,20230412,160000,109.72,110.28,108.04,108.7,60148,0
CDR,60,20230412,170000,108.78,109.28,108.56,108.84,56722,0
CDR,60,20230413,100000,108.84,110.14,108.54,109.36,45984,0
CDR,60,20230413,110000,109.22,109.68,108.82,108.84,21265,0
CDR,60,20230413,120000,108.8,109.22,108.52,109.06,19434,0
CDR,60,20230413,130000,109.16,109.48,108.76,109.14,16330,0
CDR,60,20230413,140000,109.18,109.26,108.58,108.78,16727,0
CDR,60,20230413,150000,108.8,109.58,108.5,109.26,22694,0
CDR,60,20230413,160000,109.3,109.76,109,109.42,32673,0
CDR,60,20230413,170000,109.44,110.18,109.16,110,110500,0
CDR,60,20230414,100000,110.9,112.82,110.4,111.9,67082,0
CDR,60,20230414,110000,111.92,112.68,111.34,111.6,33834,0
CDR,60,20230414,120000,111.6,111.72,110.88,111.4,18519,0
CDR,60,20230414,130000,111.36,111.52,110.62,110.84,16798,0
CDR,60,20230414,140000,110.8,110.96,110.4,110.6,13643,0
CDR,60,20230414,150000,110.6,111.36,110.54,110.94,19825,0
CDR,60,20230414,160000,111.02,112.28,110.94,111.3,52897,0
CDR,60,20230414,170000,111.28,111.76,110.54,110.74,58930,0
CDR,60,20230417,100000,111.8,113.02,110.86,112.88,48914,0
CDR,60,20230417,110000,112.88,113.2,111.38,111.44,26635,0
CDR,60,20230417,120000,111.5,111.8,110.14,111.06,36710,0
CDR,60,20230417,130000,111.1,111.1,110.3,110.72,27850,0
CDR,60,20230417,140000,110.74,111.12,110.4,110.5,25069,0
CDR,60,20230417,150000,110.46,111.22,110.16,111.14,29674,0
CDR,60,20230417,160000,111.14,111.82,110.68,110.68,42848,0
CDR,60,20230417,170000,110.64,111,110.42,110.94,92965,0
CDR,60,20230418,100000,111.76,111.94,110.52,110.66,22441,0
CDR,60,20230418,110000,110.6,111.04,109.52,110.06,50831,0
CDR,60,20230418,120000,110.08,111.3,110.02,111.2,27662,0
CDR,60,20230418,130000,111.2,111.52,110.72,111.34,36665,0
CDR,60,20230418,140000,111.32,111.78,111.08,111.72,26019,0
CDR,60,20230418,150000,111.74,111.74,110.82,110.98,29214,0
CDR,60,20230418,160000,110.98,111.16,109.76,109.96,56786,0
CDR,60,20230418,170000,109.96,110.18,109.7,109.7,95688,0
CDR,60,20230419,100000,109.38,109.84,108.54,109.32,25865,0
CDR,60,20230419,110000,109.2,109.36,108.78,108.9,11442,0
CDR,60,20230419,120000,109.04,109.04,107.84,108.32,37780,0
CDR,60,20230419,130000,108.4,108.8,108.02,108.7,19412,0
CDR,60,20230419,140000,108.8,109.14,108.66,108.98,15714,0
CDR,60,20230419,150000,108.94,109.48,108.76,109.44,28565,0
CDR,60,20230419,160000,109.44,110,108.62,108.72,36768,0
CDR,60,20230419,170000,108.76,109.36,108.04,109.2,57029,0
CDR,60,20230420,100000,109.65,110.4,108.5,110.15,20841,0
CDR,60,20230420,110000,110.35,110.6,109.4,110,30631,0
CDR,60,20230420,120000,109.95,110.2,109.25,109.4,19154,0
CDR,60,20230420,130000,109.4,109.65,109.2,109.6,13353,0
CDR,60,20230420,140000,109.6,109.85,109.3,109.75,15951,0
CDR,60,20230420,150000,109.75,110.3,109.25,109.5,28806,0
CDR,60,20230420,160000,109.5,109.85,109.15,109.6,31181,0
CDR,60,20230420,170000,109.65,110.4,108.85,109.65,60028,0
CDR,60,20230421,100000,109,109.9,108.6,109.35,23965,0
CDR,60,20230421,110000,109.5,109.85,108.45,108.7,21543,0
CDR,60,20230421,120000,108.7,109,108.5,108.85,7792,0
CDR,60,20230421,130000,108.9,111.9,108.6,110.35,88414,0
CDR,60,20230421,140000,110.4,110.5,109.65,110.15,9466,0
CDR,60,20230421,150000,110.1,110.6,109.75,110.2,9847,0
CDR,60,20230421,160000,110.2,110.8,110.05,110.15,14636,0
CDR,60,20230421,170000,110.2,110.8,110.15,110.8,40844,0
CDR,60,20230424,100000,111.4,111.4,109.6,110.7,12044,0
CDR,60,20230424,110000,110.5,110.9,109.65,109.75,7550,0
CDR,60,20230424,120000,109.65,110.7,109.6,110.6,12539,0
CDR,60,20230424,130000,110.7,111.2,110.6,110.95,11486,0
CDR,60,20230424,140000,110.9,111.35,110.7,110.95,8552,0
CDR,60,20230424,150000,111,111.6,110.85,111.2,19112,0
CDR,60,20230424,160000,111.15,111.65,111.05,111.5,20731,0
CDR,60,20230424,170000,111.5,111.75,110.1,110.3,51463,0
CDR,60,20230425,100000,110.5,111.6,110.1,110.7,12560,0
CDR,60,20230425,110000,110.7,111,110.25,110.7,17451,0
CDR,60,20230425,120000,110.8,110.9,110.5,110.85,8465,0
CDR,60,20230425,130000,110.7,111.65,110.7,111.3,16060,0
CDR,60,20230425,140000,111.25,111.65,111.2,111.5,14031,0
CDR,60,20230425,150000,111.45,112,111.3,111.8,18540,0
CDR,60,20230425,160000,111.9,112.25,110.75,110.85,22779,0
CDR,60,20230425,170000,110.95,111.5,110.85,111,61767,0
CDR,60,20230426,100000,111.2,112.6,110.5,111.1,37100,0
CDR,60,20230426,110000,111.2,112.6,110.7,111.9,28346,0
CDR,60,20230426,120000,111.9,112.2,111.55,111.95,24878,0
CDR,60,20230426,130000,112.2,112.8,112.15,112.6,27826,0
CDR,60,20230426,140000,112.6,112.8,111.9,112.5,17500,0
CDR,60,20230426,150000,112.5,112.65,111.85,112.1,15081,0
CDR,60,20230426,160000,112.05,112.5,112,112.45,17667,0
CDR,60,20230426,170000,112.4,112.75,111.9,111.95,52225,0
CDR,60,20230427,100000,111.6,112.25,110.9,111.8,41377,0
CDR,60,20230427,110000,111.75,112.55,111.7,112.25,12683,0
CDR,60,20230427,120000,112.3,112.9,112.25,112.55,19656,0
CDR,60,20230427,130000,112.55,112.55,112.15,112.3,7413,0
CDR,60,20230427,140000,112.3,112.8,112,112.7,10873,0
CDR,60,20230427,150000,112.7,112.75,112.2,112.65,8156,0
CDR,60,20230427,160000,112.7,112.7,111.9,112.35,13971,0
CDR,60,20230427,170000,112.35,114.5,112.25,114,120853,0
CDR,60,20230428,100000,114.1,114.7,113.1,113.5,31820,0
CDR,60,20230428,110000,113.5,114.9,113.4,113.8,45683,0
CDR,60,20230428,120000,113.8,114.1,113.4,113.7,24444,0
CDR,60,20230428,130000,113.7,114.6,113.7,114.3,22037,0
CDR,60,20230428,140000,114.3,115.2,114.3,114.7,44941,0
CDR,60,20230428,150000,114.7,114.7,113.8,113.9,18752,0
CDR,60,20230428,160000,113.95,114.45,113.4,113.65,28878,0
CDR,60,20230428,170000,113.65,113.8,113.3,113.3,61063,0
CDR,60,20230502,100000,114.1,116.3,113.5,116.3,86332,0
CDR,60,20230502,110000,116.15,116.15,114.45,114.45,37900,0
CDR,60,20230502,120000,114,114.5,113.8,114.2,29636,0
CDR,60,20230502,130000,114,114.5,113.85,114.35,9564,0
CDR,60,20230502,140000,114.45,114.6,113.65,113.75,12867,0
CDR,60,20230502,150000,113.6,113.65,112.65,112.9,35874,0
CDR,60,20230502,160000,112.9,113.4,112.65,113.1,23301,0
CDR,60,20230502,170000,113.15,113.15,111.6,111.75,72347,0
CDR,60,20230504,100000,111.9,113.2,111.5,113,35331,0
CDR,60,20230504,110000,112.9,113.25,112.1,112.1,17555,0
CDR,60,20230504,120000,112.25,112.9,111.9,112.65,16758,0
CDR,60,20230504,130000,112.65,112.85,112.2,112.6,15968,0
CDR,60,20230504,140000,112.6,112.75,111.7,111.9,23084,0
CDR,60,20230504,150000,111.9,112.6,111.8,112.15,30295,0
CDR,60,20230504,160000,112.2,112.9,111.95,112.8,37545,0
CDR,60,20230504,170000,112.8,112.95,111.6,112,80620,0
CDR,60,20230505,100000,112.2,113.6,112.15,113,13422,0
CDR,60,20230505,110000,112.85,113.5,112.8,113.35,16212,0
CDR,60,20230505,120000,113.45,113.5,112.95,113.4,9561,0
CDR,60,20230505,130000,113.4,113.5,113.05,113.3,7868,0
CDR,60,20230505,140000,113.3,113.45,112.8,113,11671,0
CDR,60,20230505,150000,113,113.45,112.9,113.3,11337,0
CDR,60,20230505,160000,113.4,113.7,112.55,112.65,39556,0
CDR,60,20230505,170000,112.65,113.55,112.6,112.9,61224,0
CDR,60,20230508,100000,113.45,114,112.6,113.1,24334,0
CDR,60,20230508,110000,113.05,113.2,112.3,112.4,12114,0
CDR,60,20230508,120000,112.4,113,112.35,112.45,10182,0
CDR,60,20230508,130000,112.5,113.25,112.45,113.05,9736,0
CDR,60,20230508,140000,113,113.1,112,112.3,29458,0
CDR,60,20230508,150000,112.25,112.25,111.7,111.9,24422,0
CDR,60,20230508,160000,111.9,112.05,111.2,111.4,24233,0
CDR,60,20230508,170000,111.35,112,111.3,111.8,52041,0
CDR,60,20230509,100000,112.2,112.2,110.55,111.05,19743,0
CDR,60,20230509,110000,111.05,111.65,110.85,111.6,8852,0
CDR,60,20230509,120000,111.5,111.95,111.45,111.65,4108,0
CDR,60,20230509,130000,111.65,112,111.6,112,3890,0
CDR,60,20230509,140000,112,112.15,111.7,111.8,5215,0
CDR,60,20230509,150000,111.9,112.1,111.35,111.6,6721,0
CDR,60,20230509,160000,111.6,112.2,111.25,111.9,10705,0
CDR,60,20230509,170000,111.9,112.4,111.6,111.85,39908,0
CDR,60,20230510,100000,112.5,112.65,111.4,111.4,16239,0
CDR,60,20230510,110000,111.55,112,111.35,111.8,4712,0
CDR,60,20230510,120000,111.65,111.95,111.55,111.75,7665,0
CDR,60,20230510,130000,111.9,112.2,111.65,111.75,8751,0
CDR,60,20230510,140000,111.7,112.4,111.65,112.4,16243,0
CDR,60,20230510,150000,112.3,113.5,112.05,113.4,30232,0
CDR,60,20230510,160000,113.4,113.75,111.55,113.4,95862,0
CDR,60,20230510,170000,113.45,113.6,112.7,113,47962,0
CDR,60,20230511,100000,114.5,114.75,113.4,114.15,23524,0
CDR,60,20230511,110000,114.2,115.8,114.2,115.6,79766,0
CDR,60,20230511,120000,115.7,117.45,115.4,117.4,91863,0
CDR,60,20230511,130000,117.4,118.2,116.95,118.2,72638,0
CDR,60,20230511,140000,118.05,118.1,117.25,117.7,33219,0
CDR,60,20230511,150000,117.7,119.6,117.5,119.4,75645,0
CDR,60,20230511,160000,119.4,119.55,117.8,117.95,108473,0
CDR,60,20230511,170000,117.95,118,116.5,116.7,78058,0
CDR,60,20230512,100000,117,119.25,116.55,118.15,97131,0
CDR,60,20230512,110000,118.25,118.35,116.25,116.9,42537,0
CDR,60,20230512,120000,116.95,117.6,115.55,115.85,49123,0
CDR,60,20230512,130000,115.95,116.05,115.05,115.2,19242,0
CDR,60,20230512,140000,115.4,116.35,115.3,116,8554,0
CDR,60,20230512,150000,116.05,117,115.8,116.85,11804,0
CDR,60,20230512,160000,116.95,116.95,115.9,116.05,19228,0
CDR,60,20230512,170000,116,116.2,114.85,114.85,92619,0
CDR,60,20230515,100000,116.4,116.7,114.55,115.5,31467,0
CDR,60,20230515,110000,115.3,115.8,115.1,115.15,18773,0
CDR,60,20230515,120000,115.15,116.25,115,116.1,19462,0
CDR,60,20230515,130000,116.25,116.25,115.05,115.35,25720,0
CDR,60,20230515,140000,115.4,115.75,115.1,115.75,8364,0
CDR,60,20230515,150000,115.65,115.9,114.7,114.8,14576,0
CDR,60,20230515,160000,114.75,115.25,114.45,114.55,22833,0
CDR,60,20230515,170000,114.6,115.05,114.15,114.4,76608,0
CDR,60,20230516,100000,114.4,114.5,113.35,114.1,30778,0
CDR,60,20230516,110000,114.25,114.5,112.55,112.65,35617,0
CDR,60,20230516,120000,112.65,112.9,111.85,112.05,57705,0
CDR,60,20230516,130000,112.05,112.35,111.3,111.45,45313,0
CDR,60,20230516,140000,111.45,111.8,111.4,111.7,19947,0
CDR,60,20230516,150000,111.7,111.85,111.3,111.65,38388,0
CDR,60,20230516,160000,111.5,112.05,111.3,111.6,69267,0
CDR,60,20230516,170000,111.6,111.95,111.2,111.2,133212,0
CDR,60,20230517,100000,111.2,112.25,111,111.2,25887,0
CDR,60,20230517,110000,111.25,111.4,110.2,110.35,32505,0
CDR,60,20230517,120000,110.5,110.6,108.55,109,71522,0
CDR,60,20230517,130000,109,110.2,108.8,110.2,23618,0
CDR,60,20230517,140000,110.1,110.4,109.35,109.7,30342,0
CDR,60,20230517,150000,109.7,110.15,109.4,109.8,29181,0
CDR,60,20230517,160000,109.8,110,109,109.1,40747,0
CDR,60,20230517,170000,109.2,110,109.05,109.15,74450,0
CDR,60,20230518,100000,110,111.55,108.55,111.25,45886,0
CDR,60,20230518,110000,111.1,111.2,110.2,110.35,7338,0
CDR,60,20230518,120000,110.4,111.1,110.4,110.8,6541,0
CDR,60,20230518,130000,110.75,111.5,110.5,111.15,10916,0
CDR,60,20230518,140000,111.25,111.8,110.8,111.7,15030,0
CDR,60,20230518,150000,111.6,111.9,110.5,110.55,10603,0
CDR,60,20230518,160000,110.45,110.6,109.8,109.95,17703,0
CDR,60,20230518,170000,109.8,110.1,109.5,109.5,54850,0
CDR,60,20230519,100000,110.8,112.3,110.65,111.7,34416,0
CDR,60,20230519,110000,111.85,113.3,111.65,113.2,41689,0
CDR,60,20230519,120000,113.15,113.95,112.8,113.55,45506,0
CDR,60,20230519,130000,113.55,113.85,113.15,113.65,64088,0
CDR,60,20230519,140000,113.8,114.35,113.55,114.35,40046,0
CDR,60,20230519,150000,114.3,114.35,113.3,113.65,38878,0
CDR,60,20230519,160000,113.65,114.2,113.3,114.15,70340,0
CDR,60,20230519,170000,114.1,114.25,113.7,113.7,137603,0
CDR,60,20230522,100000,114,114.6,113.05,113.65,71251,0
CDR,60,20230522,110000,113.65,117,113.6,117,59850,0
CDR,60,20230522,120000,117,118.2,116.15,117.25,93252,0
CDR,60,20230522,130000,117.25,117.3,115.6,115.95,29770,0
CDR,60,20230522,140000,115.95,116.9,115.95,116.85,13431,0
CDR,60,20230522,150000,116.9,117.8,116.8,117.05,30374,0
CDR,60,20230522,160000,117.15,118.2,117.15,118,39468,0
CDR,60,20230522,170000,118.05,118.3,117.5,118.05,126849,0
CDR,60,20230523,100000,118,119.15,116.45,119.05,80235,0
CDR,60,20230523,110000,119.15,119.7,118.55,119.7,64474,0
CDR,60,20230523,120000,119.7,120.95,119.5,120.15,137976,0
CDR,60,20230523,130000,120.15,120.6,118.35,118.75,80272,0
CDR,60,20230523,140000,118.65,119.7,118.45,119.6,20823,0
CDR,60,20230523,150000,119.7,120.1,119.15,120.05,27975,0
CDR,60,20230523,160000,120.1,120.3,119.85,119.95,35329,0
CDR,60,20230523,170000,120.15,121.3,120.15,121,129044,0
CDR,60,20230524,100000,120.2,120.2,116.9,117.5,80060,0
CDR,60,20230524,110000,117.5,118,117.1,117.7,19553,0
CDR,60,20230524,120000,117.7,117.75,116.45,116.45,28620,0
CDR,60,20230524,130000,116.55,116.55,114.5,115.5,111966,0
CDR,60,20230524,140000,115.25,116.2,115.2,115.75,36920,0
CDR,60,20230524,150000,115.75,116.15,115.65,115.85,44376,0
CDR,60,20230524,160000,115.9,116.15,114.4,114.95,101498,0
CDR,60,20230524,170000,114.9,115.3,114.35,114.35,114288,0
CDR,60,20230525,100000,115,115.5,113.7,114.7,32276,0
CDR,60,20230525,110000,114.6,115.15,113.75,114,15554,0
CDR,60,20230525,120000,114,114.75,113.8,114.35,15930,0
CDR,60,20230525,130000,114.35,114.45,113.75,114,11840,0
CDR,60,20230525,140000,114,114.65,113.75,114.65,14932,0
CDR,60,20230525,150000,114.7,114.7,113.9,114.05,14004,0
CDR,60,20230525,160000,114.05,114.2,113.2,113.55,47682,0
CDR,60,20230525,170000,113.7,114.6,113.45,114.2,64164,0
CDR,60,20230526,100000,115.8,116.5,115.05,115.3,43022,0
CDR,60,20230526,110000,115.3,116,114.95,115.75,9798,0
CDR,60,20230526,120000,115.75,116.4,115.6,116.15,12262,0
CDR,60,20230526,130000,116.2,117.1,116.05,116.8,65928,0
CDR,60,20230526,140000,117,117.45,116.65,117.2,40072,0
CDR,60,20230526,150000,117.2,118.25,117.2,118.1,45281,0
CDR,60,20230526,160000,118.05,118.6,117.9,118.5,51792,0
CDR,60,20230526,170000,118.4,118.9,117.6,118.9,111482,0
CDR,60,20230529,100000,121.05,124.9,119.5,123.7,254065,0
CDR,60,20230529,110000,123.7,124.6,121.9,122.8,90736,0
CDR,60,20230529,120000,122.75,124.6,122.45,123.25,37768,0
CDR,60,20230529,130000,123.15,123.9,123.05,123.55,42649,0
CDR,60,20230529,140000,123.55,124.4,123.05,124.15,43188,0
CDR,60,20230529,150000,124.2,125,123.95,124.6,113725,0
CDR,60,20230529,160000,124.7,125.3,124.35,125.1,100338,0
CDR,60,20230529,170000,125.1,125.3,124.4,125,139577,0
CDR,60,20230530,100000,125.1,125.4,121.6,122.15,202810,0
CDR,60,20230530,110000,122.05,122.55,120.5,120.8,74064,0
CDR,60,20230530,120000,120.85,121.95,120.25,121.45,46993,0
CDR,60,20230530,130000,121.45,123.3,121.25,123.25,34334,0
CDR,60,20230530,140000,123.25,124.5,123.05,124,49426,0
CDR,60,20230530,150000,124,124.4,123.45,124.35,22287,0
CDR,60,20230530,160000,124.35,125.2,124,124.25,49440,0
CDR,60,20230530,170000,124.35,124.35,122.85,123.45,112100,0
CDR,60,20230531,100000,122.5,122.5,120.3,120.8,67815,0
CDR,60,20230531,110000,120.8,121.55,120.65,120.75,37327,0
CDR,60,20230531,120000,120.75,120.9,119.85,120.25,44541,0
CDR,60,20230531,130000,120.25,120.9,120.05,120.5,15280,0
CDR,60,20230531,140000,120.5,120.5,120.05,120.4,35455,0
CDR,60,20230531,150000,120.45,120.95,120.35,120.6,21623,0
CDR,60,20230531,160000,120.55,121.5,120.35,120.75,30630,0
CDR,60,20230531,170000,120.6,121.7,120.35,121.2,318416,0
