<TICKER>,<PER>,<DATE>,<TIME>,<OPEN>,<HIGH>,<LOW>,<CLOSE>,<VOL>,<OPENINT>
CPS,60,20220804,100000,18.7962,18.7962,18.5903,18.7214,18853.327261869,0
CPS,60,20220804,110000,18.712,18.712,18.4967,18.5154,31116.322708321,0
CPS,60,20220804,120000,18.5154,18.5622,18.4499,18.4686,21640.517358549,0
CPS,60,20220804,130000,18.4686,18.7401,18.4686,18.7401,55989.510527796,0
CPS,60,20220804,140000,18.712,18.7775,18.6652,18.7026,32032.922594466,0
CPS,60,20220804,150000,18.7401,18.7775,18.6839,18.7588,29783.086510292,0
CPS,60,20220804,160000,18.7588,18.7775,18.5435,18.6558,46621.60329982,0
CPS,60,20220804,170000,18.6746,18.7775,18.4686,18.6278,198401.14342093,0
CPS,60,20220805,100000,18.4686,18.6184,18.4405,18.5903,26323.93682342,0
CPS,60,20220805,110000,18.5622,18.5997,18.4031,18.4031,21589.23904324,0
CPS,60,20220805,120000,18.3937,18.5435,18.2908,18.5435,54638.113259762,0
CPS,60,20220805,130000,18.5154,18.5716,18.4967,18.5529,7707.771769854,0
CPS,60,20220805,140000,18.5435,18.5435,18.4405,18.4405,21833.879339193,0
CPS,60,20220805,150000,18.4686,18.5154,18.2721,18.3001,62622.574272636,0
CPS,60,20220805,160000,18.3001,18.3282,18.1597,18.2346,50610.62891155,0
CPS,60,20220805,170000,18.2346,18.244,18.0568,18.0661,156519.57939246,0
CPS,60,20220808,100000,18.4218,18.4218,18.2533,18.3469,21706.751849156,0
CPS,60,20220808,110000,18.3469,18.3844,18.1878,18.3844,18531.769492953,0
CPS,60,20220808,120000,18.375,18.6184,18.375,18.6184,60119.551506626,0
CPS,60,20220808,130000,18.6184,18.7775,18.609,18.7214,52643.600453897,0
CPS,60,20220808,140000,18.7401,18.8899,18.7401,18.8899,23221.598747237,0
CPS,60,20220808,150000,18.8524,18.8711,18.7214,18.8337,27752.251564417,0
CPS,60,20220808,160000,18.7775,18.8524,18.7401,18.815,29794.837790884,0
CPS,60,20220808,170000,18.8337,18.8524,18.7401,18.8524,94451.451904103,0
CPS,60,20220809,100000,18.9086,19.0209,18.7588,18.8337,25288.755833123,0
CPS,60,20220809,110000,18.8337,18.9273,18.8337,18.8524,5196.2026179584,0
CPS,60,20220809,120000,18.8524,18.946,18.815,18.815,10765.241320141,0
CPS,60,20220809,130000,18.7775,18.7775,18.5622,18.6278,29758.515650874,0
CPS,60,20220809,140000,18.6278,18.7214,18.4593,18.5248,37241.944791252,0
CPS,60,20220809,150000,18.5342,18.6558,18.4593,18.5622,20156.651109301,0
CPS,60,20220809,160000,18.5716,18.5716,18.3844,18.3844,53505.717130026,0
CPS,60,20220809,170000,18.4218,18.4312,18.3376,18.3657,72043.896412393,0
CPS,60,20220810,100000,18.2721,18.3001,18.141,18.1972,56253.380191989,0
CPS,60,20220810,110000,18.1972,18.2065,18.1129,18.1878,29963.628912109,0
CPS,60,20220810,120000,18.1691,18.1691,18.1316,18.1691,15043.775753719,0
CPS,60,20220810,130000,18.141,18.1597,18.1129,18.1597,43167.795104125,0
CPS,60,20220810,140000,18.1597,18.1691,18.1129,18.1316,22106.295389271,0
CPS,60,20220810,150000,18.1691,18.5622,18.1691,18.5061,74460.38702132,0
CPS,60,20220810,160000,18.4967,18.5061,18.3282,18.4593,30116.3955598,0
CPS,60,20220810,170000,18.4405,18.5061,18.3844,18.3844,80886.200908454,0
CPS,60,20220811,100000,18.6652,18.6746,18.4031,18.4405,16205.015935816,0
CPS,60,20220811,110000,18.4499,18.4967,18.3844,18.4499,30612.085941118,0
CPS,60,20220811,120000,18.4312,18.6371,18.4312,18.5529,24545.220261146,0
CPS,60,20220811,130000,18.5622,18.6278,18.5529,18.5903,19585.111553255,0
CPS,60,20220811,140000,18.5903,18.6652,18.581,18.6652,28798.115537069,0
CPS,60,20220811,150000,18.6746,18.8711,18.6746,18.7962,36465.29197397,0
CPS,60,20220811,160000,18.7962,18.8524,18.7401,18.8337,36864.835514085,0
CPS,60,20220811,170000,18.8337,18.946,18.7962,18.946,119878.01820962,0
CPS,60,20220812,100000,18.9086,19.152,18.815,19.152,46215.649970292,0
CPS,60,20220812,110000,19.152,19.152,19.0958,19.1332,18320.246442304,0
CPS,60,20220812,120000,19.0958,19.2643,19.0771,19.2643,40312.233920366,0
CPS,60,20220812,130000,19.2268,19.2643,19.1707,19.2081,12085.657939343,0
CPS,60,20220812,140000,19.2268,19.2268,19.0958,19.0958,21039.065451906,0
CPS,60,20220812,150000,19.0958,19.2456,19.0958,19.2456,19564.813886778,0
CPS,60,20220812,160000,19.2456,19.5077,19.2456,19.4515,54032.388160177,0
CPS,60,20220812,170000,19.4515,19.5264,19.3766,19.5264,106079.87819861,0
CPS,60,20220816,100000,19.6387,19.8072,19.283,19.7885,72277.853725989,0
CPS,60,20220816,110000,19.7885,20.0506,19.6762,19.9195,98133.875922216,0
CPS,60,20220816,120000,19.8821,19.9383,19.8446,19.8634,40592.128058093,0
CPS,60,20220816,130000,19.8634,19.8634,19.7323,19.7885,35732.439384349,0
CPS,60,20220816,140000,19.7885,19.9195,19.7885,19.8259,50145.919179064,0
CPS,60,20220816,150000,19.8446,19.8634,19.7698,19.7885,43637.846327789,0
CPS,60,20220816,160000,19.7885,19.7885,19.5077,19.5451,79650.179849865,0
CPS,60,20220816,170000,19.5264,19.6574,19.5264,19.5451,218943.45019328,0
CPS,60,20220817,100000,19.4702,19.62,19.283,19.5077,61313.908934026,0
CPS,60,20220817,110000,19.5077,19.5451,19.0958,19.1145,55632.698917106,0
CPS,60,20220817,120000,19.1332,19.1894,19.0771,19.1707,46391.919179166,0
CPS,60,20220817,130000,19.152,19.3204,19.1332,19.283,24963.993169501,0
CPS,60,20220817,140000,19.3017,19.4328,19.1894,19.2081,45707.140010146,0
CPS,60,20220817,150000,19.2268,19.4141,19.2268,19.2268,37428.896982482,0
CPS,60,20220817,160000,19.2456,19.3392,19.2081,19.2456,66752.615251466,0
CPS,60,20220817,170000,19.2643,19.62,19.2081,19.5638,206662.29367682,0
CPS,60,20220818,100000,19.6387,19.6387,19.283,19.3579,17527.569151489,0
CPS,60,20220818,110000,19.3392,19.3392,19.0209,19.1332,37338.091632456,0
CPS,60,20220818,120000,19.0958,19.1894,19.0958,19.1145,16753.052930679,0
CPS,60,20220818,130000,19.1332,19.1894,19.0958,19.152,30942.190095918,0
CPS,60,20220818,140000,19.1332,19.1707,19.0022,19.0771,19179.158223727,0
CPS,60,20220818,150000,19.0583,19.152,18.9835,19.0396,69539.805348146,0
CPS,60,20220818,160000,19.0396,19.0583,19.0022,19.0022,57590.88958296,0
CPS,60,20220818,170000,19.0022,19.2081,18.9647,19.0022,115281.13090183,0
CPS,60,20220819,100000,19.0958,19.0958,18.7214,18.7775,87394.273759729,0
CPS,60,20220819,110000,18.815,19.0958,18.7214,19.0958,107434.48036135,0
CPS,60,20220819,120000,19.0771,19.2081,19.0396,19.1332,55977.759247204,0
CPS,60,20220819,130000,19.1707,19.1707,19.0209,19.0209,50274.114967336,0
CPS,60,20220819,140000,19.0209,19.1332,19.0209,19.1332,65262.339212804,0
CPS,60,20220819,150000,19.0958,19.1894,19.0209,19.0958,80331.754124178,0
CPS,60,20220819,160000,19.0958,19.1894,19.0209,19.0583,84461.795103007,0
CPS,60,20220819,170000,19.0583,19.0958,19.0022,19.0022,153265.54296683,0
CPS,60,20220822,100000,19.0958,19.0958,18.7401,18.815,55073.978939887,0
CPS,60,20220822,110000,18.7962,18.8524,18.6465,18.815,67727.971540569,0
CPS,60,20220822,120000,18.815,19.1145,18.7775,19.0209,78805.155945505,0
CPS,60,20220822,130000,19.0209,19.2456,19.0209,19.2081,60165.488330756,0
CPS,60,20220822,140000,19.1894,19.3204,19.0771,19.1332,71233.058051572,0
CPS,60,20220822,150000,19.1145,19.3579,19.1145,19.1707,79323.280589771,0
CPS,60,20220822,160000,19.1707,19.2081,19.0396,19.1332,90024.424015776,0
CPS,60,20220822,170000,19.1332,19.3579,19.1332,19.1894,208586.29879914,0
CPS,60,20220823,100000,19.0958,19.2643,18.9647,19.1894,37309.247580094,0
CPS,60,20220823,110000,19.2081,19.3766,19.1707,19.3017,74008.496867661,0
CPS,60,20220823,120000,19.3017,19.3392,19.1894,19.3204,64441.886167863,0
CPS,60,20220823,130000,19.3204,19.3204,19.2268,19.2456,51167.212292298,0
CPS,60,20220823,140000,19.2456,19.4515,19.2456,19.4515,51236.651677612,0
CPS,60,20220823,150000,19.4702,19.5077,19.3392,19.4141,55957.461580728,0
CPS,60,20220823,160000,19.4141,19.4702,19.3392,19.4702,96466.262376444,0
CPS,60,20220823,170000,19.4515,19.6013,19.3017,19.3017,321985.08820984,0
CPS,60,20220824,100000,19.6574,19.6574,19.1332,19.1707,81999.367669949,0
CPS,60,20220824,110000,19.1894,19.2643,19.1707,19.1894,38474.760955134,0
CPS,60,20220824,120000,19.1894,19.2268,18.9647,19.1145,97671.302786201,0
CPS,60,20220824,130000,19.1145,19.1145,19.0022,19.1145,46170.781444396,0
CPS,60,20220824,140000,19.0958,19.1707,19.0209,19.0771,45109.961296446,0
CPS,60,20220824,150000,19.0583,19.1145,18.815,18.8337,78985.698347322,0
CPS,60,20220824,160000,18.8524,18.9086,18.7588,18.7588,93967.512803376,0
CPS,60,20220824,170000,18.815,18.815,18.5903,18.6652,231630.56003926,0
CPS,60,20220825,100000,18.7962,18.9273,18.7214,18.9273,66975.889582706,0
CPS,60,20220825,110000,18.946,18.9835,18.8899,18.8899,20218.612406966,0
CPS,60,20220825,120000,18.8899,18.8899,18.815,18.8524,45919.73135903,0
CPS,60,20220825,130000,18.8524,18.8711,18.815,18.8337,40007.76892322,0
CPS,60,20220825,140000,18.8711,18.8899,18.815,18.8337,17194.260101982,0
CPS,60,20220825,150000,18.8337,18.8524,18.815,18.8337,39091.169037075,0
CPS,60,20220825,160000,18.8337,18.8711,18.8337,18.8711,35832.859418495,0
CPS,60,20220825,170000,18.8711,18.9086,18.8337,18.8524,73570.494591065,0
CPS,60,20220826,100000,18.8711,18.9647,18.8337,18.8337,20851.044962441,0
CPS,60,20220826,110000,18.8337,18.8711,18.8337,18.8337,29498.919179623,0
CPS,60,20220826,120000,18.8337,18.8711,18.8337,18.8337,29088.692657152,0
CPS,60,20220826,130000,18.8337,18.8524,18.8337,18.8524,10322.965850603,0
CPS,60,20220826,140000,18.8524,18.8524,18.8337,18.8524,7565.6881045192,0
CPS,60,20220826,150000,18.8524,18.8711,18.7962,18.815,31801.101877341,0
CPS,60,20220826,160000,18.815,19.0771,18.7962,19.0771,52832.689241598,0
CPS,60,20220826,170000,19.0771,19.0771,18.7214,18.8711,131166.7256652,0
CPS,60,20220829,100000,18.6652,18.7026,18.2908,18.3282,204792.77176452,0
CPS,60,20220829,110000,18.3282,18.6184,18.3282,18.4873,61020.126919236,0
CPS,60,20220829,120000,18.4873,18.5248,18.3563,18.3937,56433.922593806,0
CPS,60,20220829,130000,18.3937,18.5154,18.3937,18.4593,41198.921455914,0
CPS,60,20220829,140000,18.4593,18.5435,18.4125,18.4405,52101.973248448,0
CPS,60,20220829,150000,18.4405,18.4873,18.3937,18.3937,59556.558336464,0
CPS,60,20220829,160000,18.3844,18.4967,18.3469,18.4312,60396.240749646,0
CPS,60,20220829,170000,18.4218,18.5903,18.4218,18.5061,122497.48548331,0
CPS,60,20220830,100000,18.712,18.712,18.3657,18.5716,58946.560043937,0
CPS,60,20220830,110000,18.5529,18.6465,18.5529,18.5903,34071.235627991,0
CPS,60,20220830,120000,18.5903,18.6839,18.5154,18.6746,24469.371086418,0
CPS,60,20220830,130000,18.6839,18.6839,18.5529,18.5903,29700.827546151,0
CPS,60,20220830,140000,18.5903,18.6558,18.5903,18.609,52517.541262096,0
CPS,60,20220830,150000,18.6278,18.6933,18.5997,18.609,39339.014227734,0
CPS,60,20220830,160000,18.6184,18.6839,18.5435,18.5435,85449.970970937,0
CPS,60,20220830,170000,18.5622,18.6558,18.4218,18.6184,180710.12463939,0
CPS,60,20220831,100000,18.7214,18.7214,18.3937,18.3937,84671.181557185,0
CPS,60,20220831,110000,18.4686,18.5342,18.2908,18.5154,81533.589639228,0
CPS,60,20220831,120000,18.4873,18.5903,18.3844,18.5903,64773.058620899,0
CPS,60,20220831,130000,18.5997,18.5997,18.3844,18.4405,40147.715992084,0
CPS,60,20220831,140000,18.4218,18.6652,18.3937,18.5435,58822.637448607,0
CPS,60,20220831,150000,18.5529,18.6465,18.5061,18.5622,31642.993738472,0
CPS,60,20220831,160000,18.5435,18.5435,18.3469,18.3844,92874.643708357,0
CPS,60,20220831,170000,18.375,18.4593,18.1597,18.1597,776002.22365572,0
CPS,60,20220901,100000,18.2533,18.3469,17.8882,17.9725,96648.70649,0
CPS,60,20220901,110000,17.9725,18.0286,17.6542,17.832,97255.524,0
CPS,60,20220901,120000,17.8227,18.0567,17.7852,17.9725,66042.06395,0
CPS,60,20220901,130000,17.9818,18.0567,17.8976,17.9818,46345.88597,0
CPS,60,20220901,140000,17.9537,18.0848,17.9537,18.0005,37289.93801,0
CPS,60,20220901,150000,18.0005,18.0005,17.804,17.804,42208.37557,0
CPS,60,20220901,160000,17.8227,17.8601,17.7572,17.8133,86345.04856,0
CPS,60,20220901,170000,17.7946,17.7946,17.5606,17.6074,201900.44228,0
CPS,60,20220902,100000,18.2346,18.2346,17.6168,17.804,111867.68175,0
CPS,60,20220902,110000,17.804,18.0661,17.7852,18.0286,59349.18867,0
CPS,60,20220902,120000,18.0286,18.1035,17.9912,17.9912,99639.98261,0
CPS,60,20220902,130000,18.0473,18.0754,18.0005,18.0193,55957.34801,0
CPS,60,20220902,140000,18.0193,18.0567,18.0005,18.038,66308.03868,0
CPS,60,20220902,150000,18.038,18.1035,18.0099,18.0473,99176.34734,0
CPS,60,20220902,160000,18.0473,18.2065,18.038,18.1597,98407.18501,0
CPS,60,20220902,170000,18.169,18.3282,18.1503,18.2533,185774.49436,0
CPS,60,20220905,100000,17.8508,18.1129,17.7852,18.0661,33101.1272,0
CPS,60,20220905,110000,18.0661,18.1035,17.9631,18.0661,20776.22237,0
CPS,60,20220905,120000,18.0567,18.1971,18.0099,18.1971,28946.56422,0
CPS,60,20220905,130000,18.169,18.2907,18.169,18.2814,24557.98611,0
CPS,60,20220905,140000,18.2626,18.2626,18.1222,18.1503,23690.54615,0
CPS,60,20220905,150000,18.141,18.1878,18.0848,18.169,21824.20206,0
CPS,60,20220905,160000,18.169,18.2252,17.9163,18.0099,58084.30695,0
CPS,60,20220905,170000,17.9725,18.2158,17.935,18.0661,81249.25641,0
CPS,60,20220906,100000,18.0005,18.2158,18.0005,18.0473,18499.68259,0
CPS,60,20220906,110000,18.0005,18.0005,17.7946,17.8227,61578.70902,0
CPS,60,20220906,120000,17.804,17.8133,17.6542,17.7197,49721.68264,0
CPS,60,20220906,130000,17.7572,17.804,17.6542,17.7759,46234.78415,0
CPS,60,20220906,140000,17.7384,17.7852,17.7384,17.7665,38273.8535,0
CPS,60,20220906,150000,17.7665,17.7665,17.57,17.6168,109773.87059,0
CPS,60,20220906,160000,17.5793,17.6074,17.2985,17.3453,91338.25901,0
CPS,60,20220906,170000,17.3359,17.4389,17.1955,17.1955,181478.89936,0
CPS,60,20220907,100000,17.13,17.3827,16.9334,16.9802,64454.54049,0
CPS,60,20220907,110000,16.9989,17.2891,16.9989,17.2517,34920.46406,0
CPS,60,20220907,120000,17.2517,17.2517,17.0738,17.1768,39467.14475,0
CPS,60,20220907,130000,17.1768,17.2142,17.1113,17.1113,32769.99064,0
CPS,60,20220907,140000,17.1113,17.1674,17.0364,17.0551,61017.8865,0
CPS,60,20220907,150000,17.0738,17.1019,16.9053,16.9802,69267.27184,0
CPS,60,20220907,160000,16.9428,17.0177,16.8866,16.9053,59002.01494,0
CPS,60,20220907,170000,16.8866,17.1674,16.8492,17.0926,224215.06225,0
CPS,60,20220908,100000,17.3079,17.8789,17.261,17.8133,160374.76924,0
CPS,60,20220908,110000,17.8133,18.0848,17.8133,18.0005,74746.52614,0
CPS,60,20220908,120000,17.9912,18.0005,17.7852,17.8695,34215.40721,0
CPS,60,20220908,130000,17.8601,17.8976,17.7852,17.8133,38371.06188,0
CPS,60,20220908,140000,17.7946,17.8227,17.7852,17.7946,37032.45731,0
CPS,60,20220908,150000,17.7946,17.8133,17.467,17.467,111641.19884,0
CPS,60,20220908,160000,17.467,17.5419,17.4015,17.4108,94705.50732,0
CPS,60,20220908,170000,17.4015,17.7104,17.3453,17.6448,243056.62078,0
CPS,60,20220909,100000,17.6916,17.832,17.5606,17.7478,136234.44975,0
CPS,60,20220909,110000,17.7384,18.0099,17.7197,17.8695,47921.6246,0
CPS,60,20220909,120000,17.8695,18.2158,17.8414,18.1129,71310.81922,0
CPS,60,20220909,130000,18.1129,18.141,18.0286,18.0661,32090.53743,0
CPS,60,20220909,140000,18.038,18.0661,17.9912,18.0099,16635.49628,0
CPS,60,20220909,150000,18.0005,18.0193,17.8789,17.9444,30328.93013,0
CPS,60,20220909,160000,17.9444,17.9444,17.832,17.935,41581.30781,0
CPS,60,20220909,170000,17.9537,18.0193,17.8133,18.0193,104376.82808,0
CPS,60,20220912,100000,18.0193,18.1503,17.6168,17.8601,114309.78343,0
CPS,60,20220912,110000,17.8789,17.935,17.832,17.8414,35075.36824,0
CPS,60,20220912,120000,17.9163,17.9912,17.804,17.8508,44519.09873,0
CPS,60,20220912,130000,17.8227,17.9537,17.8133,17.8227,33448.34535,0
CPS,60,20220912,140000,17.8133,18.0193,17.7946,18.0193,41474.45589,0
CPS,60,20220912,150000,18.0193,18.1971,17.9818,18.0754,62343.61747,0
CPS,60,20220912,160000,18.1035,18.2065,17.9818,18.0848,74241.22118,0
CPS,60,20220912,170000,18.0941,18.2346,17.9912,18.169,252444.82115,0
CPS,60,20220913,100000,18.1597,18.1597,17.8882,18.0193,86442.25381,0
CPS,60,20220913,110000,18.0193,18.038,17.8414,17.8695,48856.40024,0
CPS,60,20220913,120000,17.8695,17.8695,17.7478,17.8227,41362.27198,0
CPS,60,20220913,130000,17.8227,17.8508,17.7478,17.8133,23999.26689,0
CPS,60,20220913,140000,17.7946,17.8695,17.7572,17.7852,45094.89989,0
CPS,60,20220913,150000,17.7665,17.832,17.4857,17.5512,167508.75523,0
CPS,60,20220913,160000,17.57,17.6448,17.3827,17.4576,118438.78245,0
CPS,60,20220913,170000,17.467,17.4763,17.2142,17.2142,150924.58232,0
CPS,60,20220914,100000,17.3079,17.9163,17.2704,17.8601,428779.71227,0
CPS,60,20220914,110000,17.8695,18.0567,17.8695,17.9069,115242.34388,0
CPS,60,20220914,120000,17.9069,18.0848,17.8695,18.0193,66934.05865,0
CPS,60,20220914,130000,18.038,18.0473,17.9257,17.9257,40047.22881,0
CPS,60,20220914,140000,17.9725,18.0193,17.935,17.9912,79097.69149,0
CPS,60,20220914,150000,18.0005,18.1971,17.9725,18.0567,130116.19631,0
CPS,60,20220914,160000,18.0567,18.1316,18.0286,18.0661,77598.90419,0
CPS,60,20220914,170000,18.0754,18.1222,17.8695,18.1222,339196.81572,0
CPS,60,20220915,100000,17.9444,18.3001,17.804,18.2346,143450.82199,0
CPS,60,20220915,110000,18.2252,18.3375,18.0754,18.2907,94618.99198,0
CPS,60,20220915,120000,18.3188,18.3375,18.141,18.3001,110819.6813,0
CPS,60,20220915,130000,18.3094,18.3469,18.2065,18.2158,72573.63142,0
CPS,60,20220915,140000,18.2252,18.2814,18.1878,18.2158,77323.25987,0
CPS,60,20220915,150000,18.2252,18.2346,18.1316,18.169,150203.50405,0
CPS,60,20220915,160000,18.169,18.4499,18.1222,18.4311,320745.25023,0
CPS,60,20220915,170000,18.4124,18.4311,18.2439,18.2439,380406.34359,0
CPS,60,20220916,100000,17.9725,18.2346,17.7104,17.8695,170791.68849,0
CPS,60,20220916,110000,17.9163,17.9818,17.8414,17.9631,116548.97079,0
CPS,60,20220916,120000,17.9537,18.0099,17.8789,17.8789,78549.67626,0
CPS,60,20220916,130000,17.8789,17.8882,17.7478,17.7852,93456.64766,0
CPS,60,20220916,140000,17.7946,17.7946,17.5138,17.6448,141228.72828,0
CPS,60,20220916,150000,17.6448,17.7665,17.5231,17.6729,204669.46826,0
CPS,60,20220916,160000,17.6729,17.8133,17.6074,17.6542,493661.87372,0
CPS,60,20220916,170000,17.6542,17.9537,17.57,17.57,6302929.41222,0
CPS,60,20220919,100000,17.73,17.93,17.59,17.76,838000,0
CPS,60,20220919,110000,17.77,17.78,17.27,17.31,191202,0
CPS,60,20220919,120000,17.31,17.47,17.2,17.24,105751,0
CPS,60,20220919,130000,17.25,17.28,16.98,17.08,319043,0
CPS,60,20220919,140000,17.1,17.24,17.05,17.2,79247,0
CPS,60,20220919,150000,17.2,17.37,17.16,17.37,300644,0
CPS,60,20220919,160000,17.37,17.48,17.23,17.3,63532,0
CPS,60,20220919,170000,17.29,17.3,17.17,17.18,206678,0
CPS,60,20220920,100000,17.28,17.69,17.19,17.67,200712,0
CPS,60,20220920,110000,17.69,17.74,17.55,17.67,94699,0
CPS,60,20220920,120000,17.67,17.76,17.57,17.68,91087,0
CPS,60,20220920,130000,17.68,17.76,17.53,17.7,108997,0
CPS,60,20220920,140000,17.69,17.72,17.54,17.6,123308,0
CPS,60,20220920,150000,17.64,17.65,17.39,17.46,101630,0
CPS,60,20220920,160000,17.49,17.58,17.4,17.4,107193,0
CPS,60,20220920,170000,17.4,17.49,17.3,17.4,247579,0
CPS,60,20220921,100000,17.52,17.52,17.25,17.33,78111,0
CPS,60,20220921,110000,17.32,17.38,17.2,17.32,86550,0
CPS,60,20220921,120000,17.31,17.35,17.26,17.31,60442,0
CPS,60,20220921,130000,17.3,17.38,17.22,17.27,111027,0
CPS,60,20220921,140000,17.26,17.35,17.2,17.21,105217,0
CPS,60,20220921,150000,17.2,17.26,17.15,17.2,74982,0
CPS,60,20220921,160000,17.19,17.27,17.08,17.27,126947,0
CPS,60,20220921,170000,17.28,17.6,17.27,17.6,412442,0
CPS,60,20220922,100000,17.37,17.42,17.19,17.37,58533,0
CPS,60,20220922,110000,17.38,17.68,17.35,17.57,50299,0
CPS,60,20220922,120000,17.57,17.63,17.5,17.63,49176,0
CPS,60,20220922,130000,17.62,17.72,17.62,17.72,42056,0
CPS,60,20220922,140000,17.73,17.86,17.67,17.83,79569,0
CPS,60,20220922,150000,17.83,17.96,17.8,17.91,50816,0
CPS,60,20220922,160000,17.92,18.06,17.81,17.84,89637,0
CPS,60,20220922,170000,17.84,17.95,17.78,17.9,136124,0
CPS,60,20220923,100000,17.9,17.98,17.64,17.68,72714,0
CPS,60,20220923,110000,17.71,17.82,17.61,17.74,63425,0
CPS,60,20220923,120000,17.76,17.76,17.49,17.49,58391,0
CPS,60,20220923,130000,17.49,17.77,17.43,17.75,64474,0
CPS,60,20220923,140000,17.75,17.87,17.68,17.79,50774,0
CPS,60,20220923,150000,17.79,17.84,17.56,17.65,51783,0
CPS,60,20220923,160000,17.64,17.79,17.55,17.55,73590,0
CPS,60,20220923,170000,17.55,17.6,17.43,17.52,149175,0
CPS,60,20220926,100000,17.35,17.73,17.21,17.58,102242,0
CPS,60,20220926,110000,17.57,17.6,17.22,17.24,57751,0
CPS,60,20220926,120000,17.24,17.36,17.11,17.11,90519,0
CPS,60,20220926,130000,17.2,17.2,17.1,17.1,45756,0
CPS,60,20220926,140000,17.1,17.1,16.82,16.82,80377,0
CPS,60,20220926,150000,16.83,17,16.76,16.97,70713,0
CPS,60,20220926,160000,16.96,16.96,16.71,16.8,65552,0
CPS,60,20220926,170000,16.79,16.89,16.64,16.64,198760,0
CPS,60,20220927,100000,17.16,17.31,17,17.15,105427,0
CPS,60,20220927,110000,17.12,17.22,17.01,17.2,74805,0
CPS,60,20220927,120000,17.19,17.2,17.06,17.08,55075,0
CPS,60,20220927,130000,17.09,17.21,17,17.04,171503,0
CPS,60,20220927,140000,17.04,17.17,16.94,17.13,100495,0
CPS,60,20220927,150000,17.15,17.2,16.98,16.98,138064,0
CPS,60,20220927,160000,17,17.03,16.9,16.92,159464,0
CPS,60,20220927,170000,16.95,16.96,16.76,16.77,275805,0
CPS,60,20220928,100000,16.82,16.97,16.56,16.85,63733,0
CPS,60,20220928,110000,16.81,17.03,16.73,16.76,48347,0
CPS,60,20220928,120000,16.75,16.76,16.42,16.45,72491,0
CPS,60,20220928,130000,16.48,16.79,16.48,16.69,37654,0
CPS,60,20220928,140000,16.71,16.71,16.51,16.58,39260,0
CPS,60,20220928,150000,16.56,16.74,16.56,16.67,64109,0
CPS,60,20220928,160000,16.66,16.76,16.62,16.66,72487,0
CPS,60,20220928,170000,16.7,16.83,16.53,16.6,258429,0
CPS,60,20220929,100000,16.94,16.94,16.37,16.44,75967,0
CPS,60,20220929,110000,16.44,16.55,16.38,16.48,37532,0
CPS,60,20220929,120000,16.49,16.64,16.49,16.49,30896,0
CPS,60,20220929,130000,16.48,16.52,16.36,16.42,59098,0
CPS,60,20220929,140000,16.41,16.44,16.3,16.34,80361,0
CPS,60,20220929,150000,16.32,16.32,16.08,16.12,58162,0
CPS,60,20220929,160000,16.12,16.28,16.05,16.1,54735,0
CPS,60,20220929,170000,16.07,16.07,15.9,16.06,114666,0
CPS,60,20220930,100000,16.4,16.4,15.89,16.04,51006,0
CPS,60,20220930,110000,16.04,16.04,15.75,15.85,77105,0
CPS,60,20220930,120000,15.84,15.98,15.81,15.96,63514,0
CPS,60,20220930,130000,15.96,16.08,15.91,15.91,34633,0
CPS,60,20220930,140000,15.9,15.98,15.86,15.88,85500,0
CPS,60,20220930,150000,15.9,15.94,15.81,15.91,28399,0
CPS,60,20220930,160000,15.91,15.92,15.74,15.86,39060,0
CPS,60,20220930,170000,15.86,16.19,15.75,16.05,293269,0
CPS,60,20221003,100000,16.2,16.22,15.9,16,30513,0
CPS,60,20221003,110000,15.92,15.92,15.65,15.8,52948,0
CPS,60,20221003,120000,15.8,15.82,15.65,15.72,36469,0
CPS,60,20221003,130000,15.76,15.87,15.73,15.73,55952,0
CPS,60,20221003,140000,15.72,15.76,15.64,15.67,64002,0
CPS,60,20221003,150000,15.65,15.82,15.61,15.66,126917,0
CPS,60,20221003,160000,15.65,15.95,15.65,15.89,183965,0
CPS,60,20221003,170000,15.89,17.07,15.89,16.95,599288,0
CPS,60,20221004,100000,17,17.55,16.81,17.5,290542,0
CPS,60,20221004,110000,17.44,17.67,17.37,17.61,95851,0
CPS,60,20221004,120000,17.61,17.71,17.46,17.63,165224,0
CPS,60,20221004,130000,17.65,17.69,17.47,17.47,46184,0
CPS,60,20221004,140000,17.44,17.44,17.27,17.39,69651,0
CPS,60,20221004,150000,17.38,17.39,17.31,17.36,72366,0
CPS,60,20221004,160000,17.36,17.61,17.28,17.61,173900,0
CPS,60,20221004,170000,17.61,17.84,17.61,17.84,194729,0
CPS,60,20221005,100000,17.65,17.65,17.42,17.42,57092,0
CPS,60,20221005,110000,17.42,17.48,17.35,17.41,46593,0
CPS,60,20221005,120000,17.43,17.6,17.38,17.57,40218,0
CPS,60,20221005,130000,17.56,17.79,17.54,17.6,37385,0
CPS,60,20221005,140000,17.6,17.63,17.5,17.54,36170,0
CPS,60,20221005,150000,17.51,17.64,17.51,17.59,49349,0
CPS,60,20221005,160000,17.56,17.78,17.52,17.74,58801,0
CPS,60,20221005,170000,17.75,17.75,17.5,17.54,131698,0
CPS,60,20221006,100000,17.28,17.63,17.28,17.5,51123,0
CPS,60,20221006,110000,17.47,17.47,16.74,16.9,155224,0
CPS,60,20221006,120000,16.89,16.9,16.71,16.75,44791,0
CPS,60,20221006,130000,16.71,16.95,16.71,16.87,31779,0
CPS,60,20221006,140000,16.85,16.94,16.8,16.85,58578,0
CPS,60,20221006,150000,16.85,16.95,16.8,16.9,50966,0
CPS,60,20221006,160000,16.89,16.93,16.76,16.76,61751,0
CPS,60,20221006,170000,16.76,16.84,16.6,16.71,203119,0
CPS,60,20221007,100000,16.81,16.81,16.38,16.4,66029,0
CPS,60,20221007,110000,16.42,16.58,16.34,16.42,40407,0
CPS,60,20221007,120000,16.42,16.53,16.41,16.48,28896,0
CPS,60,20221007,130000,16.48,16.57,16.45,16.56,16806,0
CPS,60,20221007,140000,16.54,16.73,16.53,16.72,38262,0
CPS,60,20221007,150000,16.72,16.8,16.69,16.77,108586,0
CPS,60,20221007,160000,16.77,16.77,16.52,16.58,54102,0
CPS,60,20221007,170000,16.59,16.72,16.54,16.61,180700,0
CPS,60,20221010,100000,16.9,16.9,16.51,16.55,45163,0
CPS,60,20221010,110000,16.56,16.82,16.55,16.61,62255,0
CPS,60,20221010,120000,16.6,16.91,16.6,16.86,45111,0
CPS,60,20221010,130000,16.8,16.87,16.7,16.7,31553,0
CPS,60,20221010,140000,16.7,16.77,16.63,16.69,34390,0
CPS,60,20221010,150000,16.69,16.75,16.57,16.75,70681,0
CPS,60,20221010,160000,16.76,16.77,16.58,16.59,85939,0
CPS,60,20221010,170000,16.57,16.64,16.52,16.52,149485,0
CPS,60,20221011,100000,16.65,16.65,16.3,16.35,24636,0
CPS,60,20221011,110000,16.4,16.48,16.25,16.28,25011,0
CPS,60,20221011,120000,16.28,16.38,16.2,16.25,26747,0
CPS,60,20221011,130000,16.23,16.68,16.22,16.68,26936,0
CPS,60,20221011,140000,16.68,16.69,16.46,16.46,26522,0
CPS,60,20221011,150000,16.49,16.75,16.49,16.63,55374,0
CPS,60,20221011,160000,16.62,16.75,16.51,16.51,69485,0
CPS,60,20221011,170000,16.52,16.63,16.43,16.63,170342,0
CPS,60,20221012,100000,16.94,16.94,16.34,16.42,41729,0
CPS,60,20221012,110000,16.41,16.52,16.37,16.37,25821,0
CPS,60,20221012,120000,16.4,16.52,16.4,16.44,22321,0
CPS,60,20221012,130000,16.44,16.46,16.28,16.35,64329,0
CPS,60,20221012,140000,16.35,16.36,16.17,16.17,46638,0
CPS,60,20221012,150000,16.18,16.25,16.09,16.25,77766,0
CPS,60,20221012,160000,16.23,16.33,16.14,16.33,84919,0
CPS,60,20221012,170000,16.36,16.53,16.23,16.23,1127442,0
CPS,60,20221013,100000,16.23,16.39,16.16,16.38,20204,0
CPS,60,20221013,110000,16.38,16.41,16.25,16.29,27700,0
CPS,60,20221013,120000,16.26,16.4,16.21,16.4,31880,0
CPS,60,20221013,130000,16.41,16.41,16.2,16.27,121572,0
CPS,60,20221013,140000,16.24,16.27,16.2,16.22,68856,0
CPS,60,20221013,150000,16.21,16.24,15.71,15.72,142470,0
CPS,60,20221013,160000,15.74,15.95,15.7,15.86,98594,0
CPS,60,20221013,170000,15.9,16.05,15.83,15.9,160332,0
CPS,60,20221014,100000,16.22,16.43,16.16,16.25,42054,0
CPS,60,20221014,110000,16.23,16.45,16.19,16.26,28838,0
CPS,60,20221014,120000,16.27,16.4,16.22,16.4,19882,0
CPS,60,20221014,130000,16.44,16.56,16.41,16.51,37260,0
CPS,60,20221014,140000,16.52,16.56,16.32,16.33,71014,0
CPS,60,20221014,150000,16.36,16.58,16.36,16.57,33603,0
CPS,60,20221014,160000,16.56,16.56,16.44,16.46,50555,0
CPS,60,20221014,170000,16.41,16.49,16.29,16.49,131259,0
CPS,60,20221017,100000,16.38,16.67,16.31,16.67,41001,0
CPS,60,20221017,110000,16.64,16.64,16.42,16.5,20301,0
CPS,60,20221017,120000,16.52,16.62,16.46,16.59,22951,0
CPS,60,20221017,130000,16.59,16.59,16.25,16.43,28749,0
CPS,60,20221017,140000,16.43,16.45,16.32,16.43,7593,0
CPS,60,20221017,150000,16.47,16.61,16.46,16.57,34978,0
CPS,60,20221017,160000,16.55,16.67,16.53,16.59,44351,0
CPS,60,20221017,170000,16.57,16.68,16.52,16.6,188604,0
CPS,60,20221018,100000,16.76,16.76,16.5,16.63,57541,0
CPS,60,20221018,110000,16.66,16.84,16.5,16.54,71601,0
CPS,60,20221018,120000,16.58,16.66,16.41,16.56,59099,0
CPS,60,20221018,130000,16.56,16.67,16.56,16.65,25723,0
CPS,60,20221018,140000,16.64,16.84,16.64,16.8,46902,0
CPS,60,20221018,150000,16.81,16.88,16.77,16.86,31606,0
CPS,60,20221018,160000,16.86,16.86,16.73,16.79,56876,0
CPS,60,20221018,170000,16.77,16.83,16.67,16.8,187267,0
CPS,60,20221019,100000,16.79,16.79,16.54,16.62,12279,0
CPS,60,20221019,110000,16.63,16.74,16.55,16.68,23093,0
CPS,60,20221019,120000,16.71,16.85,16.7,16.84,23438,0
CPS,60,20221019,130000,16.84,16.84,16.64,16.69,23869,0
CPS,60,20221019,140000,16.63,16.71,16.62,16.66,25563,0
CPS,60,20221019,150000,16.62,16.64,16.47,16.6,71304,0
CPS,60,20221019,160000,16.58,16.63,16.5,16.57,31842,0
CPS,60,20221019,170000,16.51,16.67,16.51,16.6,80614,0
CPS,60,20221020,100000,16.65,16.65,16.37,16.45,47116,0
CPS,60,20221020,110000,16.5,16.75,16.5,16.67,40587,0
CPS,60,20221020,120000,16.65,16.77,16.55,16.57,36546,0
CPS,60,20221020,130000,16.56,16.68,16.51,16.6,57688,0
CPS,60,20221020,140000,16.64,16.76,16.6,16.68,52073,0
CPS,60,20221020,150000,16.68,16.72,16.51,16.6,86684,0
CPS,60,20221020,160000,16.6,16.81,16.51,16.8,173649,0
CPS,60,20221020,170000,16.8,17.44,16.8,17.16,2103864,0
CPS,60,20221021,100000,17,17.15,16.86,16.89,24763,0
CPS,60,20221021,110000,16.87,16.88,16.77,16.78,18169,0
CPS,60,20221021,120000,16.81,16.82,16.68,16.7,11347,0
CPS,60,20221021,130000,16.68,16.71,16.63,16.67,3573,0
CPS,60,20221021,140000,16.67,16.68,16.58,16.6,27651,0
CPS,60,20221021,150000,16.6,16.63,16.32,16.45,44124,0
CPS,60,20221021,160000,16.44,16.64,16.41,16.57,52285,0
CPS,60,20221021,170000,16.61,16.65,16.34,16.4,146206,0
CPS,60,20221024,100000,16.4,16.55,16.26,16.46,79626,0
CPS,60,20221024,110000,16.48,16.72,16.48,16.72,25480,0
CPS,60,20221024,120000,16.72,16.81,16.64,16.76,26175,0
CPS,60,20221024,130000,16.77,16.84,16.74,16.77,23979,0
CPS,60,20221024,140000,16.76,16.86,16.72,16.86,29383,0
CPS,60,20221024,150000,16.82,17,16.78,16.99,30482,0
CPS,60,20221024,160000,16.99,17.09,16.93,17.09,44093,0
CPS,60,20221024,170000,17.09,17.16,16.9,16.97,255278,0
CPS,60,20221025,100000,17.18,17.37,17.03,17.22,46091,0
CPS,60,20221025,110000,17.27,17.27,17.06,17.12,28941,0
CPS,60,20221025,120000,17.16,17.16,16.8,16.83,27311,0
CPS,60,20221025,130000,16.81,16.89,16.8,16.8,19682,0
CPS,60,20221025,140000,16.79,16.81,16.73,16.73,12681,0
CPS,60,20221025,150000,16.73,16.76,16.61,16.69,25313,0
CPS,60,20221025,160000,16.68,16.89,16.67,16.85,34598,0
CPS,60,20221025,170000,16.85,16.9,16.76,16.88,137068,0
CPS,60,20221026,100000,17.1,17.17,16.93,17.08,41513,0
CPS,60,20221026,110000,17.08,17.1,16.87,17.04,41899,0
CPS,60,20221026,120000,17.06,17.06,16.83,16.88,65578,0
CPS,60,20221026,130000,16.87,16.94,16.74,16.8,70520,0
CPS,60,20221026,140000,16.79,16.85,16.68,16.75,101796,0
CPS,60,20221026,150000,16.75,16.85,16.61,16.77,175968,0
CPS,60,20221026,160000,16.76,16.88,16.63,16.8,221849,0
CPS,60,20221026,170000,16.81,16.93,16.77,16.8,282920,0
CPS,60,20221027,100000,16.9,16.9,16.62,16.7,29713,0
CPS,60,20221027,110000,16.74,16.99,16.74,16.89,33544,0
CPS,60,20221027,120000,16.88,16.98,16.85,16.87,21237,0
CPS,60,20221027,130000,16.87,16.98,16.86,16.92,31323,0
CPS,60,20221027,140000,16.95,16.98,16.9,16.92,11782,0
CPS,60,20221027,150000,16.9,16.98,16.89,16.94,42889,0
CPS,60,20221027,160000,16.93,16.93,16.81,16.85,48136,0
CPS,60,20221027,170000,16.83,17.01,16.77,16.96,154410,0
CPS,60,20221028,100000,17,17,16.72,16.74,37453,0
CPS,60,20221028,110000,16.74,16.95,16.7,16.95,32607,0
CPS,60,20221028,120000,16.96,17.07,16.86,17.02,19798,0
CPS,60,20221028,130000,17.07,17.13,17.02,17.03,36644,0
CPS,60,20221028,140000,17.07,17.13,16.96,17.01,29403,0
CPS,60,20221028,150000,17.01,17.01,16.83,16.91,32197,0
CPS,60,20221028,160000,16.91,16.96,16.79,16.89,72473,0
CPS,60,20221028,170000,16.9,17.11,16.88,17.08,170636,0
CPS,60,20221031,100000,17.2,17.42,17.12,17.35,47217,0
CPS,60,20221031,110000,17.37,17.69,17.37,17.53,63579,0
CPS,60,20221031,120000,17.51,17.52,17.4,17.44,12075,0
CPS,60,20221031,130000,17.44,17.62,17.43,17.53,36997,0
CPS,60,20221031,140000,17.55,17.69,17.53,17.64,53608,0
CPS,60,20221031,150000,17.65,17.86,17.62,17.8,95624,0
CPS,60,20221031,160000,17.8,17.96,17.79,17.93,66139,0
CPS,60,20221031,170000,17.9,17.92,17.76,17.9,308294,0
CPS,60,20221102,100000,18,18.53,18,18.37,234969,0
CPS,60,20221102,110000,18.36,18.43,18.09,18.29,116507,0
CPS,60,20221102,120000,18.3,18.34,18.16,18.2,70036,0
CPS,60,20221102,130000,18.21,18.28,18.16,18.23,72872,0
CPS,60,20221102,140000,18.25,18.25,18.06,18.11,71113,0
CPS,60,20221102,150000,18.11,18.4,18.11,18.33,84670,0
CPS,60,20221102,160000,18.35,18.45,18.13,18.24,64768,0
CPS,60,20221102,170000,18.23,18.5,18.23,18.49,322212,0
CPS,60,20221103,100000,18.39,18.39,18.05,18.29,73478,0
CPS,60,20221103,110000,18.26,18.37,18.25,18.32,24418,0
CPS,60,20221103,120000,18.33,18.4,18.21,18.23,31414,0
CPS,60,20221103,130000,18.23,18.36,18.23,18.29,20434,0
CPS,60,20221103,140000,18.3,18.39,18.29,18.35,31474,0
CPS,60,20221103,150000,18.34,18.49,18.24,18.24,39179,0
CPS,60,20221103,160000,18.28,18.5,18.2,18.49,45704,0
CPS,60,20221103,170000,18.48,18.51,18.27,18.36,105806,0
CPS,60,20221104,100000,18.27,18.52,18.2,18.45,67015,0
CPS,60,20221104,110000,18.45,18.52,18.3,18.36,59910,0
CPS,60,20221104,120000,18.36,18.5,18.32,18.48,41533,0
CPS,60,20221104,130000,18.48,18.5,18.37,18.41,41010,0
CPS,60,20221104,140000,18.4,18.66,18.4,18.65,39739,0
CPS,60,20221104,150000,18.61,18.72,18.58,18.68,50272,0
CPS,60,20221104,160000,18.69,18.8,18.63,18.74,56944,0
CPS,60,20221104,170000,18.7,18.76,18.57,18.57,112049,0
CPS,60,20221107,100000,18.79,18.79,18.34,18.64,112290,0
CPS,60,20221107,110000,18.7,18.88,18.68,18.7,43736,0
CPS,60,20221107,120000,18.7,18.9,18.6,18.84,48955,0
CPS,60,20221107,130000,18.86,18.99,18.75,18.88,44380,0
CPS,60,20221107,140000,18.89,18.95,18.8,18.88,26522,0
CPS,60,20221107,150000,18.9,18.94,18.79,18.82,24487,0
CPS,60,20221107,160000,18.82,18.82,18.55,18.64,58438,0
CPS,60,20221107,170000,18.69,18.8,18.68,18.76,151278,0
CPS,60,20221108,100000,18.76,18.88,18.52,18.7,39647,0
CPS,60,20221108,110000,18.7,18.73,18.57,18.67,21474,0
CPS,60,20221108,120000,18.66,18.67,18.45,18.45,23808,0
CPS,60,20221108,130000,18.45,18.52,18.42,18.47,16810,0
CPS,60,20221108,140000,18.48,18.55,18.46,18.51,12481,0
CPS,60,20221108,150000,18.53,18.56,18.33,18.38,41399,0
CPS,60,20221108,160000,18.39,18.5,18.36,18.45,41682,0
CPS,60,20221108,170000,18.45,18.58,18.44,18.53,163768,0
CPS,60,20221109,100000,18.6,18.85,18.58,18.66,48315,0
CPS,60,20221109,110000,18.68,18.77,18.49,18.58,56078,0
CPS,60,20221109,120000,18.6,18.6,18.37,18.59,46266,0
CPS,60,20221109,130000,18.54,18.69,18.54,18.69,11729,0
CPS,60,20221109,140000,18.69,18.7,18.5,18.56,30644,0
CPS,60,20221109,150000,18.56,18.58,18.46,18.46,19945,0
CPS,60,20221109,160000,18.48,18.57,18.38,18.4,71947,0
CPS,60,20221109,170000,18.4,18.63,18.4,18.45,168048,0
CPS,60,20221110,100000,18.4,18.64,18.22,18.44,70794,0
CPS,60,20221110,110000,18.44,18.44,18.21,18.27,20428,0
CPS,60,20221110,120000,18.29,18.31,18.1,18.15,19774,0
CPS,60,20221110,130000,18.15,18.21,18.1,18.13,29775,0
CPS,60,20221110,140000,18.13,18.17,18,18.01,67047,0
CPS,60,20221110,150000,18.03,18.6,18.01,18.44,75241,0
CPS,60,20221110,160000,18.44,18.78,18.3,18.74,140549,0
CPS,60,20221110,170000,18.74,18.86,18.6,18.71,211559,0
CPS,60,20221114,100000,18.79,19.1,18.78,18.79,120433,0
CPS,60,20221114,110000,18.76,19.04,18.7,18.72,75456,0
CPS,60,20221114,120000,18.73,18.78,18.63,18.73,37574,0
CPS,60,20221114,130000,18.73,18.85,18.65,18.7,24257,0
CPS,60,20221114,140000,18.7,18.74,18.67,18.72,29142,0
CPS,60,20221114,150000,18.7,18.99,18.66,18.84,48762,0
CPS,60,20221114,160000,18.89,19.12,18.89,18.99,66212,0
CPS,60,20221114,170000,18.99,19.14,18.27,18.46,321411,0
CPS,60,20221115,100000,19,19.1,18.5,18.95,140755,0
CPS,60,20221115,110000,18.87,18.94,18.62,18.62,34091,0
CPS,60,20221115,120000,18.61,18.61,18.5,18.54,29773,0
CPS,60,20221115,130000,18.57,18.65,18.3,18.33,48941,0
CPS,60,20221115,140000,18.33,18.45,18.33,18.42,30234,0
CPS,60,20221115,150000,18.41,18.94,18.4,18.54,86258,0
CPS,60,20221115,160000,18.6,18.9,18.49,18.86,94136,0
CPS,60,20221115,170000,18.87,18.9,18.63,18.84,220215,0
CPS,60,20221116,100000,18.69,18.9,18.3,18.34,137123,0
CPS,60,20221116,110000,18.3,18.32,18.09,18.21,91005,0
CPS,60,20221116,120000,18.23,18.28,18.12,18.22,54074,0
CPS,60,20221116,130000,18.25,18.25,18.17,18.25,44642,0
CPS,60,20221116,140000,18.23,18.25,18.14,18.23,51276,0
CPS,60,20221116,150000,18.22,18.23,18.12,18.17,52890,0
CPS,60,20221116,160000,18.17,18.4,18.12,18.29,59983,0
CPS,60,20221116,170000,18.31,18.41,18.25,18.28,154316,0
CPS,60,20221117,100000,18.3,18.37,18.01,18.05,61568,0
CPS,60,20221117,110000,18.05,18.08,17.92,18.06,37113,0
CPS,60,20221117,120000,18.05,18.06,17.84,17.88,54794,0
CPS,60,20221117,130000,17.87,17.94,17.77,17.87,27854,0
CPS,60,20221117,140000,17.87,17.92,17.71,17.77,30049,0
CPS,60,20221117,150000,17.79,17.85,17.66,17.82,40527,0
CPS,60,20221117,160000,17.83,17.99,17.77,17.91,53366,0
CPS,60,20221117,170000,17.95,18,17.66,17.75,167983,0
CPS,60,20221118,100000,17.87,17.9,17.52,17.83,53384,0
CPS,60,20221118,110000,17.89,18.05,17.83,17.96,95028,0
CPS,60,20221118,120000,17.98,18.1,17.94,17.97,58944,0
CPS,60,20221118,130000,17.99,18,17.93,17.97,54727,0
CPS,60,20221118,140000,17.97,17.99,17.76,17.84,38144,0
CPS,60,20221118,150000,17.82,17.87,17.77,17.8,43458,0
CPS,60,20221118,160000,17.8,17.8,17.69,17.76,58972,0
CPS,60,20221118,170000,17.78,17.9,17.67,17.82,172208,0
CPS,60,20221121,100000,17.97,17.97,17.55,17.86,54590,0
CPS,60,20221121,110000,17.89,17.95,17.8,17.8,15871,0
CPS,60,20221121,120000,17.8,17.84,17.66,17.77,22313,0
CPS,60,20221121,130000,17.75,17.79,17.59,17.68,26429,0
CPS,60,20221121,140000,17.66,17.68,17.58,17.65,14202,0
CPS,60,20221121,150000,17.65,17.84,17.62,17.84,25001,0
CPS,60,20221121,160000,17.85,17.97,17.84,17.87,30728,0
CPS,60,20221121,170000,17.91,18.07,17.9,17.97,143049,0
CPS,60,20221122,100000,17.9,17.9,17.6,17.8,52066,0
CPS,60,20221122,110000,17.84,17.93,17.78,17.92,87816,0
CPS,60,20221122,120000,17.92,18.05,17.85,18,56648,0
CPS,60,20221122,130000,17.98,18.03,17.91,17.95,39283,0
CPS,60,20221122,140000,17.93,18,17.93,17.99,32028,0
CPS,60,20221122,150000,17.99,18.09,17.99,18.04,68083,0
CPS,60,20221122,160000,18.04,18.24,17.98,18.09,110193,0
CPS,60,20221122,170000,18.08,18.12,17.87,18.01,161453,0
CPS,60,20221123,100000,18.2,18.32,18.04,18.05,30990,0
CPS,60,20221123,110000,18.04,18.2,18.03,18.19,27441,0
CPS,60,20221123,120000,18.19,18.19,18.05,18.05,29471,0
CPS,60,20221123,130000,18.05,18.08,18.05,18.06,15316,0
CPS,60,20221123,140000,18.05,18.18,18.05,18.15,23301,0
CPS,60,20221123,150000,18.14,18.14,18.05,18.06,35228,0
CPS,60,20221123,160000,18.05,18.12,18.05,18.12,52615,0
CPS,60,20221123,170000,18.1,18.25,18.08,18.25,156216,0
CPS,60,20221124,100000,18.39,18.39,18.17,18.35,28341,0
CPS,60,20221124,110000,18.33,18.4,18.19,18.3,22410,0
CPS,60,20221124,120000,18.32,18.37,18.26,18.32,7133,0
CPS,60,20221124,130000,18.28,18.41,18.28,18.35,16859,0
CPS,60,20221124,140000,18.35,18.6,18.31,18.56,54368,0
CPS,60,20221124,150000,18.59,18.75,18.59,18.71,49121,0
CPS,60,20221124,160000,18.7,18.75,18.58,18.68,33621,0
CPS,60,20221124,170000,18.68,18.74,18.65,18.7,72601,0
CPS,60,20221125,100000,18.76,18.78,18.49,18.58,56125,0
CPS,60,20221125,110000,18.6,18.75,18.58,18.72,32915,0
CPS,60,20221125,120000,18.72,18.97,18.69,18.9,83458,0
CPS,60,20221125,130000,18.92,18.95,18.8,18.82,23803,0
CPS,60,20221125,140000,18.82,18.86,18.77,18.86,87838,0
CPS,60,20221125,150000,18.85,18.85,18.65,18.65,18539,0
CPS,60,20221125,160000,18.65,18.93,18.65,18.93,51126,0
CPS,60,20221125,170000,18.93,19.08,18.92,19.01,147632,0
CPS,60,20221128,100000,19.02,19.02,18.63,18.75,48154,0
CPS,60,20221128,110000,18.78,18.86,18.68,18.75,31531,0
CPS,60,20221128,120000,18.75,18.9,18.7,18.86,25391,0
CPS,60,20221128,130000,18.89,18.98,18.82,18.98,16563,0
CPS,60,20221128,140000,18.98,18.98,18.84,18.85,21312,0
CPS,60,20221128,150000,18.86,18.95,18.82,18.86,35552,0
CPS,60,20221128,160000,18.83,18.91,18.71,18.86,143707,0
CPS,60,20221128,170000,18.86,18.94,18.7,18.7,100482,0
CPS,60,20221129,100000,18.7,18.7,18.48,18.51,56329,0
CPS,60,20221129,110000,18.5,18.55,18.4,18.47,30001,0
CPS,60,20221129,120000,18.49,18.65,18.49,18.62,16162,0
CPS,60,20221129,130000,18.63,18.73,18.63,18.7,20538,0
CPS,60,20221129,140000,18.7,18.75,18.58,18.62,21550,0
CPS,60,20221129,150000,18.62,18.67,18.46,18.49,23798,0
CPS,60,20221129,160000,18.5,18.61,18.48,18.54,34091,0
CPS,60,20221129,170000,18.56,18.84,18.56,18.68,112629,0
CPS,60,20221130,100000,18.8,18.8,18.56,18.7,29989,0
CPS,60,20221130,110000,18.68,18.84,18.66,18.84,33856,0
CPS,60,20221130,120000,18.83,18.87,18.74,18.84,25880,0
CPS,60,20221130,130000,18.84,18.86,18.78,18.8,17486,0
CPS,60,20221130,140000,18.78,18.94,18.78,18.94,37348,0
CPS,60,20221130,150000,18.93,18.96,18.86,18.91,53301,0
CPS,60,20221130,160000,18.93,19.21,18.9,19.01,163918,0
CPS,60,20221130,170000,18.99,19,18.59,18.59,1242271,0
CPS,60,20221201,100000,18.88,18.97,18.62,18.7,50191,0
CPS,60,20221201,110000,18.7,18.72,18.55,18.67,50469,0
CPS,60,20221201,120000,18.63,18.67,18.45,18.45,42328,0
CPS,60,20221201,130000,18.48,18.64,18.4,18.56,81830,0
CPS,60,20221201,140000,18.57,18.62,18.54,18.58,64605,0
CPS,60,20221201,150000,18.58,18.58,18.34,18.38,65609,0
CPS,60,20221201,160000,18.37,18.57,18.35,18.52,61422,0
CPS,60,20221201,170000,18.52,18.63,18.43,18.59,156153,0
CPS,60,20221202,100000,18.65,18.65,18.15,18.25,80570,0
CPS,60,20221202,110000,18.24,18.45,18.18,18.32,56550,0
CPS,60,20221202,120000,18.33,18.41,18.29,18.3,28165,0
CPS,60,20221202,130000,18.3,18.38,18.26,18.3,38178,0
CPS,60,20221202,140000,18.3,18.37,18.3,18.34,34097,0
CPS,60,20221202,150000,18.34,18.38,18.1,18.12,138004,0
CPS,60,20221202,160000,18.12,18.35,18.1,18.3,103368,0
CPS,60,20221202,170000,18.29,18.34,18.1,18.1,183496,0
CPS,60,20221205,100000,18.3,18.37,18.15,18.28,63314,0
CPS,60,20221205,110000,18.27,18.34,18.26,18.32,34929,0
CPS,60,20221205,120000,18.33,18.4,18.26,18.36,30769,0
CPS,60,20221205,130000,18.35,18.4,18.32,18.38,16947,0
CPS,60,20221205,140000,18.41,18.42,18.38,18.4,11268,0
CPS,60,20221205,150000,18.42,18.42,18.25,18.25,47619,0
CPS,60,20221205,160000,18.21,18.29,18.14,18.29,68103,0
CPS,60,20221205,170000,18.24,18.3,18.16,18.16,145693,0
CPS,60,20221206,100000,18.25,18.25,18.05,18.24,28999,0
CPS,60,20221206,110000,18.26,18.26,18.13,18.2,11846,0
CPS,60,20221206,120000,18.24,18.24,18.11,18.11,6996,0
CPS,60,20221206,130000,18.14,18.2,18.12,18.2,6727,0
CPS,60,20221206,140000,18.2,18.22,18.15,18.15,3562,0
CPS,60,20221206,150000,18.17,18.29,18.14,18.29,21639,0
CPS,60,20221206,160000,18.29,18.29,18.18,18.23,55357,0
CPS,60,20221206,170000,18.23,18.38,18.18,18.18,180839,0
CPS,60,20221207,100000,18.19,18.22,18,18.13,63792,0
CPS,60,20221207,110000,18.12,18.16,18.08,18.08,22007,0
CPS,60,20221207,120000,18.11,18.11,18.08,18.11,12629,0
CPS,60,20221207,130000,18.11,18.24,18.11,18.19,15328,0
CPS,60,20221207,140000,18.17,18.22,18.16,18.2,6767,0
CPS,60,20221207,150000,18.2,18.35,18.2,18.29,19586,0
CPS,60,20221207,160000,18.29,18.32,18.15,18.16,27828,0
CPS,60,20221207,170000,18.15,18.25,18.13,18.13,180205,0
CPS,60,20221208,100000,18.2,18.2,18.06,18.15,25237,0
CPS,60,20221208,110000,18.11,18.19,18.1,18.16,17843,0
CPS,60,20221208,120000,18.16,18.16,18.1,18.14,32432,0
CPS,60,20221208,130000,18.12,18.19,18.1,18.14,83222,0
CPS,60,20221208,140000,18.14,18.17,18.1,18.1,4783,0
CPS,60,20221208,150000,18.11,18.16,18.1,18.13,14574,0
CPS,60,20221208,160000,18.13,18.18,18.1,18.18,62175,0
CPS,60,20221208,170000,18.15,18.2,18.12,18.12,146676,0
CPS,60,20221209,100000,18.2,18.2,18.06,18.1,23601,0
CPS,60,20221209,110000,18.12,18.16,18.1,18.14,7962,0
CPS,60,20221209,120000,18.17,18.2,18.12,18.12,17335,0
CPS,60,20221209,130000,18.14,18.14,18.06,18.09,33637,0
CPS,60,20221209,140000,18.08,18.12,18.06,18.12,14165,0
CPS,60,20221209,150000,18.13,18.16,17.99,18.04,56017,0
CPS,60,20221209,160000,18.05,18.09,17.93,18.05,82350,0
CPS,60,20221209,170000,18.04,18.16,18.04,18.16,106203,0
CPS,60,20221212,100000,18.28,18.28,18,18.03,26251,0
CPS,60,20221212,110000,18.08,18.15,18.03,18.11,40445,0
CPS,60,20221212,120000,18.15,18.35,18.15,18.3,12736,0
CPS,60,20221212,130000,18.32,18.34,18.24,18.24,20146,0
CPS,60,20221212,140000,18.24,18.31,18.22,18.24,16384,0
CPS,60,20221212,150000,18.25,18.43,18.24,18.43,45617,0
CPS,60,20221212,160000,18.41,18.44,18.3,18.3,46173,0
CPS,60,20221212,170000,18.29,18.41,18.23,18.31,89566,0
CPS,60,20221213,100000,18.38,18.41,18.18,18.31,25813,0
CPS,60,20221213,110000,18.31,18.45,18.3,18.42,51605,0
CPS,60,20221213,120000,18.37,18.42,18.37,18.38,32259,0
CPS,60,20221213,130000,18.38,18.45,18.38,18.45,25206,0
CPS,60,20221213,140000,18.42,18.5,18.42,18.46,23309,0
CPS,60,20221213,150000,18.5,18.83,18.38,18.7,89233,0
CPS,60,20221213,160000,18.74,18.9,18.67,18.85,84655,0
CPS,60,20221213,170000,18.81,18.86,18.55,18.58,395556,0
CPS,60,20221214,100000,18.6,18.6,18.25,18.5,125653,0
CPS,60,20221214,110000,18.47,18.5,18.29,18.31,41164,0
CPS,60,20221214,120000,18.32,18.32,18.26,18.32,38377,0
CPS,60,20221214,130000,18.32,18.35,18.25,18.27,44205,0
CPS,60,20221214,140000,18.25,18.29,18.11,18.18,79279,0
CPS,60,20221214,150000,18.18,18.21,18.11,18.15,52505,0
CPS,60,20221214,160000,18.15,18.16,18.01,18.1,88225,0
CPS,60,20221214,170000,18.1,18.1,17.95,17.95,182497,0
CPS,60,20221215,100000,17.98,18.09,17.75,17.77,58453,0
CPS,60,20221215,110000,17.77,17.84,17.72,17.76,28695,0
CPS,60,20221215,120000,17.79,17.87,17.76,17.79,22097,0
CPS,60,20221215,130000,17.8,17.81,17.68,17.76,43498,0
CPS,60,20221215,140000,17.75,17.8,17.72,17.72,33911,0
CPS,60,20221215,150000,17.74,17.77,17.66,17.66,71005,0
CPS,60,20221215,160000,17.65,17.69,17.59,17.59,59726,0
CPS,60,20221215,170000,17.58,17.65,17.55,17.6,85719,0
CPS,60,20221216,100000,17.6,17.6,17.43,17.49,44556,0
CPS,60,20221216,110000,17.49,17.49,17.3,17.39,42346,0
CPS,60,20221216,120000,17.38,17.41,17.23,17.34,48701,0
CPS,60,20221216,130000,17.31,17.41,17.31,17.4,31249,0
CPS,60,20221216,140000,17.37,17.45,17.35,17.36,23483,0
CPS,60,20221216,150000,17.35,17.36,17.23,17.28,59062,0
CPS,60,20221216,160000,17.28,17.4,17.12,17.14,149649,0
CPS,60,20221216,170000,17.17,17.33,17.03,17.2,1036189,0
CPS,60,20221219,100000,17.2,17.23,16.97,17.04,66403,0
CPS,60,20221219,110000,17.06,17.13,16.95,17.07,40186,0
CPS,60,20221219,120000,17.08,17.13,17.02,17.02,28023,0
CPS,60,20221219,130000,17.03,17.07,16.9,16.99,49472,0
CPS,60,20221219,140000,16.98,17.01,16.96,16.99,26770,0
CPS,60,20221219,150000,17,17,16.88,16.9,46741,0
CPS,60,20221219,160000,16.91,16.91,16.83,16.88,50862,0
CPS,60,20221219,170000,16.88,16.9,16.87,16.89,130741,0
CPS,60,20221220,100000,16.88,16.94,16.7,16.87,55118,0
CPS,60,20221220,110000,16.9,17.15,16.86,17.06,37582,0
CPS,60,20221220,120000,17.12,17.14,17.03,17.08,25935,0
CPS,60,20221220,130000,17.1,17.11,17.02,17.06,30519,0
CPS,60,20221220,140000,17.03,17.12,17.03,17.08,16183,0
CPS,60,20221220,150000,17.09,17.09,16.98,17,45379,0
CPS,60,20221220,160000,16.98,17,16.94,17,43041,0
CPS,60,20221220,170000,17.01,17.1,16.99,17.1,148295,0
CPS,60,20221221,100000,17.2,17.29,17.05,17.27,45052,0
CPS,60,20221221,110000,17.28,17.29,17.18,17.2,54011,0
CPS,60,20221221,120000,17.2,17.24,17.16,17.21,14218,0
CPS,60,20221221,130000,17.2,17.2,17.07,17.12,30246,0
CPS,60,20221221,140000,17.1,17.15,17.05,17.14,10117,0
CPS,60,20221221,150000,17.13,17.16,17.07,17.12,34950,0
CPS,60,20221221,160000,17.12,17.14,17.03,17.1,33729,0
CPS,60,20221221,170000,17.11,17.22,17.1,17.22,73949,0
CPS,60,20221222,100000,17.3,17.3,17.1,17.2,13094,0
CPS,60,20221222,110000,17.25,17.3,17.16,17.2,11281,0
CPS,60,20221222,120000,17.18,17.19,17.09,17.16,10258,0
CPS,60,20221222,130000,17.16,17.18,17.1,17.16,8976,0
CPS,60,20221222,140000,17.18,17.18,17.1,17.17,15999,0
CPS,60,20221222,150000,17.19,17.21,17.12,17.21,11013,0
CPS,60,20221222,160000,17.2,17.3,17.17,17.3,23129,0
CPS,60,20221222,170000,17.3,17.4,17.2,17.32,101899,0
CPS,60,20221223,100000,17.38,17.38,17.17,17.21,20866,0
CPS,60,20221223,110000,17.21,17.33,17.17,17.33,8937,0
CPS,60,20221223,120000,17.33,17.39,17.3,17.32,14567,0
CPS,60,20221223,130000,17.33,17.4,17.23,17.34,40125,0
CPS,60,20221223,140000,17.41,17.41,17.29,17.31,8664,0
CPS,60,20221223,150000,17.3,17.5,17.3,17.46,36396,0
CPS,60,20221223,160000,17.45,17.48,17.38,17.39,21690,0
CPS,60,20221223,170000,17.37,17.54,17.37,17.53,59428,0
CPS,60,20221227,100000,17.6,17.6,17.37,17.56,22948,0
CPS,60,20221227,110000,17.5,17.5,17.35,17.37,13750,0
CPS,60,20221227,120000,17.38,17.48,17.35,17.42,9131,0
CPS,60,20221227,130000,17.42,17.46,17.41,17.42,5007,0
CPS,60,20221227,140000,17.42,17.47,17.41,17.43,9975,0
CPS,60,20221227,150000,17.41,17.49,17.41,17.46,15292,0
CPS,60,20221227,160000,17.47,17.49,17.4,17.4,32018,0
CPS,60,20221227,170000,17.41,17.49,17.38,17.48,45589,0
CPS,60,20221228,100000,17.45,17.45,17.24,17.28,18183,0
CPS,60,20221228,110000,17.29,17.29,17.22,17.25,14725,0
CPS,60,20221228,120000,17.25,17.3,17.18,17.26,36181,0
CPS,60,20221228,130000,17.26,17.3,17.23,17.25,18363,0
CPS,60,20221228,140000,17.25,17.28,17.18,17.18,19437,0
CPS,60,20221228,150000,17.18,17.21,17.16,17.18,20660,0
CPS,60,20221228,160000,17.18,17.23,17.16,17.2,27341,0
CPS,60,20221228,170000,17.19,17.21,17.15,17.16,112638,0
CPS,60,20221229,100000,17.27,17.27,17.1,17.12,23114,0
CPS,60,20221229,110000,17.12,17.2,17.12,17.18,11678,0
CPS,60,20221229,120000,17.18,17.32,17.17,17.27,19531,0
CPS,60,20221229,130000,17.29,17.31,17.18,17.18,30083,0
CPS,60,20221229,140000,17.17,17.21,17.13,17.19,21326,0
CPS,60,20221229,150000,17.2,17.4,17.17,17.39,44431,0
CPS,60,20221229,160000,17.37,17.49,17.33,17.49,30308,0
CPS,60,20221229,170000,17.5,17.64,17.47,17.64,137411,0
CPS,60,20221230,100000,17.55,17.68,17.4,17.58,36972,0
CPS,60,20221230,110000,17.58,17.61,17.51,17.6,19127,0
CPS,60,20221230,120000,17.61,17.64,17.56,17.61,9041,0
CPS,60,20221230,130000,17.64,17.67,17.61,17.64,26842,0
CPS,60,20221230,140000,17.63,17.65,17.55,17.58,21128,0
CPS,60,20221230,150000,17.58,17.69,17.58,17.69,15452,0
CPS,60,20221230,160000,17.69,17.69,17.56,17.59,51342,0
CPS,60,20221230,170000,17.61,17.69,17.55,17.61,109361,0
CPS,60,20230102,100000,17.61,17.85,17.5,17.81,26497,0
CPS,60,20230102,110000,17.8,17.85,17.68,17.78,15476,0
CPS,60,20230102,120000,17.76,17.77,17.71,17.74,6113,0
CPS,60,20230102,130000,17.78,17.9,17.73,17.82,27922,0
CPS,60,20230102,140000,17.81,17.82,17.76,17.81,16006,0
CPS,60,20230102,150000,17.76,17.8,17.66,17.66,18879,0
CPS,60,20230102,160000,17.69,17.76,17.63,17.69,9740,0
CPS,60,20230102,170000,17.69,17.8,17.64,17.8,38842,0
CPS,60,20230103,100000,17.9,17.94,17.8,17.9,32568,0
CPS,60,20230103,110000,17.9,17.99,17.85,17.96,41292,0
CPS,60,20230103,120000,17.96,18.05,17.96,18.03,32384,0
CPS,60,20230103,130000,18.04,18.04,17.9,17.91,37851,0
CPS,60,20230103,140000,17.91,17.93,17.89,17.93,19008,0
CPS,60,20230103,150000,17.94,17.94,17.9,17.9,13634,0
CPS,60,20230103,160000,17.9,17.9,17.84,17.87,65349,0
CPS,60,20230103,170000,17.86,17.86,17.7,17.7,142827,0
CPS,60,20230104,100000,17.97,18.06,17.84,17.97,64370,0
CPS,60,20230104,110000,17.93,18.03,17.91,18.03,90213,0
CPS,60,20230104,120000,18.01,18.14,18,18.1,98886,0
CPS,60,20230104,130000,18.1,18.12,18.04,18.07,22905,0
CPS,60,20230104,140000,18.06,18.12,18.04,18.12,48498,0
CPS,60,20230104,150000,18.13,18.19,18.11,18.16,69950,0
CPS,60,20230104,160000,18.15,18.28,18.13,18.26,104288,0
CPS,60,20230104,170000,18.22,18.27,18.04,18.04,394030,0
CPS,60,20230105,100000,18.3,18.8,18.17,18.7,155927,0
CPS,60,20230105,110000,18.7,18.84,18.6,18.73,140590,0
CPS,60,20230105,120000,18.73,18.82,18.69,18.77,91651,0
CPS,60,20230105,130000,18.81,18.84,18.71,18.77,47807,0
CPS,60,20230105,140000,18.72,18.78,18.57,18.61,49199,0
CPS,60,20230105,150000,18.61,18.69,18.41,18.5,47372,0
CPS,60,20230105,160000,18.5,18.73,18.5,18.64,70008,0
CPS,60,20230105,170000,18.68,18.71,18.54,18.54,238476,0
CPS,60,20230109,100000,18.82,18.99,18.75,18.99,107201,0
CPS,60,20230109,110000,18.96,19.12,18.72,18.72,91531,0
CPS,60,20230109,120000,18.72,18.8,18.6,18.71,68777,0
CPS,60,20230109,130000,18.7,18.75,18.65,18.73,31602,0
CPS,60,20230109,140000,18.73,18.8,18.61,18.64,70990,0
CPS,60,20230109,150000,18.66,18.73,18.62,18.71,47112,0
CPS,60,20230109,160000,18.71,18.91,18.66,18.88,65831,0
CPS,60,20230109,170000,18.89,19.09,18.84,19.09,252950,0
CPS,60,20230110,100000,19.09,19.17,18.8,19.16,85765,0
CPS,60,20230110,110000,19.13,19.15,19,19.06,32205,0
CPS,60,20230110,120000,19.08,19.14,18.84,18.85,35519,0
CPS,60,20230110,130000,18.84,18.84,18.73,18.82,25465,0
CPS,60,20230110,140000,18.82,18.85,18.8,18.85,19612,0
CPS,60,20230110,150000,18.83,18.97,18.82,18.92,45103,0
CPS,60,20230110,160000,18.93,19.08,18.91,19.05,58024,0
CPS,60,20230110,170000,19.05,19.27,18.99,19.07,294141,0
CPS,60,20230111,100000,19.02,19.32,19.02,19.32,48698,0
CPS,60,20230111,110000,19.35,19.4,19.24,19.32,32665,0
CPS,60,20230111,120000,19.3,19.46,19.29,19.34,50234,0
CPS,60,20230111,130000,19.33,19.43,19.29,19.42,22829,0
CPS,60,20230111,140000,19.41,19.5,19.36,19.48,31740,0
CPS,60,20230111,150000,19.49,19.51,19.35,19.38,67373,0
CPS,60,20230111,160000,19.38,19.42,19.21,19.24,44255,0
CPS,60,20230111,170000,19.24,19.34,19.19,19.24,158814,0
CPS,60,20230112,100000,19.43,19.54,19.31,19.54,40983,0
CPS,60,20230112,110000,19.54,19.62,19.45,19.6,71425,0
CPS,60,20230112,120000,19.6,19.62,19.4,19.44,43678,0
CPS,60,20230112,130000,19.44,19.46,19.31,19.35,53276,0
CPS,60,20230112,140000,19.37,19.38,19.25,19.27,53782,0
CPS,60,20230112,150000,19.25,19.33,19.11,19.33,69156,0
CPS,60,20230112,160000,19.36,19.43,19.09,19.21,70395,0
CPS,60,20230112,170000,19.18,19.24,19.1,19.1,123849,0
CPS,60,20230113,100000,19.21,19.29,18.93,19.06,21902,0
CPS,60,20230113,110000,19,19.09,18.95,18.96,20814,0
CPS,60,20230113,120000,18.95,19.05,18.91,19.05,28063,0
CPS,60,20230113,130000,19.05,19.2,19.04,19.2,41783,0
CPS,60,20230113,140000,19.19,19.21,19.02,19.07,52004,0
CPS,60,20230113,150000,19.03,19.11,18.93,18.94,39807,0
CPS,60,20230113,160000,18.94,18.95,18.84,18.86,75733,0
CPS,60,20230113,170000,18.89,18.91,18.79,18.79,144756,0
CPS,60,20230116,100000,18.81,18.95,18.42,18.49,105545,0
CPS,60,20230116,110000,18.49,18.59,18.43,18.5,51421,0
CPS,60,20230116,120000,18.49,18.68,18.43,18.53,74697,0
CPS,60,20230116,130000,18.5,18.54,18.49,18.53,31881,0
CPS,60,20230116,140000,18.53,18.54,18.44,18.54,25992,0
CPS,60,20230116,150000,18.54,18.61,18.49,18.55,52793,0
CPS,60,20230116,160000,18.55,18.67,18.51,18.6,80864,0
CPS,60,20230116,170000,18.58,18.66,18.57,18.65,164477,0
CPS,60,20230117,100000,18.75,18.86,18.52,18.52,44216,0
CPS,60,20230117,110000,18.56,18.73,18.53,18.72,47380,0
CPS,60,20230117,120000,18.78,18.78,18.55,18.61,27136,0
CPS,60,20230117,130000,18.64,18.78,18.54,18.6,55477,0
CPS,60,20230117,140000,18.65,18.73,18.59,18.65,21687,0
CPS,60,20230117,150000,18.67,18.79,18.64,18.71,29985,0
CPS,60,20230117,160000,18.71,18.85,18.7,18.85,42155,0
CPS,60,20230117,170000,18.84,18.94,18.8,18.85,182394,0
CPS,60,20230118,100000,18.97,19.2,18.77,19.11,66615,0
CPS,60,20230118,110000,19.11,19.18,19.06,19.09,42380,0
CPS,60,20230118,120000,19.09,19.12,18.86,18.92,33008,0
CPS,60,20230118,130000,18.95,19,18.85,18.93,27049,0
CPS,60,20230118,140000,18.92,19.1,18.92,19.1,31525,0
CPS,60,20230118,150000,19.12,19.13,18.95,18.97,37044,0
CPS,60,20230118,160000,19,19.18,18.95,18.96,66891,0
CPS,60,20230118,170000,18.98,18.99,18.76,18.85,154350,0
CPS,60,20230119,100000,18.85,18.89,18.66,18.73,46497,0
CPS,60,20230119,110000,18.77,18.94,18.75,18.94,17014,0
CPS,60,20230119,120000,18.94,18.96,18.73,18.78,30748,0
CPS,60,20230119,130000,18.76,18.83,18.66,18.7,20393,0
CPS,60,20230119,140000,18.75,18.82,18.74,18.78,17285,0
CPS,60,20230119,150000,18.81,18.92,18.7,18.78,35458,0
CPS,60,20230119,160000,18.79,18.99,18.76,18.99,67517,0
CPS,60,20230119,170000,18.99,19.12,18.98,19.05,201126,0
CPS,60,20230120,100000,19.2,19.24,19.03,19.07,41070,0
CPS,60,20230120,110000,19.04,19.1,18.99,18.99,22096,0
CPS,60,20230120,120000,19,19.05,18.95,18.97,21358,0
CPS,60,20230120,130000,18.96,18.98,18.9,18.93,26001,0
CPS,60,20230120,140000,18.93,19.1,18.92,19.1,21033,0
CPS,60,20230120,150000,19.1,19.2,19.08,19.08,44550,0
CPS,60,20230120,160000,19.09,19.13,19.05,19.08,42647,0
CPS,60,20230120,170000,19.1,19.18,19.07,19.13,185805,0
CPS,60,20230123,100000,19.38,19.46,19.26,19.27,35151,0
CPS,60,20230123,110000,19.26,19.39,19.15,19.35,56517,0
CPS,60,20230123,120000,19.36,19.42,19.3,19.37,32134,0
CPS,60,20230123,130000,19.41,19.42,19.34,19.37,11621,0
CPS,60,20230123,140000,19.37,19.64,19.35,19.58,97546,0
CPS,60,20230123,150000,19.58,19.64,19.5,19.63,26292,0
CPS,60,20230123,160000,19.64,19.64,19.55,19.63,42545,0
CPS,60,20230123,170000,19.64,19.72,19.58,19.6,91400,0
CPS,60,20230124,100000,19.72,19.82,19.64,19.79,31244,0
CPS,60,20230124,110000,19.81,19.98,19.8,19.89,68863,0
CPS,60,20230124,120000,19.9,19.9,19.68,19.78,40775,0
CPS,60,20230124,130000,19.75,19.78,19.61,19.67,37587,0
CPS,60,20230124,140000,19.63,19.71,19.55,19.59,28409,0
CPS,60,20230124,150000,19.56,19.68,19.55,19.56,21741,0
CPS,60,20230124,160000,19.59,19.6,19.32,19.33,69930,0
CPS,60,20230124,170000,19.35,19.41,19.19,19.23,94831,0
CPS,60,20230125,100000,19.35,19.38,19.16,19.3,48946,0
CPS,60,20230125,110000,19.28,19.34,19.16,19.17,14894,0
CPS,60,20230125,120000,19.22,19.22,19.01,19.04,28667,0
CPS,60,20230125,130000,19.04,19.09,18.9,18.95,37436,0
CPS,60,20230125,140000,18.96,19.03,18.85,19.02,46245,0
CPS,60,20230125,150000,19.01,19.01,18.71,18.71,63729,0
CPS,60,20230125,160000,18.72,18.87,18.71,18.77,46881,0
CPS,60,20230125,170000,18.8,18.88,18.66,18.79,116579,0
CPS,60,20230126,100000,19.04,19.08,18.8,18.84,31004,0
CPS,60,20230126,110000,18.84,18.87,18.72,18.86,28899,0
CPS,60,20230126,120000,18.84,18.97,18.83,18.95,22110,0
CPS,60,20230126,130000,18.95,18.95,18.83,18.94,41490,0
CPS,60,20230126,140000,18.96,19.08,18.88,19.07,56029,0
CPS,60,20230126,150000,19.06,19.27,19.06,19.24,37350,0
CPS,60,20230126,160000,19.24,19.28,19.12,19.12,46868,0
CPS,60,20230126,170000,19.11,19.17,19.06,19.14,113965,0
CPS,60,20230127,100000,19.3,19.3,19.02,19.06,29742,0
CPS,60,20230127,110000,19.06,19.2,19.03,19.2,47261,0
CPS,60,20230127,120000,19.2,19.21,19.09,19.16,34140,0
CPS,60,20230127,130000,19.15,19.21,19.02,19.02,20533,0
CPS,60,20230127,140000,19.03,19.11,18.97,18.98,30557,0
CPS,60,20230127,150000,18.98,19.06,18.9,18.93,40197,0
CPS,60,20230127,160000,18.93,19.05,18.9,18.95,76073,0
CPS,60,20230127,170000,18.95,19.03,18.9,18.9,81722,0
CPS,60,20230130,100000,18.9,19,18.72,18.8,34390,0
CPS,60,20230130,110000,18.84,18.85,18.45,18.48,129763,0
CPS,60,20230130,120000,18.47,18.52,18.36,18.44,54225,0
CPS,60,20230130,130000,18.42,18.44,18.31,18.34,38395,0
CPS,60,20230130,140000,18.33,18.4,18.28,18.34,56190,0
CPS,60,20230130,150000,18.34,18.4,18.29,18.32,44920,0
CPS,60,20230130,160000,18.32,18.41,18.26,18.35,50609,0
CPS,60,20230130,170000,18.32,18.42,18.27,18.37,175711,0
CPS,60,20230131,100000,18.44,18.44,18.18,18.31,60410,0
CPS,60,20230131,110000,18.31,18.53,18.24,18.46,62770,0
CPS,60,20230131,120000,18.45,18.45,18.28,18.28,43573,0
CPS,60,20230131,130000,18.3,18.33,18.26,18.32,32493,0
CPS,60,20230131,140000,18.3,18.38,18.28,18.36,32641,0
CPS,60,20230131,150000,18.38,18.44,18.33,18.36,66018,0
CPS,60,20230131,160000,18.35,18.45,18.34,18.37,66300,0
CPS,60,20230131,170000,18.35,18.38,18.26,18.35,263176,0
CPS,60,20230201,100000,18.3,18.64,18.25,18.36,67162,0
CPS,60,20230201,110000,18.32,18.4,18.31,18.35,20191,0
CPS,60,20230201,120000,18.38,18.39,18.26,18.31,16960,0
CPS,60,20230201,130000,18.32,18.45,18.28,18.35,14200,0
CPS,60,20230201,140000,18.38,18.5,18.31,18.5,12337,0
CPS,60,20230201,150000,18.5,18.5,18.25,18.28,53839,0
CPS,60,20230201,160000,18.28,18.28,18.18,18.21,54985,0
CPS,60,20230201,170000,18.2,18.21,18.13,18.2,103304,0
CPS,60,20230202,100000,18.3,18.49,18.29,18.29,55636,0
CPS,60,20230202,110000,18.29,18.31,18.22,18.29,79108,0
CPS,60,20230202,120000,18.29,18.48,18.28,18.47,61758,0
CPS,60,20230202,130000,18.46,18.53,18.41,18.53,20742,0
CPS,60,20230202,140000,18.5,18.64,18.47,18.61,35700,0
CPS,60,20230202,150000,18.61,18.72,18.57,18.72,57450,0
CPS,60,20230202,160000,18.74,18.81,18.65,18.72,57134,0
CPS,60,20230202,170000,18.76,18.83,18.63,18.8,142148,0
CPS,60,20230203,100000,18.85,18.85,18.57,18.73,16948,0
CPS,60,20230203,110000,18.74,18.79,18.66,18.79,17077,0
CPS,60,20230203,120000,18.78,18.84,18.71,18.79,20656,0
CPS,60,20230203,130000,18.78,18.86,18.76,18.86,18207,0
CPS,60,20230203,140000,18.84,18.88,18.75,18.79,13887,0
CPS,60,20230203,150000,18.79,18.79,18.58,18.65,31865,0
CPS,60,20230203,160000,18.59,18.68,18.52,18.56,20344,0
CPS,60,20230203,170000,18.56,18.63,18.52,18.6,53432,0
CPS,60,20230206,100000,18.74,18.74,18.25,18.27,30823,0
CPS,60,20230206,110000,18.25,18.26,18.14,18.16,32749,0
CPS,60,20230206,120000,18.15,18.17,18.09,18.12,35280,0
CPS,60,20230206,130000,18.11,18.11,18.04,18.08,28724,0
CPS,60,20230206,140000,18.09,18.17,18.04,18.14,24147,0
CPS,60,20230206,150000,18.13,18.13,17.98,18.03,52143,0
CPS,60,20230206,160000,18.05,18.12,17.93,18.02,70520,0
CPS,60,20230206,170000,18.02,18.02,17.91,17.91,127292,0
CPS,60,20230207,100000,18,18.15,17.92,17.97,44539,0
CPS,60,20230207,110000,17.96,18.11,17.96,18.03,16997,0
CPS,60,20230207,120000,18.03,18.06,17.93,17.95,17502,0
CPS,60,20230207,130000,17.94,17.95,17.87,17.95,21097,0
CPS,60,20230207,140000,17.95,18.01,17.94,17.97,10493,0
CPS,60,20230207,150000,17.97,17.99,17.9,17.91,11100,0
CPS,60,20230207,160000,17.93,17.95,17.89,17.93,27762,0
CPS,60,20230207,170000,17.91,17.93,17.82,17.91,105851,0
CPS,60,20230208,100000,18,18.1,17.95,18.1,30713,0
CPS,60,20230208,110000,18.1,18.15,18.04,18.14,33184,0
CPS,60,20230208,120000,18.14,18.15,18.09,18.12,16152,0
CPS,60,20230208,130000,18.1,18.24,18.1,18.24,49241,0
CPS,60,20230208,140000,18.24,18.27,18.15,18.15,24371,0
CPS,60,20230208,150000,18.15,18.17,18.12,18.17,13049,0
CPS,60,20230208,160000,18.17,18.17,18.12,18.14,19036,0
CPS,60,20230208,170000,18.13,18.21,18.12,18.15,89753,0
CPS,60,20230209,100000,18.25,18.32,18.17,18.19,17249,0
CPS,60,20230209,110000,18.2,18.29,18.15,18.24,25751,0
CPS,60,20230209,120000,18.21,18.23,18.18,18.18,10493,0
CPS,60,20230209,130000,18.18,18.25,18.15,18.21,25849,0
CPS,60,20230209,140000,18.18,18.21,18.04,18.06,60758,0
CPS,60,20230209,150000,18.06,18.07,18,18.04,22309,0
CPS,60,20230209,160000,18.03,18.03,17.93,17.96,41226,0
CPS,60,20230209,170000,17.98,18,17.94,17.97,72675,0
CPS,60,20230210,100000,18.2,18.2,17.94,18.1,63070,0
CPS,60,20230210,110000,18.07,18.14,17.97,17.97,55722,0
CPS,60,20230210,120000,17.98,18.02,17.8,17.83,58807,0
CPS,60,20230210,130000,17.82,17.82,17.63,17.72,72210,0
CPS,60,20230210,140000,17.72,17.84,17.7,17.75,35249,0
CPS,60,20230210,150000,17.75,17.8,17.74,17.79,24779,0
CPS,60,20230210,160000,17.78,17.87,17.72,17.86,57474,0
CPS,60,20230210,170000,17.85,17.95,17.81,17.91,95516,0
CPS,60,20230213,100000,18.07,18.15,17.7,17.76,35259,0
CPS,60,20230213,110000,17.76,17.76,17.62,17.68,48132,0
CPS,60,20230213,120000,17.69,17.71,17.54,17.55,31232,0
CPS,60,20230213,130000,17.58,17.61,17.54,17.58,11788,0
CPS,60,20230213,140000,17.58,17.6,17.51,17.53,24881,0
CPS,60,20230213,150000,17.56,17.6,17.45,17.48,56812,0
CPS,60,20230213,160000,17.48,17.53,17.41,17.53,43445,0
CPS,60,20230213,170000,17.53,17.57,17.48,17.52,63080,0
CPS,60,20230214,100000,17.81,17.89,17.55,17.59,25725,0
CPS,60,20230214,110000,17.59,17.64,17.53,17.56,13622,0
CPS,60,20230214,120000,17.56,17.7,17.56,17.68,23089,0
CPS,60,20230214,130000,17.69,17.75,17.61,17.61,20458,0
CPS,60,20230214,140000,17.62,17.76,17.6,17.76,24756,0
CPS,60,20230214,150000,17.77,17.79,17.58,17.65,34510,0
CPS,60,20230214,160000,17.66,17.66,17.56,17.65,41284,0
CPS,60,20230214,170000,17.66,17.68,17.56,17.56,105691,0
CPS,60,20230215,100000,17.7,17.7,17.54,17.63,10547,0
CPS,60,20230215,110000,17.63,17.72,17.63,17.67,12614,0
CPS,60,20230215,120000,17.69,17.71,17.6,17.63,28197,0
CPS,60,20230215,130000,17.63,17.66,17.56,17.66,13604,0
CPS,60,20230215,140000,17.63,17.66,17.56,17.58,16456,0
CPS,60,20230215,150000,17.57,17.58,17.52,17.54,14071,0
CPS,60,20230215,160000,17.54,17.55,17.47,17.5,43166,0
CPS,60,20230215,170000,17.49,17.64,17.48,17.61,112556,0
CPS,60,20230216,100000,17.78,17.9,17.62,17.87,47875,0
CPS,60,20230216,110000,17.9,17.9,17.62,17.76,57544,0
CPS,60,20230216,120000,17.75,17.88,17.72,17.87,36450,0
CPS,60,20230216,130000,17.88,17.9,17.8,17.82,21317,0
CPS,60,20230216,140000,17.8,17.8,17.74,17.76,19143,0
CPS,60,20230216,150000,17.74,17.74,17.58,17.65,68640,0
CPS,60,20230216,160000,17.65,17.8,17.59,17.75,32654,0
CPS,60,20230216,170000,17.75,17.8,17.69,17.72,69099,0
CPS,60,20230217,100000,17.85,17.85,17.53,17.7,47016,0
CPS,60,20230217,110000,17.67,17.81,17.65,17.75,71476,0
CPS,60,20230217,120000,17.75,17.76,17.61,17.68,33072,0
CPS,60,20230217,130000,17.69,17.76,17.68,17.76,25449,0
CPS,60,20230217,140000,17.75,17.94,17.75,17.9,50568,0
CPS,60,20230217,150000,17.9,17.93,17.83,17.83,45498,0
CPS,60,20230217,160000,17.82,18.07,17.8,18.01,76060,0
CPS,60,20230217,170000,18.01,18.2,17.98,18.15,151357,0
CPS,60,20230220,100000,18.16,18.17,17.93,17.93,34296,0
CPS,60,20230220,110000,17.95,17.97,17.81,17.88,41761,0
CPS,60,20230220,120000,17.9,17.98,17.88,17.91,17142,0
CPS,60,20230220,130000,17.91,17.97,17.91,17.92,13101,0
CPS,60,20230220,140000,17.91,17.91,17.86,17.87,12145,0
CPS,60,20230220,150000,17.86,17.96,17.85,17.96,22756,0
CPS,60,20230220,160000,17.97,17.97,17.87,17.9,20184,0
CPS,60,20230220,170000,17.88,17.97,17.84,17.96,57845,0
CPS,60,20230221,100000,18.11,18.14,17.67,17.74,22001,0
CPS,60,20230221,110000,17.74,17.78,17.61,17.72,20658,0
CPS,60,20230221,120000,17.67,17.74,17.59,17.64,16988,0
CPS,60,20230221,130000,17.62,17.67,17.56,17.6,20564,0
CPS,60,20230221,140000,17.58,17.6,17.53,17.55,17443,0
CPS,60,20230221,150000,17.54,17.58,17.53,17.55,13641,0
CPS,60,20230221,160000,17.55,17.6,17.53,17.57,34533,0
CPS,60,20230221,170000,17.55,17.62,17.53,17.57,73165,0
CPS,60,20230222,100000,17.63,17.63,17.25,17.3,57136,0
CPS,60,20230222,110000,17.31,17.36,17.24,17.31,20001,0
CPS,60,20230222,120000,17.34,17.35,17.25,17.28,19992,0
CPS,60,20230222,130000,17.27,17.28,17.15,17.18,40076,0
CPS,60,20230222,140000,17.16,17.25,17.15,17.16,23692,0
CPS,60,20230222,150000,17.18,17.31,17.15,17.28,29531,0
CPS,60,20230222,160000,17.29,17.33,17.27,17.31,23321,0
CPS,60,20230222,170000,17.33,17.34,17.25,17.31,72770,0
CPS,60,20230223,100000,17.46,17.46,17.28,17.4,25842,0
CPS,60,20230223,110000,17.4,17.48,17.34,17.38,18919,0
CPS,60,20230223,120000,17.39,17.44,17.25,17.27,33005,0
CPS,60,20230223,130000,17.26,17.36,17.18,17.31,28996,0
CPS,60,20230223,140000,17.3,17.3,17.17,17.28,37272,0
CPS,60,20230223,150000,17.26,17.32,17.24,17.29,20635,0
CPS,60,20230223,160000,17.3,17.43,17.3,17.42,23275,0
CPS,60,20230223,170000,17.42,17.49,17.36,17.47,77698,0
CPS,60,20230224,100000,17.5,17.5,17.37,17.42,18496,0
CPS,60,20230224,110000,17.42,17.43,17.33,17.38,18329,0
CPS,60,20230224,120000,17.36,17.38,17.3,17.36,25149,0
CPS,60,20230224,130000,17.35,17.37,17.3,17.33,9249,0
CPS,60,20230224,140000,17.32,17.37,17.31,17.35,10407,0
CPS,60,20230224,150000,17.32,17.34,17.16,17.22,42896,0
CPS,60,20230224,160000,17.21,17.24,17.16,17.21,24984,0
CPS,60,20230224,170000,17.19,17.27,17.17,17.23,50907,0
CPS,60,20230227,100000,17.38,17.38,17.18,17.21,14042,0
CPS,60,20230227,110000,17.23,17.32,17.18,17.29,15525,0
CPS,60,20230227,120000,17.27,17.31,17.22,17.24,5775,0
CPS,60,20230227,130000,17.24,17.26,17.18,17.19,8467,0
CPS,60,20230227,140000,17.21,17.22,17.18,17.2,9546,0
CPS,60,20230227,150000,17.19,17.25,17.15,17.21,10642,0
CPS,60,20230227,160000,17.24,17.27,17.18,17.24,22820,0
CPS,60,20230227,170000,17.2,17.25,17.16,17.16,40182,0
CPS,60,20230228,100000,17.27,17.27,17.1,17.2,29728,0
CPS,60,20230228,110000,17.21,17.27,17.15,17.25,25430,0
CPS,60,20230228,120000,17.25,17.33,17.24,17.33,24565,0
CPS,60,20230228,130000,17.3,17.4,17.27,17.39,25928,0
CPS,60,20230228,140000,17.35,17.37,17.23,17.27,27809,0
CPS,60,20230228,150000,17.27,17.27,17.14,17.21,27860,0
CPS,60,20230228,160000,17.18,17.21,17.12,17.16,60161,0
CPS,60,20230228,170000,17.16,17.35,17.14,17.25,582606,0
CPS,60,20230301,100000,17.4,17.49,17.28,17.37,71809,0
CPS,60,20230301,110000,17.37,17.44,17.32,17.44,34240,0
CPS,60,20230301,120000,17.44,17.49,17.42,17.43,17547,0
CPS,60,20230301,130000,17.42,17.53,17.42,17.53,27186,0
CPS,60,20230301,140000,17.51,17.53,17.45,17.48,24287,0
CPS,60,20230301,150000,17.47,17.55,17.35,17.38,45572,0
CPS,60,20230301,160000,17.38,17.46,17.33,17.43,27416,0
CPS,60,20230301,170000,17.44,17.49,17.3,17.48,94903,0
CPS,60,20230302,100000,17.45,17.45,17.22,17.3,31083,0
CPS,60,20230302,110000,17.3,17.38,17.27,17.27,14758,0
CPS,60,20230302,120000,17.26,17.4,17.26,17.38,32029,0
CPS,60,20230302,130000,17.37,17.41,17.31,17.33,25528,0
CPS,60,20230302,140000,17.32,17.33,17.28,17.28,19468,0
CPS,60,20230302,150000,17.3,17.31,17.24,17.26,25926,0
CPS,60,20230302,160000,17.27,17.32,17.2,17.32,37546,0
CPS,60,20230302,170000,17.33,17.41,17.24,17.33,120180,0
CPS,60,20230303,100000,17.48,17.48,17.21,17.35,23311,0
CPS,60,20230303,110000,17.35,17.39,17.24,17.26,24914,0
CPS,60,20230303,120000,17.25,17.31,17.24,17.27,8436,0
CPS,60,20230303,130000,17.26,17.28,17.23,17.24,6501,0
CPS,60,20230303,140000,17.26,17.28,17.22,17.23,7329,0
CPS,60,20230303,150000,17.23,17.28,17.22,17.26,6192,0
CPS,60,20230303,160000,17.28,17.37,17.26,17.35,20232,0
CPS,60,20230303,170000,17.33,17.5,17.31,17.35,67103,0
CPS,60,20230306,100000,17.48,17.7,17.46,17.67,58815,0
CPS,60,20230306,110000,17.69,17.87,17.69,17.85,44059,0
CPS,60,20230306,120000,17.85,17.87,17.75,17.82,41638,0
CPS,60,20230306,130000,17.8,17.87,17.73,17.73,26919,0
CPS,60,20230306,140000,17.72,17.76,17.67,17.74,17678,0
CPS,60,20230306,150000,17.74,17.82,17.69,17.82,16444,0
CPS,60,20230306,160000,17.82,17.91,17.8,17.89,32317,0
CPS,60,20230306,170000,17.89,18.07,17.85,17.99,112174,0
CPS,60,20230307,100000,18.1,18.1,17.86,17.91,39116,0
CPS,60,20230307,110000,17.95,18.05,17.91,18,26808,0
CPS,60,20230307,120000,18,18.12,18,18.08,23859,0
CPS,60,20230307,130000,18.07,18.1,17.93,17.93,16343,0
CPS,60,20230307,140000,17.92,17.95,17.9,17.93,18781,0
CPS,60,20230307,150000,17.95,18.09,17.92,17.97,21399,0
CPS,60,20230307,160000,17.96,18.06,17.93,18.03,36968,0
CPS,60,20230307,170000,18.01,18.01,17.75,17.78,81191,0
CPS,60,20230308,100000,17.77,17.77,17.6,17.69,23150,0
CPS,60,20230308,110000,17.68,17.7,17.61,17.66,12378,0
CPS,60,20230308,120000,17.66,17.74,17.63,17.74,8958,0
CPS,60,20230308,130000,17.77,17.84,17.75,17.79,10679,0
CPS,60,20230308,140000,17.79,17.85,17.74,17.75,19671,0
CPS,60,20230308,150000,17.78,17.8,17.71,17.73,18586,0
CPS,60,20230308,160000,17.76,17.98,17.75,17.94,42356,0
CPS,60,20230308,170000,17.95,18.02,17.93,18,147542,0
CPS,60,20230309,100000,18.08,18.08,17.79,17.92,45245,0
CPS,60,20230309,110000,17.91,17.91,17.8,17.84,20351,0
CPS,60,20230309,120000,17.82,17.86,17.77,17.85,26268,0
CPS,60,20230309,130000,17.83,17.85,17.78,17.81,12717,0
CPS,60,20230309,140000,17.81,17.82,17.69,17.77,19695,0
CPS,60,20230309,150000,17.74,17.8,17.71,17.8,29846,0
CPS,60,20230309,160000,17.81,17.92,17.8,17.8,30560,0
CPS,60,20230309,170000,17.8,17.91,17.77,17.84,102484,0
CPS,60,20230310,100000,17.4,17.6,17.21,17.23,67774,0
CPS,60,20230310,110000,17.23,17.31,17.17,17.24,40253,0
CPS,60,20230310,120000,17.24,17.27,17.2,17.23,36290,0
CPS,60,20230310,130000,17.22,17.24,17.17,17.21,50813,0
CPS,60,20230310,140000,17.2,17.23,17.17,17.17,25881,0
CPS,60,20230310,150000,17.17,17.29,17.13,17.25,42045,0
CPS,60,20230310,160000,17.23,17.26,17.06,17.16,70766,0
CPS,60,20230310,170000,17.18,17.22,17.1,17.1,110660,0
CPS,60,20230313,100000,17.22,17.42,16.87,16.9,71583,0
CPS,60,20230313,110000,16.92,16.94,16.64,16.82,65537,0
CPS,60,20230313,120000,16.8,16.95,16.58,16.95,110354,0
CPS,60,20230313,130000,16.91,16.95,16.77,16.77,23655,0
CPS,60,20230313,140000,16.77,16.82,16.65,16.68,46866,0
CPS,60,20230313,150000,16.7,16.89,16.63,16.87,32761,0
CPS,60,20230313,160000,16.84,16.88,16.78,16.88,41605,0
CPS,60,20230313,170000,16.88,17.02,16.86,16.95,130339,0
CPS,60,20230314,100000,17.15,17.16,16.82,16.91,36922,0
CPS,60,20230314,110000,16.91,16.97,16.78,16.87,33528,0
CPS,60,20230314,120000,16.89,16.95,16.79,16.8,51366,0
CPS,60,20230314,130000,16.81,16.83,16.73,16.74,37122,0
CPS,60,20230314,140000,16.75,16.82,16.62,16.78,58238,0
CPS,60,20230314,150000,16.77,16.8,16.66,16.74,66949,0
CPS,60,20230314,160000,16.72,16.84,16.62,16.62,67861,0
CPS,60,20230314,170000,16.63,16.7,16.6,16.65,135257,0
CPS,60,20230315,100000,16.74,16.79,16.62,16.62,25470,0
CPS,60,20230315,110000,16.62,16.67,16.45,16.51,74523,0
CPS,60,20230315,120000,16.49,16.54,16.3,16.39,62744,0
CPS,60,20230315,130000,16.39,16.44,16.36,16.41,32263,0
CPS,60,20230315,140000,16.44,16.44,16.26,16.29,32219,0
CPS,60,20230315,150000,16.29,16.38,16.25,16.34,27562,0
CPS,60,20230315,160000,16.35,16.43,16.33,16.37,28438,0
CPS,60,20230315,170000,16.4,16.4,16.3,16.34,88346,0
CPS,60,20230316,100000,16.31,16.47,16.26,16.28,43256,0
CPS,60,20230316,110000,16.26,16.3,16.16,16.3,35826,0
CPS,60,20230316,120000,16.26,16.29,16.11,16.13,28805,0
CPS,60,20230316,130000,16.1,16.13,15.98,16.04,64592,0
CPS,60,20230316,140000,16.01,16.09,15.91,16.05,57992,0
CPS,60,20230316,150000,16.05,16.11,15.95,16.03,46013,0
CPS,60,20230316,160000,16.05,16.26,15.91,16.2,66916,0
CPS,60,20230316,170000,16.24,16.51,16.23,16.51,113467,0
CPS,60,20230317,100000,16.59,16.75,16.34,16.44,88642,0
CPS,60,20230317,110000,16.44,16.54,16.42,16.49,19390,0
CPS,60,20230317,120000,16.45,16.53,16.38,16.4,18363,0
CPS,60,20230317,130000,16.37,16.4,16.22,16.28,22658,0
CPS,60,20230317,140000,16.3,16.31,16.15,16.2,20662,0
CPS,60,20230317,150000,16.2,16.32,16.19,16.26,59030,0
CPS,60,20230317,160000,16.29,16.53,16.14,16.27,249348,0
CPS,60,20230317,170000,16.22,16.33,16.03,16.03,1277734,0
CPS,60,20230320,100000,16.2,16.2,15.86,15.98,67297,0
CPS,60,20230320,110000,15.99,16.18,15.94,16.06,29168,0
CPS,60,20230320,120000,16.09,16.11,15.98,16.05,42429,0
CPS,60,20230320,130000,16.07,16.07,15.92,15.99,31508,0
CPS,60,20230320,140000,15.97,16.04,15.88,16.04,27290,0
CPS,60,20230320,150000,16.04,16.04,15.89,15.94,23710,0
CPS,60,20230320,160000,15.96,16.04,15.89,15.98,25945,0
CPS,60,20230320,170000,16,16.19,16,16.14,72937,0
CPS,60,20230321,100000,16.19,16.31,16.1,16.17,31423,0
CPS,60,20230321,110000,16.15,16.32,16.11,16.28,42798,0
CPS,60,20230321,120000,16.28,16.28,16.1,16.13,35780,0
CPS,60,20230321,130000,16.16,16.34,16.14,16.29,23729,0
CPS,60,20230321,140000,16.29,16.41,16.24,16.24,30700,0
CPS,60,20230321,150000,16.25,16.28,16.16,16.28,25790,0
CPS,60,20230321,160000,16.27,16.31,16.16,16.25,56105,0
CPS,60,20230321,170000,16.24,16.42,16.23,16.42,85302,0
CPS,60,20230322,100000,16.53,16.53,16.2,16.27,38532,0
CPS,60,20230322,110000,16.26,16.28,16.19,16.21,40614,0
CPS,60,20230322,120000,16.2,16.26,16.16,16.23,50032,0
CPS,60,20230322,130000,16.23,16.28,16.16,16.17,47892,0
CPS,60,20230322,140000,16.17,16.19,16.06,16.09,22568,0
CPS,60,20230322,150000,16.09,16.1,16.04,16.1,26477,0
CPS,60,20230322,160000,16.08,16.13,16.03,16.05,38288,0
CPS,60,20230322,170000,16.05,16.11,15.92,15.92,198434,0
CPS,60,20230323,100000,16.09,16.09,15.85,15.93,38221,0
CPS,60,20230323,110000,15.96,15.96,15.85,15.85,41647,0
CPS,60,20230323,120000,15.84,15.89,15.75,15.89,47273,0
CPS,60,20230323,130000,15.89,15.9,15.75,15.78,41622,0
CPS,60,20230323,140000,15.8,15.83,15.73,15.8,50980,0
CPS,60,20230323,150000,15.81,15.81,15.71,15.73,47532,0
CPS,60,20230323,160000,15.73,15.96,15.71,15.93,53736,0
CPS,60,20230323,170000,15.96,16.16,15.96,16.09,111472,0
CPS,60,20230324,100000,16.06,16.14,15.85,15.88,41630,0
CPS,60,20230324,110000,15.88,15.98,15.84,15.87,49724,0
CPS,60,20230324,120000,15.86,15.93,15.82,15.9,29214,0
CPS,60,20230324,130000,15.87,15.87,15.78,15.85,40993,0
CPS,60,20230324,140000,15.83,15.89,15.81,15.89,43260,0
CPS,60,20230324,150000,15.89,15.98,15.83,15.87,38033,0
CPS,60,20230324,160000,15.88,15.88,15.8,15.84,39637,0
CPS,60,20230324,170000,15.83,15.86,15.77,15.79,107850,0
CPS,60,20230327,100000,15.96,15.99,15.8,15.83,15307,0
CPS,60,20230327,110000,15.85,16.12,15.85,16.09,57696,0
CPS,60,20230327,120000,16.1,16.12,15.98,16.02,51989,0
CPS,60,20230327,130000,16,16.04,15.98,16.04,22414,0
CPS,60,20230327,140000,16.02,16.03,15.94,15.95,17911,0
CPS,60,20230327,150000,15.95,15.97,15.9,15.93,26910,0
CPS,60,20230327,160000,15.93,15.93,15.82,15.84,45354,0
CPS,60,20230327,170000,15.84,15.85,15.76,15.8,89586,0
CPS,60,20230328,100000,15.9,15.97,15.82,15.96,19638,0
CPS,60,20230328,110000,15.96,15.97,15.85,15.87,17832,0
CPS,60,20230328,120000,15.86,15.86,15.77,15.8,79268,0
CPS,60,20230328,130000,15.8,15.81,15.77,15.8,21613,0
CPS,60,20230328,140000,15.81,15.87,15.78,15.86,45126,0
CPS,60,20230328,150000,15.85,15.85,15.74,15.75,74536,0
CPS,60,20230328,160000,15.74,15.8,15.74,15.77,51600,0
CPS,60,20230328,170000,15.76,15.83,15.74,15.74,141380,0
CPS,60,20230329,100000,15.97,16.35,15.8,16.3,181349,0
CPS,60,20230329,110000,16.3,16.31,16,16.07,107620,0
CPS,60,20230329,120000,16.08,16.21,16.05,16.12,69351,0
CPS,60,20230329,130000,16.12,16.15,16.09,16.12,59696,0
CPS,60,20230329,140000,16.13,16.27,16.12,16.23,90532,0
CPS,60,20230329,150000,16.24,16.28,16.05,16.09,87696,0
CPS,60,20230329,160000,16.09,16.16,16.05,16.09,48463,0
CPS,60,20230329,170000,16.06,16.24,16.06,16.22,178910,0
CPS,60,20230330,100000,16.33,16.59,16.29,16.59,130460,0
CPS,60,20230330,110000,16.58,16.68,16.5,16.63,58606,0
CPS,60,20230330,120000,16.61,16.67,16.51,16.64,41629,0
CPS,60,20230330,130000,16.64,16.76,16.58,16.58,39518,0
CPS,60,20230330,140000,16.6,16.6,16.43,16.51,35721,0
CPS,60,20230330,150000,16.49,16.6,16.47,16.52,37677,0
CPS,60,20230330,160000,16.52,16.6,16.47,16.6,44406,0
CPS,60,20230330,170000,16.59,16.6,16.46,16.57,115260,0
CPS,60,20230331,100000,16.63,16.67,16.46,16.67,57223,0
CPS,60,20230331,110000,16.65,16.71,16.52,16.52,41955,0
CPS,60,20230331,120000,16.51,16.74,16.51,16.7,36980,0
CPS,60,20230331,130000,16.69,16.76,16.67,16.73,27996,0
CPS,60,20230331,140000,16.75,16.84,16.72,16.81,54777,0
CPS,60,20230331,150000,16.81,16.89,16.78,16.86,60743,0
CPS,60,20230331,160000,16.87,16.93,16.78,16.82,64350,0
CPS,60,20230331,170000,16.82,16.86,16.72,16.74,197301,0
CPS,60,20230403,100000,16.86,16.95,16.68,16.94,24967,0
CPS,60,20230403,110000,16.9,16.94,16.75,16.78,20239,0
CPS,60,20230403,120000,16.79,16.83,16.75,16.8,27701,0
CPS,60,20230403,130000,16.8,16.85,16.72,16.75,54891,0
CPS,60,20230403,140000,16.76,16.76,16.6,16.66,26664,0
CPS,60,20230403,150000,16.63,16.63,16.54,16.55,24019,0
CPS,60,20230403,160000,16.55,16.6,16.52,16.55,51014,0
CPS,60,20230403,170000,16.55,16.57,16.5,16.5,64087,0
CPS,60,20230404,100000,16.6,16.64,16.5,16.57,18741,0
CPS,60,20230404,110000,16.57,16.6,16.42,16.42,32477,0
CPS,60,20230404,120000,16.41,16.41,16.32,16.4,27631,0
CPS,60,20230404,130000,16.41,16.53,16.39,16.5,17083,0
CPS,60,20230404,140000,16.47,16.48,16.42,16.43,7698,0
CPS,60,20230404,150000,16.44,16.46,16.39,16.42,8568,0
CPS,60,20230404,160000,16.45,16.45,16.32,16.37,29146,0
CPS,60,20230404,170000,16.36,16.4,16.18,16.18,136765,0
CPS,60,20230405,100000,16.38,16.44,16.21,16.42,43158,0
CPS,60,20230405,110000,16.42,16.54,16.42,16.44,21164,0
CPS,60,20230405,120000,16.44,16.5,16.43,16.46,16777,0
CPS,60,20230405,130000,16.48,16.48,16.37,16.41,26358,0
CPS,60,20230405,140000,16.41,16.47,16.39,16.45,18109,0
CPS,60,20230405,150000,16.42,16.42,16.23,16.26,92942,0
CPS,60,20230405,160000,16.26,16.3,16.23,16.29,56986,0
CPS,60,20230405,170000,16.27,16.38,16.27,16.28,130958,0
CPS,60,20230406,100000,16.49,16.49,16.23,16.27,35986,0
CPS,60,20230406,110000,16.27,16.35,16.26,16.33,17644,0
CPS,60,20230406,120000,16.35,16.38,16.27,16.31,12999,0
CPS,60,20230406,130000,16.33,16.33,16.25,16.25,30244,0
CPS,60,20230406,140000,16.26,16.35,16.26,16.33,26605,0
CPS,60,20230406,150000,16.33,16.33,16.27,16.3,28890,0
CPS,60,20230406,160000,16.3,16.3,16.23,16.26,27019,0
CPS,60,20230406,170000,16.27,16.27,16.15,16.21,64420,0
CPS,60,20230411,100000,16.25,16.33,16.18,16.3,41826,0
CPS,60,20230411,110000,16.3,16.37,16.26,16.27,20961,0
CPS,60,20230411,120000,16.25,16.29,16.18,16.2,43731,0
CPS,60,20230411,130000,16.2,16.25,16.15,16.22,57254,0
CPS,60,20230411,140000,16.24,16.29,16.19,16.21,34012,0
CPS,60,20230411,150000,16.22,16.22,16.11,16.11,67876,0
CPS,60,20230411,160000,16.11,16.12,16.05,16.08,71649,0
CPS,60,20230411,170000,16.08,16.15,16.02,16.02,142483,0
CPS,60,20230412,100000,16.1,16.12,15.92,16.05,132539,0
CPS,60,20230412,110000,16.04,16.1,15.95,15.98,59700,0
CPS,60,20230412,120000,15.96,16,15.96,15.99,44321,0
CPS,60,20230412,130000,16,16.07,15.99,16.06,49223,0
CPS,60,20230412,140000,16.07,16.23,16.06,16.2,76016,0
CPS,60,20230412,150000,16.19,16.31,16.13,16.31,79635,0
CPS,60,20230412,160000,16.32,16.4,16.26,16.38,97021,0
CPS,60,20230412,170000,16.38,16.4,16.13,16.29,223352,0
CPS,60,20230413,100000,16.21,16.6,16.05,16.24,277684,0
CPS,60,20230413,110000,16.26,16.33,16.17,16.19,68458,0
CPS,60,20230413,120000,16.19,16.28,16.13,16.2,64071,0
CPS,60,20230413,130000,16.22,16.25,16.15,16.25,43131,0
CPS,60,20230413,140000,16.24,16.34,16.21,16.27,40853,0
CPS,60,20230413,150000,16.26,16.42,16.23,16.4,62219,0
CPS,60,20230413,160000,16.39,16.46,16.31,16.4,73348,0
CPS,60,20230413,170000,16.39,16.49,16.38,16.44,717142,0
CPS,60,20230414,100000,16.7,16.71,16.53,16.71,72275,0
CPS,60,20230414,110000,16.71,16.73,16.48,16.48,50396,0
CPS,60,20230414,120000,16.47,16.5,16.41,16.5,36616,0
CPS,60,20230414,130000,16.48,16.5,16.41,16.47,33739,0
CPS,60,20230414,140000,16.47,16.58,16.45,16.54,44618,0
CPS,60,20230414,150000,16.55,16.59,16.45,16.47,41987,0
CPS,60,20230414,160000,16.49,16.58,16.46,16.49,49531,0
CPS,60,20230414,170000,16.51,16.52,16.38,16.41,100380,0
CPS,60,20230417,100000,16.58,16.65,16.45,16.59,37469,0
CPS,60,20230417,110000,16.6,16.72,16.53,16.64,130948,0
CPS,60,20230417,120000,16.66,16.76,16.63,16.69,29771,0
CPS,60,20230417,130000,16.69,16.82,16.69,16.78,58047,0
CPS,60,20230417,140000,16.78,16.86,16.74,16.83,44505,0
CPS,60,20230417,150000,16.84,16.92,16.8,16.88,61008,0
CPS,60,20230417,160000,16.88,16.96,16.88,16.88,65273,0
CPS,60,20230417,170000,16.88,17,16.87,17,100860,0
CPS,60,20230418,100000,17.01,17.03,16.8,16.83,57386,0
CPS,60,20230418,110000,16.84,17.11,16.84,17.06,39083,0
CPS,60,20230418,120000,17.03,17.11,16.97,17.04,59788,0
CPS,60,20230418,130000,17.05,17.11,16.98,17.03,53277,0
CPS,60,20230418,140000,17.04,17.04,16.92,17.04,54037,0
CPS,60,20230418,150000,17.04,17.04,16.93,16.98,49904,0
CPS,60,20230418,160000,16.98,17,16.88,16.89,53131,0
CPS,60,20230418,170000,16.89,16.93,16.82,16.84,112322,0
CPS,60,20230419,100000,17,17,16.66,16.68,54465,0
CPS,60,20230419,110000,16.67,16.71,16.61,16.69,16595,0
CPS,60,20230419,120000,16.69,16.74,16.59,16.72,23720,0
CPS,60,20230419,130000,16.71,16.85,16.71,16.84,21895,0
CPS,60,20230419,140000,16.85,16.99,16.83,16.97,40482,0
CPS,60,20230419,150000,16.96,16.97,16.86,16.86,73824,0
CPS,60,20230419,160000,16.88,16.9,16.8,16.81,35089,0
CPS,60,20230419,170000,16.82,16.9,16.79,16.9,76610,0
CPS,60,20230420,100000,16.84,17.37,16.84,17.315,87239,0
CPS,60,20230420,110000,17.33,17.56,17.285,17.54,88315,0
CPS,60,20230420,120000,17.54,17.55,17.37,17.4,76210,0
CPS,60,20230420,130000,17.39,17.54,17.38,17.525,53949,0
CPS,60,20230420,140000,17.53,17.63,17.5,17.62,57266,0
CPS,60,20230420,150000,17.625,17.775,17.625,17.69,79889,0
CPS,60,20230420,160000,17.7,17.755,17.51,17.54,148733,0
CPS,60,20230420,170000,17.565,17.59,17.455,17.57,122137,0
CPS,60,20230421,100000,17.495,17.495,17.31,17.425,99110,0
CPS,60,20230421,110000,17.44,17.54,17.23,17.265,56029,0
CPS,60,20230421,120000,17.275,17.29,17.13,17.13,30021,0
CPS,60,20230421,130000,17.145,17.195,17.12,17.12,33577,0
CPS,60,20230421,140000,17.115,17.13,17.035,17.075,49948,0
CPS,60,20230421,150000,17.075,17.13,17.04,17.04,34527,0
CPS,60,20230421,160000,17.04,17.165,17.035,17.04,53168,0
CPS,60,20230421,170000,17.035,17.17,17.025,17.13,107790,0
CPS,60,20230424,100000,17.2,17.2,17.08,17.17,44911,0
CPS,60,20230424,110000,17.17,17.2,16.93,16.975,32865,0
CPS,60,20230424,120000,16.97,17.02,16.94,16.98,29058,0
CPS,60,20230424,130000,16.99,17.02,16.95,16.985,27923,0
CPS,60,20230424,140000,16.99,17.01,16.965,16.965,21761,0
CPS,60,20230424,150000,16.96,17.01,16.91,16.91,35722,0
CPS,60,20230424,160000,16.91,17.01,16.91,16.97,27820,0
CPS,60,20230424,170000,16.965,17.01,16.91,16.915,92931,0
CPS,60,20230425,100000,16.915,16.955,16.73,16.75,56267,0
CPS,60,20230425,110000,16.775,16.775,16.7,16.72,22174,0
CPS,60,20230425,120000,16.71,16.785,16.7,16.765,20863,0
CPS,60,20230425,130000,16.785,16.845,16.71,16.73,32821,0
CPS,60,20230425,140000,16.73,16.77,16.7,16.7,29856,0
CPS,60,20230425,150000,16.71,16.75,16.69,16.745,36383,0
CPS,60,20230425,160000,16.755,16.79,16.705,16.77,46492,0
CPS,60,20230425,170000,16.76,16.81,16.69,16.69,131687,0
CPS,60,20230426,100000,16.83,16.83,16.525,16.62,68233,0
CPS,60,20230426,110000,16.635,16.89,16.615,16.88,107729,0
CPS,60,20230426,120000,16.865,16.93,16.86,16.91,36906,0
CPS,60,20230426,130000,16.9,17.025,16.885,16.99,50847,0
CPS,60,20230426,140000,16.995,17,16.915,16.96,39251,0
CPS,60,20230426,150000,16.96,17.045,16.895,16.92,44603,0
CPS,60,20230426,160000,16.925,16.96,16.83,16.935,74716,0
CPS,60,20230426,170000,16.935,17.015,16.905,16.95,170906,0
CPS,60,20230427,100000,17,17.07,16.9,17.05,55546,0
CPS,60,20230427,110000,17.05,17.175,17.03,17.14,43599,0
CPS,60,20230427,120000,17.135,17.21,17.11,17.18,25944,0
CPS,60,20230427,130000,17.17,17.2,17.14,17.2,24926,0
CPS,60,20230427,140000,17.2,17.24,17.18,17.205,37564,0
CPS,60,20230427,150000,17.22,17.245,17.14,17.2,36127,0
CPS,60,20230427,160000,17.21,17.33,17.195,17.33,45856,0
CPS,60,20230427,170000,17.33,17.435,17.275,17.32,103004,0
CPS,60,20230428,100000,17.4,17.5,17.32,17.425,74667,0
CPS,60,20230428,110000,17.43,17.485,17.41,17.46,37298,0
CPS,60,20230428,120000,17.46,17.49,17.4,17.48,44451,0
CPS,60,20230428,130000,17.47,17.54,17.37,17.4,39384,0
CPS,60,20230428,140000,17.39,17.47,17.39,17.445,25191,0
CPS,60,20230428,150000,17.44,17.44,17.35,17.38,23739,0
CPS,60,20230428,160000,17.385,17.435,17.33,17.39,37278,0
CPS,60,20230428,170000,17.39,17.48,17.375,17.44,114217,0
CPS,60,20230502,100000,17.405,17.895,17.405,17.885,148307,0
CPS,60,20230502,110000,17.84,17.855,17.77,17.79,38546,0
CPS,60,20230502,120000,17.76,17.895,17.755,17.87,47657,0
CPS,60,20230502,130000,17.86,17.96,17.825,17.925,27097,0
CPS,60,20230502,140000,17.93,18.05,17.93,18.045,61038,0
CPS,60,20230502,150000,18.045,18.115,18.015,18.1,68568,0
CPS,60,20230502,160000,18.095,18.18,18.03,18.09,82412,0
CPS,60,20230502,170000,18.095,18.11,17.83,17.91,171674,0
CPS,60,20230504,100000,18,18.1,17.7,18.06,82696,0
CPS,60,20230504,110000,18.045,18.09,17.88,17.89,32712,0
CPS,60,20230504,120000,17.89,17.92,17.83,17.89,23102,0
CPS,60,20230504,130000,17.88,17.88,17.74,17.775,24221,0
CPS,60,20230504,140000,17.755,17.79,17.695,17.72,27785,0
CPS,60,20230504,150000,17.715,17.86,17.675,17.74,25446,0
CPS,60,20230504,160000,17.735,17.815,17.685,17.74,63188,0
CPS,60,20230504,170000,17.73,17.75,17.42,17.525,151109,0
CPS,60,20230505,100000,17.57,17.685,17.45,17.685,28815,0
CPS,60,20230505,110000,17.645,17.78,17.58,17.755,31279,0
CPS,60,20230505,120000,17.75,18.09,17.71,18.09,139813,0
CPS,60,20230505,130000,18.095,18.29,18.095,18.25,90184,0
CPS,60,20230505,140000,18.23,18.23,18.125,18.16,46952,0
CPS,60,20230505,150000,18.145,18.175,18.065,18.1,32754,0
CPS,60,20230505,160000,18.09,18.135,17.925,17.925,40705,0
CPS,60,20230505,170000,17.925,18.055,17.915,17.945,64136,0
CPS,60,20230508,100000,17.945,18.06,17.88,17.94,42475,0
CPS,60,20230508,110000,17.92,17.925,17.78,17.785,28539,0
CPS,60,20230508,120000,17.795,17.94,17.78,17.935,34094,0
CPS,60,20230508,130000,17.915,17.99,17.9,17.975,21102,0
CPS,60,20230508,140000,17.975,18.02,17.88,17.97,42737,0
CPS,60,20230508,150000,17.99,18.07,17.975,18.005,16910,0
CPS,60,20230508,160000,18.01,18.05,17.82,17.85,40100,0
CPS,60,20230508,170000,17.87,17.9,17.805,17.805,66741,0
CPS,60,20230509,100000,17.815,17.815,17.585,17.59,49159,0
CPS,60,20230509,110000,17.58,17.635,17.545,17.57,23496,0
CPS,60,20230509,120000,17.57,17.63,17.565,17.615,21662,0
CPS,60,20230509,130000,17.635,17.695,17.635,17.645,29192,0
CPS,60,20230509,140000,17.645,17.65,17.57,17.58,17060,0
CPS,60,20230509,150000,17.575,17.625,17.525,17.56,59470,0
CPS,60,20230509,160000,17.565,17.65,17.56,17.635,61733,0
CPS,60,20230509,170000,17.64,17.675,17.555,17.66,144264,0
CPS,60,20230510,100000,17.9,17.9,17.68,17.685,32093,0
CPS,60,20230510,110000,17.69,17.74,17.635,17.67,18797,0
CPS,60,20230510,120000,17.69,17.84,17.68,17.825,21993,0
CPS,60,20230510,130000,17.855,17.87,17.715,17.75,21066,0
CPS,60,20230510,140000,17.735,17.93,17.715,17.92,27890,0
CPS,60,20230510,150000,17.915,18.28,17.91,18.25,124523,0
CPS,60,20230510,160000,18.25,18.295,18.03,18.14,119458,0
CPS,60,20230510,170000,18.12,18.16,18.065,18.11,113102,0
CPS,60,20230511,100000,18.11,18.11,17.91,18,31843,0
CPS,60,20230511,110000,17.975,18.07,17.945,18,22573,0
CPS,60,20230511,120000,17.965,18.055,17.91,17.92,37775,0
CPS,60,20230511,130000,17.93,17.985,17.85,17.865,25051,0
CPS,60,20230511,140000,17.9,17.9,17.755,17.755,28094,0
CPS,60,20230511,150000,17.755,17.83,17.68,17.725,39771,0
CPS,60,20230511,160000,17.7,17.755,17.59,17.62,87752,0
CPS,60,20230511,170000,17.6,17.625,17.54,17.58,178236,0
CPS,60,20230512,100000,17.79,17.79,17.6,17.61,20878,0
CPS,60,20230512,110000,17.6,17.685,17.58,17.685,45703,0
CPS,60,20230512,120000,17.685,17.8,17.675,17.8,33004,0
CPS,60,20230512,130000,17.8,17.87,17.75,17.83,17453,0
CPS,60,20230512,140000,17.84,17.925,17.82,17.9,29253,0
CPS,60,20230512,150000,17.875,17.94,17.725,17.725,158453,0
CPS,60,20230512,160000,17.725,17.86,17.65,17.795,66488,0
CPS,60,20230512,170000,17.795,17.9,17.695,17.75,226800,0
CPS,60,20230515,100000,18,18,17.755,17.975,32412,0
CPS,60,20230515,110000,17.945,17.96,17.7,17.75,27843,0
CPS,60,20230515,120000,17.78,17.845,17.75,17.845,14127,0
CPS,60,20230515,130000,17.85,17.9,17.8,17.865,17171,0
CPS,60,20230515,140000,17.875,17.875,17.8,17.84,19780,0
CPS,60,20230515,150000,17.84,17.84,17.71,17.715,38698,0
CPS,60,20230515,160000,17.725,17.74,17.605,17.64,53445,0
CPS,60,20230515,170000,17.66,17.835,17.64,17.72,151977,0
CPS,60,20230516,100000,17.7,18.135,17.565,18.09,72644,0
CPS,60,20230516,110000,18.08,18.235,18.05,18.125,59227,0
CPS,60,20230516,120000,18.11,18.17,18.08,18.145,21496,0
CPS,60,20230516,130000,18.135,18.135,18.01,18.115,25626,0
CPS,60,20230516,140000,18.09,18.145,18.085,18.11,26235,0
CPS,60,20230516,150000,18.11,18.16,18.025,18.13,36151,0
CPS,60,20230516,160000,18.12,18.165,18.02,18.09,28016,0
CPS,60,20230516,170000,18.1,18.155,18.04,18.12,40614,0
CPS,60,20230517,100000,18.12,18.14,17.75,17.815,75131,0
CPS,60,20230517,110000,17.81,17.86,17.71,17.74,32491,0
CPS,60,20230517,120000,17.74,17.75,17.595,17.615,66909,0
CPS,60,20230517,130000,17.61,17.63,17.53,17.56,34254,0
CPS,60,20230517,140000,17.56,17.61,17.55,17.555,34055,0
CPS,60,20230517,150000,17.555,17.565,17.34,17.365,91581,0
CPS,60,20230517,160000,17.365,17.38,17.24,17.265,81054,0
CPS,60,20230517,170000,17.255,17.325,17.175,17.175,181896,0
CPS,60,20230518,100000,17.3,17.345,17.19,17.3,82766,0
CPS,60,20230518,110000,17.32,17.43,17.275,17.38,38026,0
CPS,60,20230518,120000,17.38,17.42,17.35,17.395,22306,0
CPS,60,20230518,130000,17.395,17.395,17.265,17.295,23457,0
CPS,60,20230518,140000,17.295,17.43,17.29,17.38,26896,0
CPS,60,20230518,150000,17.39,17.39,17.21,17.22,47195,0
CPS,60,20230518,160000,17.22,17.225,17.05,17.1,89021,0
CPS,60,20230518,170000,17.11,17.135,17.06,17.07,86487,0
CPS,60,20230519,100000,17.35,17.35,17.09,17.105,33499,0
CPS,60,20230519,110000,17.1,17.37,17.09,17.37,29872,0
CPS,60,20230519,120000,17.37,17.485,17.355,17.375,58070,0
CPS,60,20230519,130000,17.37,17.37,17.26,17.26,24078,0
CPS,60,20230519,140000,17.255,17.255,17.18,17.2,27609,0
CPS,60,20230519,150000,17.21,17.25,17.17,17.235,31928,0
CPS,60,20230519,160000,17.235,17.24,17.195,17.225,34245,0
CPS,60,20230519,170000,17.23,17.45,17.2,17.365,258738,0
CPS,60,20230522,100000,17.425,17.535,17.275,17.51,25774,0
CPS,60,20230522,110000,17.52,17.65,17.47,17.65,35275,0
CPS,60,20230522,120000,17.65,17.65,17.55,17.585,13327,0
CPS,60,20230522,130000,17.56,17.6,17.52,17.53,11036,0
CPS,60,20230522,140000,17.54,17.54,17.445,17.465,9706,0
CPS,60,20230522,150000,17.465,17.49,17.43,17.435,5927,0
CPS,60,20230522,160000,17.435,17.47,17.39,17.425,21853,0
CPS,60,20230522,170000,17.42,17.47,17.39,17.46,69779,0
CPS,60,20230523,100000,17.53,17.78,17.4,17.775,75050,0
CPS,60,20230523,110000,17.75,17.86,17.725,17.86,61758,0
CPS,60,20230523,120000,17.86,17.925,17.8,17.8,60072,0
CPS,60,20230523,130000,17.79,17.79,17.665,17.78,48444,0
CPS,60,20230523,140000,17.77,17.78,17.65,17.73,26995,0
CPS,60,20230523,150000,17.725,17.75,17.57,17.6,42398,0
CPS,60,20230523,160000,17.575,17.65,17.565,17.625,50895,0
CPS,60,20230523,170000,17.625,17.72,17.54,17.56,88036,0
CPS,60,20230524,100000,17.5,17.5,17.21,17.24,61227,0
CPS,60,20230524,110000,17.25,17.28,17.19,17.265,31585,0
CPS,60,20230524,120000,17.255,17.27,17.12,17.12,33205,0
CPS,60,20230524,130000,17.125,17.23,17.125,17.19,25990,0
CPS,60,20230524,140000,17.18,17.18,16.96,16.99,81348,0
CPS,60,20230524,150000,16.98,17.02,16.92,16.92,65301,0
CPS,60,20230524,160000,16.915,16.99,16.855,16.855,74209,0
CPS,60,20230524,170000,16.86,16.89,16.77,16.77,190446,0
CPS,60,20230525,100000,17.105,17.18,16.62,16.68,75332,0
CPS,60,20230525,110000,16.67,16.765,16.615,16.63,37483,0
CPS,60,20230525,120000,16.64,16.695,16.625,16.675,32202,0
CPS,60,20230525,130000,16.67,16.74,16.665,16.68,58837,0
CPS,60,20230525,140000,16.68,16.71,16.63,16.71,39677,0
CPS,60,20230525,150000,16.73,16.77,16.62,16.65,46345,0
CPS,60,20230525,160000,16.65,16.68,16.545,16.655,52445,0
CPS,60,20230525,170000,16.66,16.66,16.545,16.55,123445,0
CPS,60,20230526,100000,16.635,16.725,16.615,16.65,47009,0
CPS,60,20230526,110000,16.65,16.74,16.56,16.645,118768,0
CPS,60,20230526,120000,16.66,16.66,16.565,16.59,10951,0
CPS,60,20230526,130000,16.59,16.68,16.565,16.655,18140,0
CPS,60,20230526,140000,16.655,16.75,16.63,16.735,50597,0
CPS,60,20230526,150000,16.725,16.745,16.68,16.715,31197,0
CPS,60,20230526,160000,16.715,16.725,16.64,16.66,133234,0
CPS,60,20230526,170000,16.66,16.705,16.615,16.64,154916,0
CPS,60,20230529,100000,16.66,16.775,16.61,16.655,46997,0
CPS,60,20230529,110000,16.695,16.785,16.655,16.665,17059,0
CPS,60,20230529,120000,16.655,16.675,16.63,16.64,8402,0
CPS,60,20230529,130000,16.645,16.755,16.64,16.72,13140,0
CPS,60,20230529,140000,16.725,16.81,16.695,16.7,34526,0
CPS,60,20230529,150000,16.705,16.745,16.69,16.71,14929,0
CPS,60,20230529,160000,16.695,16.7,16.61,16.655,44633,0
CPS,60,20230529,170000,16.645,16.665,16.62,16.65,33452,0
CPS,60,20230530,100000,16.63,16.68,16.605,16.61,69731,0
CPS,60,20230530,110000,16.605,16.625,16.525,16.545,60934,0
CPS,60,20230530,120000,16.535,16.565,16.45,16.45,36277,0
CPS,60,20230530,130000,16.46,16.56,16.46,16.54,18314,0
CPS,60,20230530,140000,16.55,16.6,16.51,16.57,29454,0
CPS,60,20230530,150000,16.565,16.585,16.51,16.52,32316,0
CPS,60,20230530,160000,16.505,16.575,16.505,16.535,38434,0
CPS,60,20230530,170000,16.53,16.54,16.45,16.45,116209,0
CPS,60,20230531,100000,16.35,16.42,16.13,16.33,93940,0
CPS,60,20230531,110000,16.32,16.32,16.155,16.18,57136,0
CPS,60,20230531,120000,16.18,16.225,16.125,16.155,55119,0
CPS,60,20230531,130000,16.15,16.16,16.065,16.08,87545,0
CPS,60,20230531,140000,16.075,16.08,15.935,15.94,181414,0
CPS,60,20230531,150000,15.93,15.985,15.86,15.94,159456,0
CPS,60,20230531,160000,15.905,15.905,15.78,15.78,213530,0
CPS,60,20230531,170000,15.78,15.79,15.445,15.445,1695336,0
