<TICKER>,<PER>,<DATE>,<TIME>,<OPEN>,<HIGH>,<LOW>,<CLOSE>,<VOL>,<OPENINT>
DNP,60,20220804,100000,367.7,371.5,367.7,371.3,7583,0
DNP,60,20220804,110000,371.3,372,369.4,369.4,5966,0
DNP,60,20220804,120000,369.4,369.5,364.1,364.1,6793,0
DNP,60,20220804,130000,364.1,368.4,364.1,368.1,8881,0
DNP,60,20220804,140000,368.5,368.5,366.6,368.3,7058,0
DNP,60,20220804,150000,368.3,371.6,368.3,371.3,10729,0
DNP,60,20220804,160000,371.3,371.6,368.6,371.4,15567,0
DNP,60,20220804,170000,371.2,371.6,365,367.2,50597,0
DNP,60,20220805,100000,368.6,371.6,368.6,370.1,6763,0
DNP,60,20220805,110000,370.1,371.9,370.1,371.4,7295,0
DNP,60,20220805,120000,371.7,374.3,371.4,373,18834,0
DNP,60,20220805,130000,372.6,373.7,372.3,373.5,4956,0
DNP,60,20220805,140000,372.9,374.3,372.8,373.6,4623,0
DNP,60,20220805,150000,373.4,374.1,370.6,370.6,17435,0
DNP,60,20220805,160000,370.8,371,369,370.1,13934,0
DNP,60,20220805,170000,370.1,371,366.1,366.7,44467,0
DNP,60,20220808,100000,365,366,360.7,361.7,10494,0
DNP,60,20220808,110000,362,365.2,361.2,361.7,11253,0
DNP,60,20220808,120000,361.8,364.4,361.2,362.2,26214,0
DNP,60,20220808,130000,361.8,362.8,357.9,361.9,27002,0
DNP,60,20220808,140000,361.9,361.9,357.2,359,53428,0
DNP,60,20220808,150000,358.9,361,358.9,359.4,4293,0
DNP,60,20220808,160000,359.5,362,357.6,358,24112,0
DNP,60,20220808,170000,357.9,359.6,355.2,355.9,57259,0
DNP,60,20220809,100000,358.3,359.4,348.4,351.4,64252,0
DNP,60,20220809,110000,351.2,352.3,345,347.4,70998,0
DNP,60,20220809,120000,346.4,349.7,346.4,348.4,10883,0
DNP,60,20220809,130000,348.9,348.9,345.8,347.9,41198,0
DNP,60,20220809,140000,348.2,349,345.8,347.4,9065,0
DNP,60,20220809,150000,347.5,349.5,345,345,16641,0
DNP,60,20220809,160000,346.3,348.5,344.7,347.9,54272,0
DNP,60,20220809,170000,347.9,350,345,350,45031,0
DNP,60,20220810,100000,348.6,350,344.7,348.8,35028,0
DNP,60,20220810,110000,348.8,352,348.7,350.5,14008,0
DNP,60,20220810,120000,350.1,351.1,349.6,350.6,7922,0
DNP,60,20220810,130000,350.9,351.5,349.4,349.9,6373,0
DNP,60,20220810,140000,349.5,350.7,348.6,348.9,38715,0
DNP,60,20220810,150000,349,356.4,348.5,355,35348,0
DNP,60,20220810,160000,354.5,354.5,349.7,351.8,23051,0
DNP,60,20220810,170000,352.3,355,350.2,351.5,27264,0
DNP,60,20220811,100000,356.9,356.9,350.4,352.4,5029,0
DNP,60,20220811,110000,352.5,352.5,349.5,351,4834,0
DNP,60,20220811,120000,351.4,353.5,350,352.7,3333,0
DNP,60,20220811,130000,352.2,353.4,351.7,353,2708,0
DNP,60,20220811,140000,353.1,354.5,353.1,353.7,3811,0
DNP,60,20220811,150000,353.9,357.2,353.1,356,32009,0
DNP,60,20220811,160000,355.3,355.6,353.1,355.6,7249,0
DNP,60,20220811,170000,355.9,355.9,352.4,354.6,37642,0
DNP,60,20220812,100000,354,358,352.6,357.4,15961,0
DNP,60,20220812,110000,357.3,361.5,355.5,358.2,28394,0
DNP,60,20220812,120000,358.9,362.5,358.1,362,21667,0
DNP,60,20220812,130000,362,364.5,360.9,361.1,17788,0
DNP,60,20220812,140000,360.8,364.2,360.5,363.9,12045,0
DNP,60,20220812,150000,363.8,363.8,361.3,361.5,24615,0
DNP,60,20220812,160000,361.6,363.5,361.3,361.3,16212,0
DNP,60,20220812,170000,361.3,364.5,360.6,364.5,64210,0
DNP,60,20220816,100000,366.5,375.5,360.6,374.9,51314,0
DNP,60,20220816,110000,375,380.9,374.3,380.3,67850,0
DNP,60,20220816,120000,380.5,384.4,379.1,381.6,24326,0
DNP,60,20220816,130000,380.2,381.7,376.4,379.8,70204,0
DNP,60,20220816,140000,379.8,380,377,378.7,19343,0
DNP,60,20220816,150000,378.7,381.5,377.2,381.3,52615,0
DNP,60,20220816,160000,381.3,383.4,379.7,382.4,50934,0
DNP,60,20220816,170000,382,384,380.2,382,89505,0
DNP,60,20220817,100000,380.1,383,378,381.1,24702,0
DNP,60,20220817,110000,381.1,382.6,378.1,379.5,63489,0
DNP,60,20220817,120000,378.3,381,375.8,379,67241,0
DNP,60,20220817,130000,379,379.4,377.2,379.3,10841,0
DNP,60,20220817,140000,379.4,380.6,378.3,379.3,16840,0
DNP,60,20220817,150000,379.4,379.7,375.5,375.5,53469,0
DNP,60,20220817,160000,375.5,375.5,370.5,374.4,54172,0
DNP,60,20220817,170000,374,375.2,372.3,373.1,65493,0
DNP,60,20220818,100000,372.9,374.4,369,371.2,5361,0
DNP,60,20220818,110000,370.4,376.1,368.9,375.7,8054,0
DNP,60,20220818,120000,375.6,377,372.3,376.5,14382,0
DNP,60,20220818,130000,375.7,378,371.9,372.5,83903,0
DNP,60,20220818,140000,372,373.5,370.4,371.5,6612,0
DNP,60,20220818,150000,371.3,372,366.4,367.1,17001,0
DNP,60,20220818,160000,367.7,371.9,367.2,370.4,9325,0
DNP,60,20220818,170000,370.3,372.6,369.9,371,32304,0
DNP,60,20220819,100000,370,370,364.4,367,14937,0
DNP,60,20220819,110000,367,368,360.8,361.9,53690,0
DNP,60,20220819,120000,361.4,365.9,361.4,364.5,16277,0
DNP,60,20220819,130000,364,365.1,361.2,363.3,34504,0
DNP,60,20220819,140000,363.4,366.5,362.7,365.2,19822,0
DNP,60,20220819,150000,364.9,365.4,362.7,363,15364,0
DNP,60,20220819,160000,362.9,364,358.9,359.3,68579,0
DNP,60,20220819,170000,359.3,359.5,354,354,82359,0
DNP,60,20220822,100000,355,355.9,346.9,346.9,50441,0
DNP,60,20220822,110000,347,350,346.9,348,63296,0
DNP,60,20220822,120000,348.1,348.9,345.4,346.6,40103,0
DNP,60,20220822,130000,346.6,349.8,345.8,345.8,89705,0
DNP,60,20220822,140000,346,348.4,345,347.5,18934,0
DNP,60,20220822,150000,347.5,352,345.7,350.1,62807,0
DNP,60,20220822,160000,350,353.3,349.6,352.6,44165,0
DNP,60,20220822,170000,352.8,359,352.8,355.5,69829,0
DNP,60,20220823,100000,356,365,353.5,363.2,28656,0
DNP,60,20220823,110000,363.4,369.5,363.4,365.9,32337,0
DNP,60,20220823,120000,365.9,366.6,362.8,366.2,16067,0
DNP,60,20220823,130000,366.4,368.9,366.3,368.4,16592,0
DNP,60,20220823,140000,368.3,369.3,366.3,368.8,17647,0
DNP,60,20220823,150000,368.4,370,365.3,365.3,19099,0
DNP,60,20220823,160000,365.4,368.5,365.1,366.9,24760,0
DNP,60,20220823,170000,367,367.5,364.9,365.2,107234,0
DNP,60,20220824,100000,369.2,369.2,361.3,364.5,18434,0
DNP,60,20220824,110000,364.2,368.6,364.2,366,26864,0
DNP,60,20220824,120000,365.9,368.1,365.5,367.4,19877,0
DNP,60,20220824,130000,367.7,368.4,365.3,367.6,11272,0
DNP,60,20220824,140000,367.6,367.8,365.6,367.3,44153,0
DNP,60,20220824,150000,367.3,368.7,366.1,367.7,13949,0
DNP,60,20220824,160000,367.7,369.2,367,367.4,21376,0
DNP,60,20220824,170000,367.4,368.7,364.7,366.2,48054,0
DNP,60,20220825,100000,370,374.1,368.3,371.9,13999,0
DNP,60,20220825,110000,371.9,375.1,371.3,372.6,10108,0
DNP,60,20220825,120000,373,374,371.3,372.3,7765,0
DNP,60,20220825,130000,372.3,373.7,371,373.7,6797,0
DNP,60,20220825,140000,373.7,374.4,373.2,374,8227,0
DNP,60,20220825,150000,374,376.9,373.7,376.8,15538,0
DNP,60,20220825,160000,376.8,378,376.4,376.4,22308,0
DNP,60,20220825,170000,376.9,377.4,374.6,376.1,42766,0
DNP,60,20220826,100000,375.9,384.4,375.8,380.7,18811,0
DNP,60,20220826,110000,380.6,383.3,379.9,382.6,11019,0
DNP,60,20220826,120000,382.5,382.9,381.1,381.3,5520,0
DNP,60,20220826,130000,381.6,382.2,381.1,381.4,6251,0
DNP,60,20220826,140000,381.4,381.4,380.3,381,5130,0
DNP,60,20220826,150000,381.1,383.4,380.8,383.3,10487,0
DNP,60,20220826,160000,383.3,386.7,382.8,386.4,22968,0
DNP,60,20220826,170000,386.3,386.4,380,382.6,42665,0
DNP,60,20220829,100000,378,378,371.4,373.6,18292,0
DNP,60,20220829,110000,374.2,374.9,372.1,373.1,6369,0
DNP,60,20220829,120000,372.7,374,370.9,371.7,10161,0
DNP,60,20220829,130000,371.5,371.7,368.7,370.5,6591,0
DNP,60,20220829,140000,370.1,372.9,369.6,372.9,14340,0
DNP,60,20220829,150000,372.4,375.3,372.1,375.3,15659,0
DNP,60,20220829,160000,375.1,378.6,375,376.3,18704,0
DNP,60,20220829,170000,376,377.7,374,374.3,20010,0
DNP,60,20220830,100000,374,374.3,366.4,366.5,16573,0
DNP,60,20220830,110000,366.4,368.1,365.1,366.3,9288,0
DNP,60,20220830,120000,366.3,366.3,362.1,363.5,13152,0
DNP,60,20220830,130000,363.6,365.7,362.4,365.6,13329,0
DNP,60,20220830,140000,365.6,365.6,362,362.2,13765,0
DNP,60,20220830,150000,362.3,362.8,360.1,360.3,15785,0
DNP,60,20220830,160000,360.5,363.5,358.8,362.3,17270,0
DNP,60,20220830,170000,362.2,363.9,358.9,359.4,46025,0
DNP,60,20220831,100000,357.1,358,348,348.3,25156,0
DNP,60,20220831,110000,348,350.6,343.5,348.3,40578,0
DNP,60,20220831,120000,348.3,351.5,348.1,349.6,21253,0
DNP,60,20220831,130000,349.8,351.5,348.2,349.5,12301,0
DNP,60,20220831,140000,349.2,349.9,347.1,347.8,15144,0
DNP,60,20220831,150000,347.1,349.7,346.8,349.2,15638,0
DNP,60,20220831,160000,349.2,349.4,346.1,346.5,26297,0
DNP,60,20220831,170000,346.6,347.8,343.7,343.7,205043,0
DNP,60,20220901,100000,340,345.6,335,345,33438,0
DNP,60,20220901,110000,345.5,345.5,338.1,340.4,14101,0
DNP,60,20220901,120000,340.4,343.2,339.2,340,30034,0
DNP,60,20220901,130000,340,341,338.7,340.4,18660,0
DNP,60,20220901,140000,340.3,341,339.3,340.8,17266,0
DNP,60,20220901,150000,340.8,341.2,335.2,335.3,25950,0
DNP,60,20220901,160000,335.3,342.9,328.5,342.1,98186,0
DNP,60,20220901,170000,342.4,342.9,333.4,335.5,68466,0
DNP,60,20220902,100000,337.1,337.1,328,333.2,32214,0
DNP,60,20220902,110000,332.9,340.8,332.6,340,56955,0
DNP,60,20220902,120000,339.4,341.8,338.5,341.6,17168,0
DNP,60,20220902,130000,341.6,342.3,339.7,340.7,11960,0
DNP,60,20220902,140000,340.6,342.3,340,341.8,8045,0
DNP,60,20220902,150000,341.8,343.5,341,342.7,13549,0
DNP,60,20220902,160000,342.7,342.7,340.2,340.2,19642,0
DNP,60,20220902,170000,340,343,339.7,342.8,32893,0
DNP,60,20220905,100000,340.8,342.5,335.3,336.3,12107,0
DNP,60,20220905,110000,336.7,338.5,335.8,336.3,10079,0
DNP,60,20220905,120000,336.6,339.3,336.6,338.9,6324,0
DNP,60,20220905,130000,338.6,341.2,338,340.7,20876,0
DNP,60,20220905,140000,340.7,340.8,337.2,339.5,9596,0
DNP,60,20220905,150000,339.8,341.5,339.5,340.5,4308,0
DNP,60,20220905,160000,340.9,341.5,338.4,339.5,10902,0
DNP,60,20220905,170000,339.5,340.9,338.3,339.3,26531,0
DNP,60,20220906,100000,339.3,339.3,334.7,335.2,9037,0
DNP,60,20220906,110000,335.2,337.2,334.4,336.8,9558,0
DNP,60,20220906,120000,337,338.5,335.3,338.2,7267,0
DNP,60,20220906,130000,338,338,336.3,336.6,7191,0
DNP,60,20220906,140000,336.5,336.8,335,336,6033,0
DNP,60,20220906,150000,336,336.1,333.6,335.4,8092,0
DNP,60,20220906,160000,335.4,340.5,335.2,336,25223,0
DNP,60,20220906,170000,336,336.4,327,329.7,70058,0
DNP,60,20220907,100000,325,334,322,330.5,14134,0
DNP,60,20220907,110000,330,341.2,330,340,18141,0
DNP,60,20220907,120000,340,340,336.2,338.6,7054,0
DNP,60,20220907,130000,338.6,340.3,336.6,339.6,14679,0
DNP,60,20220907,140000,339.2,341.6,338.6,341.6,8903,0
DNP,60,20220907,150000,341.6,342.1,337.7,338.6,13042,0
DNP,60,20220907,160000,338.5,342.5,338.5,340,17269,0
DNP,60,20220907,170000,338.9,340.5,337.2,340.5,38732,0
DNP,60,20220908,100000,339.3,341.5,337.6,339.7,6763,0
DNP,60,20220908,110000,340.2,341.5,338.7,340.5,4534,0
DNP,60,20220908,120000,340.9,340.9,339.1,340,9574,0
DNP,60,20220908,130000,340,340,338.1,338.7,4112,0
DNP,60,20220908,140000,338.7,341.3,338.3,339.3,5533,0
DNP,60,20220908,150000,339.8,340,337.1,337.1,12539,0
DNP,60,20220908,160000,337.1,339.9,337.1,338.4,17242,0
DNP,60,20220908,170000,338.4,341,337.9,339,29605,0
DNP,60,20220909,100000,342.8,342.8,329.5,331.4,30684,0
DNP,60,20220909,110000,331.4,337.1,331.4,335.8,33681,0
DNP,60,20220909,120000,335.6,339.4,335.4,337.2,63250,0
DNP,60,20220909,130000,337.4,338,335,335.9,66421,0
DNP,60,20220909,140000,335.3,336.1,334.7,335.8,9096,0
DNP,60,20220909,150000,335.6,342.4,335.5,339.2,9848,0
DNP,60,20220909,160000,339.5,341.2,337.9,339.7,21213,0
DNP,60,20220909,170000,339.8,345.5,339.5,345.1,45462,0
DNP,60,20220912,100000,343,347.9,342.4,342.8,23168,0
DNP,60,20220912,110000,342.8,347.6,342.4,342.5,22687,0
DNP,60,20220912,120000,342.5,343.9,339.5,341.9,22900,0
DNP,60,20220912,130000,341.9,347.2,341.8,344.7,12537,0
DNP,60,20220912,140000,344.7,346.6,343.1,345.8,13661,0
DNP,60,20220912,150000,345.8,345.8,343.2,345,19875,0
DNP,60,20220912,160000,345,351.4,344.9,350.8,16525,0
DNP,60,20220912,170000,351.1,353.1,348.4,351.9,62853,0
DNP,60,20220913,100000,352,352.4,349,350.5,8190,0
DNP,60,20220913,110000,350.4,351.1,348,348.5,6264,0
DNP,60,20220913,120000,348.1,349.8,348,349.2,7748,0
DNP,60,20220913,130000,349,350.9,348.7,350.9,3570,0
DNP,60,20220913,140000,350.6,351,348.1,349.9,6877,0
DNP,60,20220913,150000,349.8,350.5,341.9,343.3,14940,0
DNP,60,20220913,160000,343.3,344.9,341.6,342.7,15508,0
DNP,60,20220913,170000,342.7,345.1,340.3,342.2,34324,0
DNP,60,20220914,100000,342.6,346.3,340.5,344.4,15348,0
DNP,60,20220914,110000,345,348.4,344.5,346.2,16603,0
DNP,60,20220914,120000,345.6,348.4,341,341,13724,0
DNP,60,20220914,130000,341.8,346.1,340.6,343.2,13373,0
DNP,60,20220914,140000,343.1,343.1,340.5,341.8,16815,0
DNP,60,20220914,150000,342,344,341.1,342.4,16983,0
DNP,60,20220914,160000,341.9,347.2,341.9,343.5,21273,0
DNP,60,20220914,170000,343.6,346.4,340.6,344.2,70257,0
DNP,60,20220915,100000,342,344.6,339,341.8,14733,0
DNP,60,20220915,110000,342.5,346.5,341.5,343.9,21372,0
DNP,60,20220915,120000,343.9,347.1,343,346.5,17157,0
DNP,60,20220915,130000,346.6,350.9,346.6,349.9,14365,0
DNP,60,20220915,140000,350.3,352.6,349.4,351.7,14502,0
DNP,60,20220915,150000,351.8,352.8,349.9,352.4,25840,0
DNP,60,20220915,160000,352.5,356,352.1,354.6,37120,0
DNP,60,20220915,170000,354.8,357.6,351.6,351.6,87501,0
DNP,60,20220916,100000,348.2,356,347,355,28376,0
DNP,60,20220916,110000,354.9,356.7,352,356.4,17860,0
DNP,60,20220916,120000,356.5,360.5,356,359.1,28541,0
DNP,60,20220916,130000,359.1,359.4,356,356.9,23663,0
DNP,60,20220916,140000,356.9,357.4,353.7,356,26831,0
DNP,60,20220916,150000,356,357.2,352,352.4,24745,0
DNP,60,20220916,160000,352.5,355.5,347.6,349,55368,0
DNP,60,20220916,170000,349.6,352.6,348.6,350.3,463822,0
DNP,60,20220919,100000,348.2,350,341.8,346.1,12853,0
DNP,60,20220919,110000,346.1,348.6,340.1,342,16174,0
DNP,60,20220919,120000,342,342.8,341.1,342.4,1622,0
DNP,60,20220919,130000,342.3,343.6,340.8,341.3,2712,0
DNP,60,20220919,140000,341.3,343,340.2,340.2,3933,0
DNP,60,20220919,150000,340.2,344.7,340.2,343.3,6277,0
DNP,60,20220919,160000,343.5,347.5,343.3,345.6,7535,0
DNP,60,20220919,170000,345.9,349.2,345.1,345.2,267095,0
DNP,60,20220920,100000,346.9,350.7,343.3,343.4,14108,0
DNP,60,20220920,110000,344.1,348.6,343.7,346.7,9642,0
DNP,60,20220920,120000,347.2,349,344.2,347.6,9273,0
DNP,60,20220920,130000,347.3,347.3,340.6,340.6,6927,0
DNP,60,20220920,140000,341.4,343,338,341.6,14869,0
DNP,60,20220920,150000,341.7,344.9,341.7,343.3,5766,0
DNP,60,20220920,160000,343,346,343,344.7,13782,0
DNP,60,20220920,170000,345,346.6,342.1,343.2,53614,0
DNP,60,20220921,100000,345,345,340,341.4,3949,0
DNP,60,20220921,110000,341.4,342.5,338,338.3,6404,0
DNP,60,20220921,120000,338.7,339.4,334.3,338.9,9659,0
DNP,60,20220921,130000,339,341.4,337.9,340.6,9779,0
DNP,60,20220921,140000,340,340,338,338.3,3771,0
DNP,60,20220921,150000,338.2,340.7,337.4,340.3,9136,0
DNP,60,20220921,160000,340.8,345.8,340.8,345.6,14205,0
DNP,60,20220921,170000,345.1,349.5,344.7,346.6,76409,0
DNP,60,20220922,100000,340.8,341,337,337.8,22528,0
DNP,60,20220922,110000,337.8,344.1,337.3,342,19866,0
DNP,60,20220922,120000,342,342.1,339.1,339.7,5850,0
DNP,60,20220922,130000,339.4,340.9,339.3,339.8,7297,0
DNP,60,20220922,140000,340.2,340.5,338.1,339.8,20219,0
DNP,60,20220922,150000,340.1,341.2,336.2,340.7,16597,0
DNP,60,20220922,160000,340.7,341.6,339.8,340.3,8037,0
DNP,60,20220922,170000,340.3,345,340.3,343.1,38388,0
DNP,60,20220923,100000,339.4,339.5,330.1,332.1,29413,0
DNP,60,20220923,110000,332.1,333.9,330.2,330.3,13186,0
DNP,60,20220923,120000,330,330.5,323.1,327.2,32930,0
DNP,60,20220923,130000,327,328.8,326.6,328.2,14789,0
DNP,60,20220923,140000,328.2,329.3,327.5,328.8,8816,0
DNP,60,20220923,150000,328.8,328.8,324,326,20546,0
DNP,60,20220923,160000,325.8,325.8,316.8,317.6,58381,0
DNP,60,20220923,170000,317.7,323.2,317.7,320,79201,0
DNP,60,20220926,100000,317.5,324.5,310,322.5,52956,0
DNP,60,20220926,110000,322.5,325,318.1,318.9,25702,0
DNP,60,20220926,120000,318.9,321.3,316.9,319.5,24810,0
DNP,60,20220926,130000,319.4,325,319.4,320.6,34831,0
DNP,60,20220926,140000,320.6,321.2,314.6,316.8,28326,0
DNP,60,20220926,150000,316.9,320.6,316.5,320,38207,0
DNP,60,20220926,160000,319.9,321.9,317.2,321.4,37578,0
DNP,60,20220926,170000,321.8,324.2,317.1,321.5,117964,0
DNP,60,20220927,100000,325.4,326,318.3,321.6,53069,0
DNP,60,20220927,110000,321.4,322.1,320,320,21484,0
DNP,60,20220927,120000,320,320.5,316.7,319.9,15996,0
DNP,60,20220927,130000,320,321.6,319.4,319.7,8256,0
DNP,60,20220927,140000,319.4,321.9,319.4,321.5,12363,0
DNP,60,20220927,150000,321.5,323.1,320.1,320.7,18314,0
DNP,60,20220927,160000,320.6,324.9,319.8,323.5,26014,0
DNP,60,20220927,170000,323,326.4,320.4,325.4,110387,0
DNP,60,20220928,100000,323.5,323.6,317,320.1,25714,0
DNP,60,20220928,110000,320.3,320.9,319.5,319.5,11492,0
DNP,60,20220928,120000,319.5,320.9,317.6,317.6,17632,0
DNP,60,20220928,130000,318.1,320.8,316.5,316.8,13109,0
DNP,60,20220928,140000,316.8,317.7,313.1,316.8,15054,0
DNP,60,20220928,150000,316.6,320.5,316.5,320.4,18978,0
DNP,60,20220928,160000,320,320.1,317.4,317.7,27167,0
DNP,60,20220928,170000,317.7,319.1,317,318.1,124029,0
DNP,60,20220929,100000,320,323.5,307.6,308.6,50457,0
DNP,60,20220929,110000,308.7,310.9,305.8,307.9,20100,0
DNP,60,20220929,120000,307.7,309,306.6,306.6,13777,0
DNP,60,20220929,130000,306.6,307,305,305.9,15093,0
DNP,60,20220929,140000,305.9,307.2,301.9,303.4,27108,0
DNP,60,20220929,150000,303.3,304.2,297.1,300.6,87853,0
DNP,60,20220929,160000,300.6,305.6,300.1,301.6,115642,0
DNP,60,20220929,170000,301.7,303,299.5,303,101877,0
DNP,60,20220930,100000,305,306.3,298.9,299.9,33724,0
DNP,60,20220930,110000,300,300,294.6,296.8,25878,0
DNP,60,20220930,120000,297.2,300.1,295.6,298.7,51674,0
DNP,60,20220930,130000,299,301.9,298.3,300.7,79044,0
DNP,60,20220930,140000,300.9,302.1,299.3,299.9,43933,0
DNP,60,20220930,150000,300,301.1,298.9,300.8,47284,0
DNP,60,20220930,160000,300.9,301.7,299.9,301,48813,0
DNP,60,20220930,170000,301.1,302,299.8,302,99564,0
DNP,60,20221003,100000,298.1,299.5,291.9,295,23596,0
DNP,60,20221003,110000,294.5,295.6,292,294.6,27088,0
DNP,60,20221003,120000,294.7,296.7,291.1,295.6,27197,0
DNP,60,20221003,130000,295.2,296.4,293,295.8,21037,0
DNP,60,20221003,140000,294.6,298.9,293.1,298.8,30957,0
DNP,60,20221003,150000,298.6,300.7,296.8,298.1,19056,0
DNP,60,20221003,160000,297.6,300.7,296.7,298.1,21171,0
DNP,60,20221003,170000,297.7,301.6,296.5,300,64148,0
DNP,60,20221004,100000,305,307.1,303,303.8,47973,0
DNP,60,20221004,110000,303.6,304.5,302,302,21698,0
DNP,60,20221004,120000,301.9,303.8,301,301.9,13616,0
DNP,60,20221004,130000,302.4,304.1,301.9,304,15637,0
DNP,60,20221004,140000,304,305.2,301.2,304.3,116477,0
DNP,60,20221004,150000,304.4,304.8,301.3,303.7,17934,0
DNP,60,20221004,160000,303,306,302.6,305.4,43791,0
DNP,60,20221004,170000,305.4,308,304.1,307.5,113885,0
DNP,60,20221005,100000,307.7,312.9,307.5,308.6,50083,0
DNP,60,20221005,110000,308.6,313.3,308.5,311.7,45717,0
DNP,60,20221005,120000,311.5,312.1,309.3,312.1,15017,0
DNP,60,20221005,130000,312.1,313.4,309.5,311.9,12719,0
DNP,60,20221005,140000,311.9,312.3,309.1,311,22818,0
DNP,60,20221005,150000,309.4,311.6,309,310.2,20752,0
DNP,60,20221005,160000,311.2,311.9,309.1,309.3,25165,0
DNP,60,20221005,170000,309,311.3,307.6,310,134586,0
DNP,60,20221006,100000,310.1,312.7,309.2,312.1,7691,0
DNP,60,20221006,110000,312.6,313.7,311,312.7,15980,0
DNP,60,20221006,120000,312.6,312.6,306.6,306.9,22216,0
DNP,60,20221006,130000,307.8,309.6,307,309.6,2523,0
DNP,60,20221006,140000,310,310.5,308,309,4409,0
DNP,60,20221006,150000,309.1,313.1,308.6,310,18067,0
DNP,60,20221006,160000,310.5,310.8,308.2,308.6,9404,0
DNP,60,20221006,170000,308.6,308.7,303.8,306,49576,0
DNP,60,20221007,100000,307.2,308.5,303.7,305.8,7940,0
DNP,60,20221007,110000,306.2,308,305,306.5,26696,0
DNP,60,20221007,120000,306.9,308.1,305.7,306.2,16354,0
DNP,60,20221007,130000,305.7,306.4,305,305.5,6341,0
DNP,60,20221007,140000,305.4,305.8,303.1,303.1,3815,0
DNP,60,20221007,150000,303.4,305,301.5,303.9,13407,0
DNP,60,20221007,160000,303.9,305.5,303.8,304.1,26275,0
DNP,60,20221007,170000,304.1,306.5,301.5,302.2,51451,0
DNP,60,20221010,100000,298.2,300.8,296.8,300.1,21987,0
DNP,60,20221010,110000,300.3,300.3,296.4,297,10026,0
DNP,60,20221010,120000,297.4,299.7,297.4,297.9,7981,0
DNP,60,20221010,130000,297.9,298.5,295.1,295.8,7570,0
DNP,60,20221010,140000,295.4,295.4,290,290.7,21680,0
DNP,60,20221010,150000,290.4,293.9,290.2,293.6,12370,0
DNP,60,20221010,160000,293.8,293.8,288.9,290.8,32714,0
DNP,60,20221010,170000,290.8,293.7,289.6,291.9,46922,0
DNP,60,20221011,100000,290,292.3,289,289.9,13476,0
DNP,60,20221011,110000,290,291.5,287,287,11996,0
DNP,60,20221011,120000,287.4,289,285.2,286.4,16694,0
DNP,60,20221011,130000,286.3,289.4,285.6,287.8,27113,0
DNP,60,20221011,140000,288,289.7,287,288.2,23599,0
DNP,60,20221011,150000,288.1,291.2,288.1,288.9,25032,0
DNP,60,20221011,160000,288.5,289.8,284.1,285,17837,0
DNP,60,20221011,170000,284.8,287.2,283.3,286.2,74232,0
DNP,60,20221012,100000,286,289.9,282.1,285.2,47390,0
DNP,60,20221012,110000,285,286.1,281.6,282.4,27871,0
DNP,60,20221012,120000,282.1,284.8,281.7,284.1,13207,0
DNP,60,20221012,130000,284.5,284.5,282.4,282.9,7892,0
DNP,60,20221012,140000,283,284.5,282.6,283.4,10195,0
DNP,60,20221012,150000,283.3,285.1,282.3,284.8,24786,0
DNP,60,20221012,160000,285.2,288.7,284.5,287.3,43573,0
DNP,60,20221012,170000,287.6,289.9,285.7,288.5,118663,0
DNP,60,20221013,100000,289,289,285.3,287.1,15638,0
DNP,60,20221013,110000,286.4,287.1,284.2,284.8,30530,0
DNP,60,20221013,120000,284.2,285.8,283.5,285,20056,0
DNP,60,20221013,130000,285.4,286.5,284.4,284.4,13434,0
DNP,60,20221013,140000,284.5,286.5,284.1,286.1,11219,0
DNP,60,20221013,150000,286.1,287.6,283,284,58857,0
DNP,60,20221013,160000,284,286.1,283.3,285,42492,0
DNP,60,20221013,170000,285,288.9,284.5,287,78603,0
DNP,60,20221014,100000,292.7,296.4,291,294,27532,0
DNP,60,20221014,110000,294,295.9,293,295,16362,0
DNP,60,20221014,120000,294.9,295.4,294.3,294.9,10950,0
DNP,60,20221014,130000,294.9,297.4,294.6,295.6,19615,0
DNP,60,20221014,140000,295.4,297.4,294.7,295.5,20365,0
DNP,60,20221014,150000,294.9,296.6,294.8,296.6,8123,0
DNP,60,20221014,160000,296.6,297.4,296,297.1,19715,0
DNP,60,20221014,170000,297,297.2,292.5,296.4,104779,0
DNP,60,20221017,100000,295,295,289.2,290,9822,0
DNP,60,20221017,110000,290,290.9,288.4,290.1,8101,0
DNP,60,20221017,120000,290.3,290.7,285,285.7,28867,0
DNP,60,20221017,130000,285.9,287.8,285.3,286.1,16281,0
DNP,60,20221017,140000,286.2,286.5,285.5,286.3,64576,0
DNP,60,20221017,150000,286.2,287.7,285.9,287.2,28472,0
DNP,60,20221017,160000,287.2,291,286.9,289,41477,0
DNP,60,20221017,170000,289.2,290.7,288.6,289,162040,0
DNP,60,20221018,100000,290,293.3,285.4,286.1,37910,0
DNP,60,20221018,110000,286.3,294,286.2,292.7,63747,0
DNP,60,20221018,120000,292.7,299,292.1,297.6,90840,0
DNP,60,20221018,130000,297.1,298.9,296.5,297.6,11592,0
DNP,60,20221018,140000,297.9,299,296.3,297.2,9697,0
DNP,60,20221018,150000,297.3,302,297.3,301.3,14102,0
DNP,60,20221018,160000,301,301,299.1,299.1,16242,0
DNP,60,20221018,170000,299.1,300.9,297.1,299.2,39697,0
DNP,60,20221019,100000,300.5,300.9,297.4,299.6,11595,0
DNP,60,20221019,110000,300,300.3,296.4,298.1,3522,0
DNP,60,20221019,120000,298.9,298.9,296.2,297.2,3634,0
DNP,60,20221019,130000,297.2,297.9,295.4,295.9,3066,0
DNP,60,20221019,140000,296,296.3,294.6,294.8,6363,0
DNP,60,20221019,150000,294.9,295.6,293.1,294.2,5294,0
DNP,60,20221019,160000,294.9,296.3,294,294,9221,0
DNP,60,20221019,170000,294.1,296.5,293.5,294.4,41246,0
DNP,60,20221020,100000,296.5,296.5,292.5,295.1,14972,0
DNP,60,20221020,110000,295.1,299.7,294.3,297,10596,0
DNP,60,20221020,120000,297.6,300.2,297.6,298.7,6601,0
DNP,60,20221020,130000,298.7,299.3,297.4,298.1,2912,0
DNP,60,20221020,140000,298.1,299.5,298,299.5,5369,0
DNP,60,20221020,150000,299.5,299.9,297.7,298.2,7524,0
DNP,60,20221020,160000,298.1,300,295.7,300,9682,0
DNP,60,20221020,170000,300,301.9,298.6,300.9,122213,0
DNP,60,20221021,100000,297.4,297.4,290.2,294.2,36763,0
DNP,60,20221021,110000,294.2,295.5,292.6,294.7,12630,0
DNP,60,20221021,120000,295,295,292.6,292.8,10315,0
DNP,60,20221021,130000,293,293.4,291.4,292.9,7602,0
DNP,60,20221021,140000,292.9,293.2,290.8,292.1,7768,0
DNP,60,20221021,150000,292,293,289.4,292.3,8968,0
DNP,60,20221021,160000,293,297.9,293,295.5,12124,0
DNP,60,20221021,170000,295.6,298.5,294.9,297.4,55596,0
DNP,60,20221024,100000,297.9,301.4,296,298.2,13092,0
DNP,60,20221024,110000,298.6,300.1,297.3,300.1,14231,0
DNP,60,20221024,120000,300.1,303.1,297.8,302.5,16142,0
DNP,60,20221024,130000,302.5,305.5,301,305.4,11893,0
DNP,60,20221024,140000,305,306.1,303,306.1,63885,0
DNP,60,20221024,150000,305.8,309.8,305.7,309.3,8086,0
DNP,60,20221024,160000,309.8,310.7,307.5,309.4,14280,0
DNP,60,20221024,170000,309.9,309.9,304.5,306.1,71770,0
DNP,60,20221025,100000,309.7,311.3,307.4,311.3,10222,0
DNP,60,20221025,110000,311.2,313.8,310.7,311.2,12715,0
DNP,60,20221025,120000,311.3,312,308.4,309,4982,0
DNP,60,20221025,130000,309,310.9,309,309.8,7020,0
DNP,60,20221025,140000,309.6,309.9,308.1,308.1,5370,0
DNP,60,20221025,150000,308.6,308.6,306.9,307.4,9643,0
DNP,60,20221025,160000,307.7,309.8,307.3,309,12956,0
DNP,60,20221025,170000,309.5,310.3,305.3,308.4,60947,0
DNP,60,20221026,100000,309,314.9,309,314.5,11186,0
DNP,60,20221026,110000,314.7,315,312.4,314.8,11567,0
DNP,60,20221026,120000,315,315,311.1,312.8,16923,0
DNP,60,20221026,130000,312.8,313.8,311.9,312.8,9806,0
DNP,60,20221026,140000,313,313,311,311.3,7357,0
DNP,60,20221026,150000,311.3,312.3,311.2,312.3,13301,0
DNP,60,20221026,160000,312.3,314,312.3,313.5,15896,0
DNP,60,20221026,170000,313.6,320.8,313.5,319.1,55990,0
DNP,60,20221027,100000,320,320.1,314.5,317.3,18186,0
DNP,60,20221027,110000,317.4,320,315.4,315.4,9461,0
DNP,60,20221027,120000,315.4,317.4,314.8,316.7,13968,0
DNP,60,20221027,130000,316.7,317.1,315.1,315.6,8206,0
DNP,60,20221027,140000,315.8,318.2,315.8,317.5,11500,0
DNP,60,20221027,150000,317.2,317.5,316,316.2,10506,0
DNP,60,20221027,160000,316.3,316.8,312.7,314,14414,0
DNP,60,20221027,170000,313.8,318,312.5,316.9,99119,0
DNP,60,20221028,100000,313,313,305.1,305.8,23544,0
DNP,60,20221028,110000,305.7,306.1,303.2,303.8,7192,0
DNP,60,20221028,120000,304.4,304.6,302.5,303.6,8114,0
DNP,60,20221028,130000,304.1,304.3,302.8,302.9,11956,0
DNP,60,20221028,140000,302.9,303.6,302.2,302.2,13154,0
DNP,60,20221028,150000,302.2,302.4,299.1,299.8,19693,0
DNP,60,20221028,160000,299.7,303.4,299.5,302.5,22365,0
DNP,60,20221028,170000,302.5,303,301.6,302.2,58209,0
DNP,60,20221031,100000,303,306.1,301,305.5,10210,0
DNP,60,20221031,110000,305.5,309.5,304.5,308.8,23665,0
DNP,60,20221031,120000,308.5,309.4,306.6,307.2,18287,0
DNP,60,20221031,130000,307.7,311.1,307.3,309.9,11084,0
DNP,60,20221031,140000,309.9,310.3,308.7,308.7,9413,0
DNP,60,20221031,150000,309.1,312,309.1,309.3,23973,0
DNP,60,20221031,160000,309.6,310.2,307,309,26170,0
DNP,60,20221031,170000,308.9,312.7,308.9,312.2,104018,0
DNP,60,20221102,100000,315,321.1,314.3,320.4,41280,0
DNP,60,20221102,110000,320.5,322.6,318.5,320,30949,0
DNP,60,20221102,120000,320.2,325.2,320.2,321.9,19668,0
DNP,60,20221102,130000,321.9,324.4,320.6,323.5,11244,0
DNP,60,20221102,140000,323.3,324.3,321,321.7,11720,0
DNP,60,20221102,150000,321.8,322.7,317.4,318,25487,0
DNP,60,20221102,160000,318.2,318.5,315.7,316.4,18966,0
DNP,60,20221102,170000,316.9,318.8,316,318.3,51393,0
DNP,60,20221103,100000,315.5,316.4,310.7,311.2,10799,0
DNP,60,20221103,110000,311.2,313.6,311.2,312.9,5537,0
DNP,60,20221103,120000,313.1,313.1,309.1,310,8729,0
DNP,60,20221103,130000,310,310,308.7,309.2,6150,0
DNP,60,20221103,140000,309.3,310.1,307.5,307.5,5725,0
DNP,60,20221103,150000,307.5,309.1,306.8,308,6839,0
DNP,60,20221103,160000,308.6,310.1,307.5,309.3,11839,0
DNP,60,20221103,170000,309,311,308.9,310.7,51437,0
DNP,60,20221104,100000,325,331.3,320.5,326,128849,0
DNP,60,20221104,110000,325.5,327.9,324,324.4,18404,0
DNP,60,20221104,120000,324.6,330.2,324.4,329.7,29935,0
DNP,60,20221104,130000,329.7,333.4,328,333.4,24157,0
DNP,60,20221104,140000,333.4,333.7,329.8,333.2,19072,0
DNP,60,20221104,150000,333.2,335.6,330.4,334.7,24502,0
DNP,60,20221104,160000,334.7,334.9,328.5,329.1,57586,0
DNP,60,20221104,170000,329.1,334.2,328.7,333.1,86478,0
DNP,60,20221107,100000,329.9,338.6,329.9,334.7,52790,0
DNP,60,20221107,110000,335.4,335.7,326.5,326.5,28930,0
DNP,60,20221107,120000,326.5,333.6,326.4,333,27059,0
DNP,60,20221107,130000,332.7,333.8,332.5,333,8787,0
DNP,60,20221107,140000,333,333.2,330.7,331.4,9385,0
DNP,60,20221107,150000,331.4,332.5,330.3,331.1,10974,0
DNP,60,20221107,160000,331.1,332,329.1,329.1,18132,0
DNP,60,20221107,170000,329.1,332.2,329.1,330,63937,0
DNP,60,20221108,100000,331.8,333.1,327.6,330.2,13604,0
DNP,60,20221108,110000,330.5,334.8,330.2,334.1,12082,0
DNP,60,20221108,120000,334.1,334.1,328.7,331.5,17082,0
DNP,60,20221108,130000,331.5,335.4,330.3,334.5,16150,0
DNP,60,20221108,140000,335.1,335.8,334.7,335.5,10843,0
DNP,60,20221108,150000,335.5,335.9,332.8,334.3,17322,0
DNP,60,20221108,160000,334.5,337.4,334.2,336.8,19709,0
DNP,60,20221108,170000,336.8,340.9,336.8,340.1,72768,0
DNP,60,20221109,100000,340,340,334.1,335.5,20936,0
DNP,60,20221109,110000,335.9,339.9,335.5,337.9,14706,0
DNP,60,20221109,120000,338.2,344.7,337.5,344.7,21410,0
DNP,60,20221109,130000,344.6,344.6,339,339.9,11915,0
DNP,60,20221109,140000,340.1,341,338.9,341,13219,0
DNP,60,20221109,150000,341,341.3,338,338,14333,0
DNP,60,20221109,160000,338.1,338.1,335.1,336.6,38791,0
DNP,60,20221109,170000,336.7,337.6,335,335.2,63597,0
DNP,60,20221110,100000,335.2,336.4,332.6,333.6,14830,0
DNP,60,20221110,110000,334,335.7,333.2,334.5,8605,0
DNP,60,20221110,120000,335,335.8,334.5,335.5,11915,0
DNP,60,20221110,130000,335.8,338,335.2,337.1,4591,0
DNP,60,20221110,140000,337,337,334.5,335,3055,0
DNP,60,20221110,150000,334.9,342.1,334.3,340.1,24956,0
DNP,60,20221110,160000,340.1,340.6,337.7,340,26359,0
DNP,60,20221110,170000,340,343,339.6,343,144088,0
DNP,60,20221114,100000,343.1,345,339.2,344.3,25773,0
DNP,60,20221114,110000,344.3,348,343.9,347,21241,0
DNP,60,20221114,120000,347,349.9,346.3,349.5,14609,0
DNP,60,20221114,130000,349.5,350.4,348.7,348.7,21514,0
DNP,60,20221114,140000,348.7,357,348.7,356.8,20242,0
DNP,60,20221114,150000,356.7,360.7,355.9,358,28596,0
DNP,60,20221114,160000,358,361.3,357.8,359.6,25011,0
DNP,60,20221114,170000,359.4,360,352.8,355.9,71373,0
DNP,60,20221115,100000,355.1,358.4,353.2,357.7,12796,0
DNP,60,20221115,110000,358.4,361,357.5,359.2,17375,0
DNP,60,20221115,120000,359.3,360,358.2,358.6,6554,0
DNP,60,20221115,130000,358.6,359.4,354.4,356.6,7629,0
DNP,60,20221115,140000,357,357.9,355.2,357.2,7443,0
DNP,60,20221115,150000,357.3,365,357,360.5,23211,0
DNP,60,20221115,160000,361,361,354,354,25051,0
DNP,60,20221115,170000,354.1,359.3,353.2,355.8,65568,0
DNP,60,20221116,100000,355,357.5,349,350.6,18346,0
DNP,60,20221116,110000,350.3,351.2,347.5,348.8,22330,0
DNP,60,20221116,120000,348.4,350.6,348,349.1,14302,0
DNP,60,20221116,130000,349.1,353.8,349.1,351.3,16139,0
DNP,60,20221116,140000,350.8,352.5,350,352.5,11274,0
DNP,60,20221116,150000,352.2,353.8,350.8,352.9,15182,0
DNP,60,20221116,160000,352.8,355,348.4,351.7,35536,0
DNP,60,20221116,170000,351.7,354.6,350.1,352.4,83317,0
DNP,60,20221117,100000,355.5,355.5,349.1,351.9,6398,0
DNP,60,20221117,110000,352,352.9,350,351.5,6772,0
DNP,60,20221117,120000,351,352.6,350.9,351.2,6205,0
DNP,60,20221117,130000,351.7,352.7,351.1,352.5,5418,0
DNP,60,20221117,140000,352.7,353.7,352.5,353.6,5731,0
DNP,60,20221117,150000,353.4,354.5,349.9,353.6,17125,0
DNP,60,20221117,160000,353.6,355.4,352.3,352.6,13824,0
DNP,60,20221117,170000,352.7,354.1,350.2,351.8,56537,0
DNP,60,20221118,100000,354.8,355.5,349.7,355.5,11836,0
DNP,60,20221118,110000,355.8,357.8,353.6,354.7,12867,0
DNP,60,20221118,120000,355.1,357.3,354,355,9648,0
DNP,60,20221118,130000,354.6,356.1,353.3,353.5,5940,0
DNP,60,20221118,140000,353.5,357.4,353.1,357.4,11952,0
DNP,60,20221118,150000,356.3,359.5,356.3,359,8037,0
DNP,60,20221118,160000,359.5,361.8,358.5,358.6,12757,0
DNP,60,20221118,170000,358.8,360.7,355.5,357,51071,0
DNP,60,20221121,100000,358.7,358.7,353.1,353.5,8514,0
DNP,60,20221121,110000,353.5,354.3,351.2,353,13881,0
DNP,60,20221121,120000,352.9,356.4,352.5,355.5,26979,0
DNP,60,20221121,130000,355.5,357,355,356.3,18482,0
DNP,60,20221121,140000,356,356,354.7,355,9139,0
DNP,60,20221121,150000,355,358,354.9,356.8,10812,0
DNP,60,20221121,160000,356.8,357.5,355.8,356.9,14902,0
DNP,60,20221121,170000,357.2,360.5,356.8,359,90238,0
DNP,60,20221122,100000,359.1,366.8,359.1,364.8,29271,0
DNP,60,20221122,110000,364.8,371.3,364.8,370.8,23469,0
DNP,60,20221122,120000,370.9,371.8,367.2,370,62550,0
DNP,60,20221122,130000,370,370,365,367.9,39899,0
DNP,60,20221122,140000,367.6,369.6,366.9,368.9,44782,0
DNP,60,20221122,150000,369.3,370.8,368.3,370.5,17308,0
DNP,60,20221122,160000,370.9,370.9,366.7,368,47015,0
DNP,60,20221122,170000,368,370.5,367.5,368,116254,0
DNP,60,20221123,100000,370,370.1,364,367.8,49511,0
DNP,60,20221123,110000,367.8,368,364.1,364.2,15932,0
DNP,60,20221123,120000,364.2,364.2,361.9,363.2,16154,0
DNP,60,20221123,130000,363.4,365.2,362.8,363.4,14185,0
DNP,60,20221123,140000,363.3,366.3,362.6,365.4,13024,0
DNP,60,20221123,150000,365.5,367.2,364.8,367.2,18588,0
DNP,60,20221123,160000,366.5,367.8,364.3,366.2,18283,0
DNP,60,20221123,170000,366.2,370.4,365.8,368.8,34998,0
DNP,60,20221124,100000,372,372,366.2,368.2,12258,0
DNP,60,20221124,110000,368.5,370.8,368.1,369.8,12236,0
DNP,60,20221124,120000,369.8,371.5,369.4,370.8,15699,0
DNP,60,20221124,130000,370.9,371.6,369,370.3,6965,0
DNP,60,20221124,140000,370.4,371.3,370.3,371.2,5170,0
DNP,60,20221124,150000,371.2,375.6,371,373.3,33611,0
DNP,60,20221124,160000,372.9,374.4,370.7,373.3,96891,0
DNP,60,20221124,170000,373.3,374.4,372.4,373.2,30779,0
DNP,60,20221125,100000,373.8,373.8,363.7,367.2,32895,0
DNP,60,20221125,110000,367.5,369.8,367.5,368.4,7629,0
DNP,60,20221125,120000,368.3,372.2,368.3,369.4,20734,0
DNP,60,20221125,130000,369.9,370.5,368.5,369,5053,0
DNP,60,20221125,140000,369,370.6,368.5,369.3,9204,0
DNP,60,20221125,150000,369.3,369.4,367.5,367.5,5247,0
DNP,60,20221125,160000,367.5,371.6,367.5,370.3,15222,0
DNP,60,20221125,170000,370.3,372.5,369.6,371,31255,0
DNP,60,20221128,100000,369.8,371.4,367.6,371.4,34366,0
DNP,60,20221128,110000,372,372.1,367.5,368.6,13281,0
DNP,60,20221128,120000,368.8,371.6,368.6,370.4,11123,0
DNP,60,20221128,130000,370.1,371.9,369.6,371.4,6820,0
DNP,60,20221128,140000,371,371,369.6,370.1,6882,0
DNP,60,20221128,150000,370.2,372.6,370.1,371.9,12219,0
DNP,60,20221128,160000,372.2,372.4,368.5,369.8,22598,0
DNP,60,20221128,170000,369.9,371,368.2,369,44762,0
DNP,60,20221129,100000,370,371.5,367.4,369.7,41740,0
DNP,60,20221129,110000,369.6,370.5,369,369,11841,0
DNP,60,20221129,120000,369.4,370.5,369,369.8,11508,0
DNP,60,20221129,130000,369.8,369.8,367,368.7,10025,0
DNP,60,20221129,140000,368.8,370.4,368,370,10492,0
DNP,60,20221129,150000,370.4,370.9,369,369.1,10608,0
DNP,60,20221129,160000,369.1,370.6,369,370.4,13213,0
DNP,60,20221129,170000,370.6,372.9,369,370,50747,0
DNP,60,20221130,100000,371.3,371.3,366,368.8,64052,0
DNP,60,20221130,110000,368.8,369.3,367,367.6,14698,0
DNP,60,20221130,120000,367.7,368.5,365.7,368.1,16979,0
DNP,60,20221130,130000,368.1,369,365.6,365.6,36294,0
DNP,60,20221130,140000,365.6,366.1,361.3,363,61443,0
DNP,60,20221130,150000,362.6,363.9,360.3,363.5,31767,0
DNP,60,20221130,160000,363.7,364,360.2,361.4,21793,0
DNP,60,20221130,170000,361,363.8,360.1,363.8,523923,0
DNP,60,20221201,100000,367.6,368,358.9,361.6,21621,0
DNP,60,20221201,110000,362.3,364.4,360.7,364.3,9593,0
DNP,60,20221201,120000,364.3,365.5,362.2,363.3,6004,0
DNP,60,20221201,130000,363.4,364.4,362,362.6,11514,0
DNP,60,20221201,140000,362.6,365.3,362,363.5,13963,0
DNP,60,20221201,150000,363.6,366,362.2,363.1,23108,0
DNP,60,20221201,160000,363.1,364.8,362.7,363.6,15819,0
DNP,60,20221201,170000,363.6,366.1,363.5,365.1,50481,0
DNP,60,20221202,100000,362.1,364,353.3,354.9,70392,0
DNP,60,20221202,110000,354.5,355.8,351.1,352.8,65504,0
DNP,60,20221202,120000,352.6,353,349,350.7,46376,0
DNP,60,20221202,130000,351,354,350.3,353.2,69346,0
DNP,60,20221202,140000,353,354.5,351,353,17619,0
DNP,60,20221202,150000,353.1,355.4,352.1,354,23158,0
DNP,60,20221202,160000,354.3,357,352.9,354.2,23006,0
DNP,60,20221202,170000,354.8,355.4,352.6,354.5,186902,0
DNP,60,20221205,100000,354.5,355.1,350.2,353,13242,0
DNP,60,20221205,110000,352.4,354.7,350.5,354.7,8269,0
DNP,60,20221205,120000,354.2,355.7,351.8,353.8,9893,0
DNP,60,20221205,130000,353.9,354,352.2,352.6,5140,0
DNP,60,20221205,140000,352.6,353.1,351.6,353,8144,0
DNP,60,20221205,150000,353.4,353.4,349.9,350.5,9433,0
DNP,60,20221205,160000,350.5,352.9,349.6,351.9,17546,0
DNP,60,20221205,170000,351.2,352,348.7,350,35776,0
DNP,60,20221206,100000,352.3,353.3,345.2,347.3,11679,0
DNP,60,20221206,110000,346.6,348.6,344.7,348.6,13185,0
DNP,60,20221206,120000,348.9,351.1,348.2,349.8,3094,0
DNP,60,20221206,130000,349.8,353.5,349.8,352.5,5190,0
DNP,60,20221206,140000,352.7,354.8,352.7,353.6,33073,0
DNP,60,20221206,150000,353.6,353.6,350.2,352.6,17100,0
DNP,60,20221206,160000,352.6,354.2,351.7,354.2,7286,0
DNP,60,20221206,170000,354.2,354.2,349.8,351.4,24474,0
DNP,60,20221207,100000,349.3,351.1,344.5,349.7,12026,0
DNP,60,20221207,110000,349.9,350.6,347.9,348.2,6956,0
DNP,60,20221207,120000,348.5,350.5,346.7,350.5,7805,0
DNP,60,20221207,130000,350.3,351.1,349.3,350,4284,0
DNP,60,20221207,140000,350.1,351,349.6,350,5701,0
DNP,60,20221207,150000,350.4,352.1,349.3,351.3,8002,0
DNP,60,20221207,160000,351.2,353.3,350,351.7,14187,0
DNP,60,20221207,170000,351.7,352.8,350.1,351.2,52657,0
DNP,60,20221208,100000,351.7,356.9,351.7,356.2,41836,0
DNP,60,20221208,110000,356.5,358.9,355.6,358,13771,0
DNP,60,20221208,120000,358,358.8,356.2,356.2,8347,0
DNP,60,20221208,130000,356.3,357.1,355,355,8938,0
DNP,60,20221208,140000,355,358.5,355,358.3,7493,0
DNP,60,20221208,150000,358.3,358.5,357.6,358.3,10424,0
DNP,60,20221208,160000,358.4,359,354.1,356,19420,0
DNP,60,20221208,170000,355.5,358.7,354.9,357.4,54609,0
DNP,60,20221209,100000,359.4,366.9,358.7,363.2,37681,0
DNP,60,20221209,110000,362.7,366.9,362.2,366.4,11438,0
DNP,60,20221209,120000,366.4,369,366.4,368.7,13426,0
DNP,60,20221209,130000,368.8,370.7,365.9,368.7,23212,0
DNP,60,20221209,140000,368.7,370.1,368.5,369.6,11072,0
DNP,60,20221209,150000,369.7,369.7,365,369.4,11517,0
DNP,60,20221209,160000,368.8,369.3,364.4,367.4,15233,0
DNP,60,20221209,170000,368,369.1,366.8,369.1,90451,0
DNP,60,20221212,100000,371,371,363.2,365.6,9704,0
DNP,60,20221212,110000,365.6,371,364.8,370.2,21594,0
DNP,60,20221212,120000,370.1,373.6,370.1,372.5,21647,0
DNP,60,20221212,130000,372.5,372.8,370.7,371,13546,0
DNP,60,20221212,140000,371.2,374.7,370.3,373.7,17105,0
DNP,60,20221212,150000,373.5,376.1,373,374.5,30854,0
DNP,60,20221212,160000,374.5,376.5,374.5,375.6,50366,0
DNP,60,20221212,170000,375.9,379.5,375.8,378,66022,0
DNP,60,20221213,100000,375.8,375.9,372,372.3,51223,0
DNP,60,20221213,110000,372.3,373.5,372,372.3,11951,0
DNP,60,20221213,120000,372.5,373.7,372,372.2,9941,0
DNP,60,20221213,130000,372,373.1,371.5,372.8,9987,0
DNP,60,20221213,140000,372.3,375,372,374.2,8072,0
DNP,60,20221213,150000,374.1,379.8,372.3,377.4,25601,0
DNP,60,20221213,160000,377.8,383.3,376.4,382.2,112260,0
DNP,60,20221213,170000,382.2,382.4,376.1,377.5,113112,0
DNP,60,20221214,100000,379.3,385.9,378,382.2,27589,0
DNP,60,20221214,110000,382.2,383.1,380.4,381.4,10021,0
DNP,60,20221214,120000,381.4,382.8,381.2,382.1,10512,0
DNP,60,20221214,130000,382.3,382.9,378.9,378.9,18152,0
DNP,60,20221214,140000,379.6,380.2,377.8,380.2,14971,0
DNP,60,20221214,150000,379.4,380,375.6,376.3,25305,0
DNP,60,20221214,160000,376.8,380,375.1,380,8710,0
DNP,60,20221214,170000,380,381.3,379,380.7,33830,0
DNP,60,20221215,100000,380,383.1,378.1,380.8,32565,0
DNP,60,20221215,110000,380.8,383.2,380,380.7,18262,0
DNP,60,20221215,120000,380.3,381.2,379.8,380.7,14466,0
DNP,60,20221215,130000,380.5,380.5,376.8,378.7,22515,0
DNP,60,20221215,140000,378.8,380.8,378.1,378.1,7278,0
DNP,60,20221215,150000,378.7,379.8,377,377.7,19962,0
DNP,60,20221215,160000,378,378.6,376.2,378.6,23919,0
DNP,60,20221215,170000,378.6,379.6,377.5,378.2,81994,0
DNP,60,20221216,100000,378,378,372.7,373.7,35406,0
DNP,60,20221216,110000,374.3,376.7,371,375.9,46915,0
DNP,60,20221216,120000,375.2,378,373.5,376.5,21658,0
DNP,60,20221216,130000,375.4,377.5,375.3,376,4126,0
DNP,60,20221216,140000,376.3,378.5,376,376.6,7079,0
DNP,60,20221216,150000,376.6,376.9,374.4,375.6,8212,0
DNP,60,20221216,160000,375.9,376,373.7,374.6,30451,0
DNP,60,20221216,170000,374.6,378.2,373,376.2,243595,0
DNP,60,20221219,100000,376,377,373,375.6,25887,0
DNP,60,20221219,110000,375.6,380.9,375.6,380.1,16844,0
DNP,60,20221219,120000,379.8,380.6,377.2,377.2,5009,0
DNP,60,20221219,130000,377.2,378.7,376.8,377.8,6722,0
DNP,60,20221219,140000,377.8,378.3,376.5,378.3,6904,0
DNP,60,20221219,150000,378.4,380.6,377.4,380,11919,0
DNP,60,20221219,160000,380.1,382,379,380.6,16087,0
DNP,60,20221219,170000,380.5,382.6,379.7,380.3,49061,0
DNP,60,20221220,100000,380,382.9,376.7,382.3,11154,0
DNP,60,20221220,110000,382.6,383.9,381.4,383.4,12606,0
DNP,60,20221220,120000,383,384.6,381.9,384.6,4709,0
DNP,60,20221220,130000,384.6,385.6,383.5,385.6,9799,0
DNP,60,20221220,140000,385.6,385.7,384.5,385.1,4753,0
DNP,60,20221220,150000,385,385,383,384.8,8987,0
DNP,60,20221220,160000,384.3,385.4,383.1,385.4,13068,0
DNP,60,20221220,170000,385.4,386,383.5,385.1,52221,0
DNP,60,20221221,100000,385,385.2,382.7,385.2,22013,0
DNP,60,20221221,110000,385.3,386,384.2,384.2,9254,0
DNP,60,20221221,120000,384,387.9,384,385.5,21000,0
DNP,60,20221221,130000,386,386,385.3,385.7,1985,0
DNP,60,20221221,140000,385.7,387,385.1,387,10821,0
DNP,60,20221221,150000,387,387.6,386,387.3,13730,0
DNP,60,20221221,160000,387.3,388.3,386.8,386.8,24122,0
DNP,60,20221221,170000,386.6,388.4,386.6,387.3,23515,0
DNP,60,20221222,100000,387.3,390.3,385.5,386.4,14634,0
DNP,60,20221222,110000,386.4,387.2,385.3,386.4,7012,0
DNP,60,20221222,120000,386.3,387.6,385.1,387.2,6817,0
DNP,60,20221222,130000,387.2,387.2,383.4,384.4,9961,0
DNP,60,20221222,140000,385,386.2,383.9,384.5,9337,0
DNP,60,20221222,150000,384.5,385,382.1,383.8,13491,0
DNP,60,20221222,160000,383.7,385.4,383.4,385.1,12555,0
DNP,60,20221222,170000,385.2,387,381,382,36364,0
DNP,60,20221223,100000,381.9,383,379.5,381.4,7467,0
DNP,60,20221223,110000,381.2,384,381.2,382.1,3654,0
DNP,60,20221223,120000,382.2,382.2,380.7,381.9,1617,0
DNP,60,20221223,130000,381.8,381.8,380.7,381.4,1587,0
DNP,60,20221223,140000,381.5,381.5,379.5,380.5,5581,0
DNP,60,20221223,150000,380.8,381.8,380.2,381.1,8828,0
DNP,60,20221223,160000,381.2,381.6,379.1,379.8,7303,0
DNP,60,20221223,170000,379.8,382.3,379.6,382.1,13759,0
DNP,60,20221227,100000,387.3,387.3,379.2,381.3,11679,0
DNP,60,20221227,110000,380.9,381.2,378.3,379.1,2253,0
DNP,60,20221227,120000,379.1,379.1,377,377.5,2829,0
DNP,60,20221227,130000,377.5,380.8,377.2,380.1,4949,0
DNP,60,20221227,140000,379.8,380.2,378.2,378.2,1710,0
DNP,60,20221227,150000,378.6,379.6,377.8,378.4,2754,0
DNP,60,20221227,160000,378.7,379,376.8,377.7,3639,0
DNP,60,20221227,170000,377.3,377.3,375.4,376.8,13099,0
DNP,60,20221228,100000,376.8,377,372.7,373.1,4974,0
DNP,60,20221228,110000,373.6,374.7,373.1,374,3183,0
DNP,60,20221228,120000,373.9,373.9,372.1,373,10826,0
DNP,60,20221228,130000,372.7,372.8,371.2,372.2,6670,0
DNP,60,20221228,140000,372.2,374.5,372.2,374.4,4214,0
DNP,60,20221228,150000,373.9,374.9,373.2,373.5,5999,0
DNP,60,20221228,160000,374,375.9,372.5,373.8,11061,0
DNP,60,20221228,170000,374.1,377.1,374.1,375,22757,0
DNP,60,20221229,100000,373.1,374.3,373.1,373.3,3789,0
DNP,60,20221229,110000,373.2,373.3,370.6,371.7,9856,0
DNP,60,20221229,120000,371.3,374,370.9,373.5,5900,0
DNP,60,20221229,130000,373.5,375,373.1,373.5,5504,0
DNP,60,20221229,140000,373.2,373.4,372,372.7,3815,0
DNP,60,20221229,150000,373,373.6,372.5,373.1,4329,0
DNP,60,20221229,160000,373.6,376.4,373.2,376.1,8616,0
DNP,60,20221229,170000,376.1,378,374.9,376.7,25553,0
DNP,60,20221230,100000,375.7,376.2,371.6,375.6,6668,0
DNP,60,20221230,110000,375.4,375.5,372.9,373.3,6228,0
DNP,60,20221230,120000,373.2,375.6,372.6,374.8,4705,0
DNP,60,20221230,130000,375.1,376,374.9,375.7,4474,0
DNP,60,20221230,140000,375.5,376.5,374.3,375.5,4986,0
DNP,60,20221230,150000,375.3,377.4,375,375.5,7885,0
DNP,60,20221230,160000,375.2,376.8,373.8,374.9,18921,0
DNP,60,20221230,170000,374.9,376.1,373.3,375.3,39329,0
DNP,60,20230102,100000,375.3,378.2,371.4,377,3306,0
DNP,60,20230102,110000,377,377.2,373.8,374.4,4255,0
DNP,60,20230102,120000,374.4,374.7,372,372,3452,0
DNP,60,20230102,130000,371.7,372.4,370.5,370.7,4769,0
DNP,60,20230102,140000,370.7,371.5,369.9,370.5,6424,0
DNP,60,20230102,150000,370.5,370.5,368.2,368.9,8740,0
DNP,60,20230102,160000,369.1,369.1,368.2,368.2,8381,0
DNP,60,20230102,170000,368.2,369.9,368.2,369.2,15547,0
DNP,60,20230103,100000,370,370.2,361.9,365.7,23767,0
DNP,60,20230103,110000,365.3,367.8,364,366.5,42323,0
DNP,60,20230103,120000,366.4,366.6,364.1,364.2,21477,0
DNP,60,20230103,130000,364.3,365.2,361.2,362,25216,0
DNP,60,20230103,140000,362,362.6,359.5,360.1,31602,0
DNP,60,20230103,150000,360.5,361.6,359.3,361.6,27981,0
DNP,60,20230103,160000,361.6,362,359.5,359.7,27806,0
DNP,60,20230103,170000,359.7,360.6,357,359.4,70071,0
DNP,60,20230104,100000,362.9,363.2,355.1,355.4,50711,0
DNP,60,20230104,110000,355.5,357.5,354.2,355.1,25054,0
DNP,60,20230104,120000,355.1,358.4,354.8,356.9,29717,0
DNP,60,20230104,130000,356.9,363,356.9,363,64958,0
DNP,60,20230104,140000,363,367.3,363,364.2,19057,0
DNP,60,20230104,150000,364.1,365.3,362.4,363.6,32693,0
DNP,60,20230104,160000,363.3,364.5,362,364,41702,0
DNP,60,20230104,170000,363.6,364,359.5,360,75925,0
DNP,60,20230105,100000,360,360,354.3,356.7,23724,0
DNP,60,20230105,110000,356.7,359,355.4,358,18546,0
DNP,60,20230105,120000,357.8,363.5,357.3,361,10991,0
DNP,60,20230105,130000,361,361.3,357,357.9,18138,0
DNP,60,20230105,140000,357.9,358.5,355.2,355.7,17472,0
DNP,60,20230105,150000,355.2,356,353,353.3,26855,0
DNP,60,20230105,160000,353.5,356.1,351.4,352.8,44871,0
DNP,60,20230105,170000,353,355,352.6,352.8,72952,0
DNP,60,20230109,100000,352.2,359,351.1,358.1,30868,0
DNP,60,20230109,110000,357.3,361.3,357.1,359.9,15700,0
DNP,60,20230109,120000,359.9,364,359.9,361,28829,0
DNP,60,20230109,130000,361,361.4,358.4,359.3,9646,0
DNP,60,20230109,140000,359,361,357.1,357.5,10787,0
DNP,60,20230109,150000,357.6,358,355.6,356.9,12186,0
DNP,60,20230109,160000,357,359.9,355,359.7,26692,0
DNP,60,20230109,170000,359.7,365.8,359.1,365.3,61009,0
DNP,60,20230110,100000,364.9,366,360.2,363.2,55139,0
DNP,60,20230110,110000,363,366.4,363,366.4,22970,0
DNP,60,20230110,120000,366.2,366.9,365.3,366,8291,0
DNP,60,20230110,130000,366.1,366.7,364.2,364.8,12723,0
DNP,60,20230110,140000,364.8,366,364.6,366,9507,0
DNP,60,20230110,150000,365.8,367.3,365.8,366.9,14727,0
DNP,60,20230110,160000,366.8,367.2,362.4,363.9,32218,0
DNP,60,20230110,170000,363.2,367.6,363,365,81139,0
DNP,60,20230111,100000,364.6,369.4,362,368.8,14562,0
DNP,60,20230111,110000,369.1,369.7,366.8,367.3,7768,0
DNP,60,20230111,120000,367.3,368,366.9,367.7,5677,0
DNP,60,20230111,130000,367.3,368,366.3,366.8,4906,0
DNP,60,20230111,140000,366.6,367.9,366.6,367.7,5164,0
DNP,60,20230111,150000,367.6,368.3,366.8,367.8,5249,0
DNP,60,20230111,160000,367.3,367.8,361.4,362.9,17829,0
DNP,60,20230111,170000,363.1,368.6,362.7,365.2,42255,0
DNP,60,20230112,100000,367.2,368.8,364.3,368.7,14507,0
DNP,60,20230112,110000,368.8,373,368.8,373,22854,0
DNP,60,20230112,120000,373,373.7,368.5,369.1,11903,0
DNP,60,20230112,130000,369.5,371,367.8,368.1,10019,0
DNP,60,20230112,140000,368.5,369,366.3,368.9,11302,0
DNP,60,20230112,150000,368.7,369.8,365.8,368.2,9748,0
DNP,60,20230112,160000,368.5,369,363.3,366.3,14582,0
DNP,60,20230112,170000,366.4,367.7,365.3,366.1,21874,0
DNP,60,20230113,100000,366.7,369.4,365.4,367,12997,0
DNP,60,20230113,110000,366.8,369.4,366.5,369.3,10559,0
DNP,60,20230113,120000,368.8,371,368.7,369.2,7706,0
DNP,60,20230113,130000,368.8,369.6,367.8,369.4,5956,0
DNP,60,20230113,140000,369,369.3,368.3,369,7514,0
DNP,60,20230113,150000,368.7,368.7,365.6,366.6,6897,0
DNP,60,20230113,160000,366.8,367,363,367,13363,0
DNP,60,20230113,170000,367,367.2,363.4,363.5,41565,0
DNP,60,20230116,100000,366.9,368,361.5,362.4,6547,0
DNP,60,20230116,110000,361.7,362.2,358,358.3,8590,0
DNP,60,20230116,120000,358.8,361.5,358.3,361,8257,0
DNP,60,20230116,130000,360.5,363,359.3,363,7302,0
DNP,60,20230116,140000,363.6,364.6,361.4,364.3,6675,0
DNP,60,20230116,150000,364.3,366,362.7,366,6479,0
DNP,60,20230116,160000,366,369.8,365.1,369.8,14315,0
DNP,60,20230116,170000,369.9,369.9,366.4,368.6,26403,0
DNP,60,20230117,100000,368,369.2,366,368.4,2674,0
DNP,60,20230117,110000,368.6,370.6,368.4,369.7,11267,0
DNP,60,20230117,120000,370,370,366,366.5,6043,0
DNP,60,20230117,130000,366.4,367.3,363.5,364.7,9200,0
DNP,60,20230117,140000,365.1,365.2,361.7,362.4,6752,0
DNP,60,20230117,150000,362.4,363.3,361.7,362.7,10756,0
DNP,60,20230117,160000,362.7,364.8,362.3,364,12291,0
DNP,60,20230117,170000,364,365.6,363,363,42924,0
DNP,60,20230118,100000,363,370,363,369.9,19044,0
DNP,60,20230118,110000,369.9,370,367.1,367.7,17355,0
DNP,60,20230118,120000,367.4,367.7,362.2,363,15760,0
DNP,60,20230118,130000,362.7,363.8,361.5,363,14513,0
DNP,60,20230118,140000,363.2,365.6,362.3,364.3,20215,0
DNP,60,20230118,150000,364.3,366.9,364.3,365.1,21631,0
DNP,60,20230118,160000,365.5,367.2,362.6,362.7,24890,0
DNP,60,20230118,170000,362.7,363.7,361.6,361.9,50444,0
DNP,60,20230119,100000,364,364,356.8,358.6,8015,0
DNP,60,20230119,110000,359.1,362.6,358.4,358.8,7386,0
DNP,60,20230119,120000,358.6,359.1,355.1,356.7,14565,0
DNP,60,20230119,130000,356.1,356.6,353.8,354.5,5799,0
DNP,60,20230119,140000,354.4,356.4,353.9,355.7,13897,0
DNP,60,20230119,150000,355.2,356.1,352.4,353.1,14245,0
DNP,60,20230119,160000,353.1,356,351.6,353.8,45684,0
DNP,60,20230119,170000,353.8,354.9,353,354.7,68583,0
DNP,60,20230120,100000,356.9,356.9,351.9,354.6,9709,0
DNP,60,20230120,110000,354.2,356.3,354.1,355.3,10059,0
DNP,60,20230120,120000,355.3,355.7,354.1,355,5576,0
DNP,60,20230120,130000,354.7,356,354.3,355.1,5130,0
DNP,60,20230120,140000,355,360.8,354.7,360.3,7908,0
DNP,60,20230120,150000,360.2,361.8,360,361.2,15934,0
DNP,60,20230120,160000,360.8,362.2,360.3,361.4,14157,0
DNP,60,20230120,170000,361.4,364,360.2,363.9,83983,0
DNP,60,20230123,100000,364.4,367.7,364.2,367.7,10622,0
DNP,60,20230123,110000,367.4,367.7,365.8,367.7,10820,0
DNP,60,20230123,120000,367.6,369.3,366.9,369.3,9349,0
DNP,60,20230123,130000,369.3,369.5,365.8,367.2,10303,0
DNP,60,20230123,140000,367.2,369.8,366.6,369.2,17821,0
DNP,60,20230123,150000,369.1,369.6,367.6,368.9,8577,0
DNP,60,20230123,160000,369,370.8,368.2,369.8,15594,0
DNP,60,20230123,170000,369.8,371.6,369.6,370.3,28368,0
DNP,60,20230124,100000,373,374.9,372.2,374.8,13938,0
DNP,60,20230124,110000,374.5,377.9,374.4,376.9,31322,0
DNP,60,20230124,120000,376.8,376.8,374.6,375.7,10196,0
DNP,60,20230124,130000,375.6,376,374.9,375.8,4956,0
DNP,60,20230124,140000,375.8,376.3,374.2,374.2,6233,0
DNP,60,20230124,150000,374.2,375.3,373.3,374.6,6544,0
DNP,60,20230124,160000,374.9,375.9,373.8,374.7,14549,0
DNP,60,20230124,170000,374.7,374.9,372.5,374.1,22359,0
DNP,60,20230125,100000,374.7,379.6,371.4,379.2,26201,0
DNP,60,20230125,110000,379.2,380.3,377.7,377.9,26511,0
DNP,60,20230125,120000,378,378.5,374.5,374.7,18723,0
DNP,60,20230125,130000,374.5,375.7,373.2,375.7,11992,0
DNP,60,20230125,140000,375.5,378,375.5,376.8,8259,0
DNP,60,20230125,150000,376.6,376.6,374.5,375.2,8600,0
DNP,60,20230125,160000,375.1,376,374.4,374.9,10434,0
DNP,60,20230125,170000,375,375.5,373.8,375.4,146737,0
DNP,60,20230126,100000,379.9,387.6,379.6,385.2,58952,0
DNP,60,20230126,110000,385.3,385.5,382.2,385.5,43010,0
DNP,60,20230126,120000,385.5,385.6,383.6,383.9,7341,0
DNP,60,20230126,130000,383.9,384.7,383,383.6,7955,0
DNP,60,20230126,140000,383.6,387.6,383.5,387.6,49910,0
DNP,60,20230126,150000,387.4,391,387.4,390.4,25391,0
DNP,60,20230126,160000,390,391.1,387.4,387.4,26933,0
DNP,60,20230126,170000,387.9,388,385.7,386.4,50034,0
DNP,60,20230127,100000,386.7,390,384.1,388.4,9724,0
DNP,60,20230127,110000,387.9,389.1,386,386.3,7125,0
DNP,60,20230127,120000,386.2,386.9,384.8,386.6,8867,0
DNP,60,20230127,130000,386.3,388.1,385,385.8,9152,0
DNP,60,20230127,140000,385.6,385.6,384.9,385,3686,0
DNP,60,20230127,150000,385.3,386.8,385,386.1,10207,0
DNP,60,20230127,160000,386.5,387.7,386,387.1,14260,0
DNP,60,20230127,170000,387.2,389,385.6,387.2,39806,0
DNP,60,20230130,100000,388.4,389.2,382.9,387.9,19144,0
DNP,60,20230130,110000,387.9,388.2,384.6,386.7,20108,0
DNP,60,20230130,120000,386.7,386.9,384.8,385.6,54943,0
DNP,60,20230130,130000,385.2,388.8,385,388.4,6214,0
DNP,60,20230130,140000,388.5,390.6,388.2,389.3,9255,0
DNP,60,20230130,150000,389.3,390.4,388.3,389.5,8303,0
DNP,60,20230130,160000,389.5,392,389.1,391.2,20950,0
DNP,60,20230130,170000,391.3,393.1,390.7,392.6,66579,0
DNP,60,20230131,100000,392.7,392.7,385.1,386.6,23802,0
DNP,60,20230131,110000,386.5,387.6,383.9,384.6,20363,0
DNP,60,20230131,120000,384.6,387.2,384.1,385.2,16475,0
DNP,60,20230131,130000,385,386.2,384.7,385.8,11355,0
DNP,60,20230131,140000,385.5,390.9,385.5,390,18652,0
DNP,60,20230131,150000,390.3,391.1,387.7,391.1,25264,0
DNP,60,20230131,160000,390.9,393.5,389.6,393.5,28645,0
DNP,60,20230131,170000,393.4,394.6,389.4,391.1,118431,0
DNP,60,20230201,100000,392,392,384.9,391,34839,0
DNP,60,20230201,110000,391,393.9,390.3,390.9,60431,0
DNP,60,20230201,120000,391.2,391.6,384.7,385.1,38229,0
DNP,60,20230201,130000,385.2,385.9,381.4,384.1,49029,0
DNP,60,20230201,140000,384.2,387.3,384,386.2,13138,0
DNP,60,20230201,150000,386.3,387,384.5,384.5,20339,0
DNP,60,20230201,160000,384.5,386.6,382.6,383.8,33005,0
DNP,60,20230201,170000,383.7,384.5,379.9,380.4,83937,0
DNP,60,20230202,100000,385.8,388,380.9,382.1,23947,0
DNP,60,20230202,110000,381.7,383.4,378.9,382.3,33659,0
DNP,60,20230202,120000,382.7,383.7,379.4,379.9,13671,0
DNP,60,20230202,130000,379.9,381.2,377.7,379.6,8539,0
DNP,60,20230202,140000,379.6,383.7,379.6,382.6,19545,0
DNP,60,20230202,150000,382.4,383,381,382.4,10970,0
DNP,60,20230202,160000,382.6,383.7,381,383.2,19258,0
DNP,60,20230202,170000,383.3,383.6,379.6,380,87157,0
DNP,60,20230203,100000,388,392.9,383,386.4,45166,0
DNP,60,20230203,110000,386.4,389.6,384.2,389.1,18984,0
DNP,60,20230203,120000,388.9,390.6,387.4,389,31496,0
DNP,60,20230203,130000,388.6,388.7,382.4,383.6,16487,0
DNP,60,20230203,140000,383.6,384,380.7,381.5,10999,0
DNP,60,20230203,150000,381.2,383,379.2,380.4,16585,0
DNP,60,20230203,160000,379.8,382.5,379.8,382,13274,0
DNP,60,20230203,170000,381.5,386.6,380.3,385.9,42416,0
DNP,60,20230206,100000,387.7,387.7,380.4,385,15125,0
DNP,60,20230206,110000,385,385.6,382,382.9,14492,0
DNP,60,20230206,120000,382.9,382.9,379.5,381.7,20684,0
DNP,60,20230206,130000,382.3,383.9,380.6,381,23115,0
DNP,60,20230206,140000,381,383.6,381,382.7,12628,0
DNP,60,20230206,150000,382.8,383.8,381.5,382.1,15780,0
DNP,60,20230206,160000,382,383.2,381.6,382.7,16790,0
DNP,60,20230206,170000,382.5,383,379.5,379.5,64616,0
DNP,60,20230207,100000,385.2,388,384,385.7,16932,0
DNP,60,20230207,110000,385.2,386,384.4,385.3,8211,0
DNP,60,20230207,120000,385.2,385.4,383.2,383.7,9508,0
DNP,60,20230207,130000,383.9,383.9,382,382.9,11190,0
DNP,60,20230207,140000,382.8,385.9,382.8,385.9,12506,0
DNP,60,20230207,150000,385.9,386,384.2,385.3,10203,0
DNP,60,20230207,160000,385.4,385.4,381.8,381.8,13038,0
DNP,60,20230207,170000,382.1,384.8,381.1,382.4,41614,0
DNP,60,20230208,100000,384.2,385.9,381.5,384.7,8036,0
DNP,60,20230208,110000,384.8,385.7,383,383,12959,0
DNP,60,20230208,120000,383.2,383.3,378.7,380.8,10168,0
DNP,60,20230208,130000,380.8,383.5,380.4,383,5707,0
DNP,60,20230208,140000,382.7,383.1,381.7,381.8,7017,0
DNP,60,20230208,150000,382,382,378.9,378.9,12109,0
DNP,60,20230208,160000,378.8,379.7,376.1,377.7,15475,0
DNP,60,20230208,170000,377.9,379.2,375.9,376.9,49897,0
DNP,60,20230209,100000,380,382.9,379.8,379.8,8962,0
DNP,60,20230209,110000,379.6,381.5,379.4,380.3,12298,0
DNP,60,20230209,120000,380.3,382.2,380,380.9,16822,0
DNP,60,20230209,130000,380.9,380.9,376,376.3,10746,0
DNP,60,20230209,140000,376.1,377.5,373.5,375.3,12403,0
DNP,60,20230209,150000,375.4,376.3,374.1,375.8,7880,0
DNP,60,20230209,160000,375.8,377.5,374.1,374.7,28517,0
DNP,60,20230209,170000,374.7,376.2,374.4,376,46260,0
DNP,60,20230210,100000,376.6,376.9,372.3,373,10795,0
DNP,60,20230210,110000,373,373.6,370.4,370.8,18151,0
DNP,60,20230210,120000,370.4,371,365.5,366.1,24291,0
DNP,60,20230210,130000,365.9,365.9,362.5,363.2,46945,0
DNP,60,20230210,140000,363.3,368.9,362.6,367.3,33585,0
DNP,60,20230210,150000,367.2,368.4,366.3,366.7,15038,0
DNP,60,20230210,160000,366.7,367.4,364.1,364.5,27381,0
DNP,60,20230210,170000,364.3,366.2,363.7,365.5,48203,0
DNP,60,20230213,100000,368.3,370.7,365.2,365.8,10494,0
DNP,60,20230213,110000,365.3,366.2,363.8,364.7,9451,0
DNP,60,20230213,120000,364.7,365.3,361.4,361.4,7695,0
DNP,60,20230213,130000,361.9,364.1,361.9,363.8,2522,0
DNP,60,20230213,140000,363.5,365,363,363.6,4315,0
DNP,60,20230213,150000,363.6,365.7,362.8,365,5792,0
DNP,60,20230213,160000,364.9,365.3,363.1,365.2,9097,0
DNP,60,20230213,170000,364.9,366.7,363.8,364,51493,0
DNP,60,20230214,100000,369.6,370.8,362,363.7,11405,0
DNP,60,20230214,110000,363.7,365.5,361.5,362.6,15109,0
DNP,60,20230214,120000,362.6,365.8,362.6,364.1,12171,0
DNP,60,20230214,130000,364.5,364.9,362.6,362.9,7965,0
DNP,60,20230214,140000,362.9,363.2,361.2,362.3,8985,0
DNP,60,20230214,150000,362.4,362.9,358.9,359.2,18346,0
DNP,60,20230214,160000,359.2,361.5,358.6,361.3,16089,0
DNP,60,20230214,170000,361.5,361.8,357.1,359.3,62465,0
DNP,60,20230215,100000,357.2,363.3,357.2,361.7,11589,0
DNP,60,20230215,110000,361.7,365.8,361.7,364.2,15503,0
DNP,60,20230215,120000,364.1,366.3,362.8,365.6,15431,0
DNP,60,20230215,130000,365.7,369.6,363.9,368.8,33742,0
DNP,60,20230215,140000,369.3,370.9,368.5,370.1,10896,0
DNP,60,20230215,150000,369.7,370.4,368.3,369.2,11615,0
DNP,60,20230215,160000,369.3,369.4,367.4,367.7,22340,0
DNP,60,20230215,170000,368.1,371.9,367.2,370,125986,0
DNP,60,20230216,100000,372,373,368.7,371,5719,0
DNP,60,20230216,110000,370.5,371.2,367.9,368,7840,0
DNP,60,20230216,120000,368,369.4,367.2,367.8,4353,0
DNP,60,20230216,130000,367.9,368.5,367.2,367.9,5375,0
DNP,60,20230216,140000,367.8,368.4,366.1,366.3,7790,0
DNP,60,20230216,150000,366.3,367.1,365.3,366,12528,0
DNP,60,20230216,160000,366,368,365.1,367.9,19208,0
DNP,60,20230216,170000,368,370,367.1,368,22392,0
DNP,60,20230217,100000,367.7,368.6,364.4,368,7606,0
DNP,60,20230217,110000,368.8,369.8,367.1,369.1,11753,0
DNP,60,20230217,120000,369,369.7,365.9,367.2,87279,0
DNP,60,20230217,130000,367.1,370.2,366.7,368.5,7732,0
DNP,60,20230217,140000,368.6,370.8,368.4,369.8,5542,0
DNP,60,20230217,150000,369.7,369.9,367.7,369.6,6871,0
DNP,60,20230217,160000,370.1,371.4,369.4,370.8,6835,0
DNP,60,20230217,170000,370.3,372.3,369.6,371.4,25333,0
DNP,60,20230220,100000,371.8,372.5,368.6,370,9543,0
DNP,60,20230220,110000,370.1,372.5,368.8,369,7623,0
DNP,60,20230220,120000,369.1,370.5,369,369.7,1732,0
DNP,60,20230220,130000,369.7,369.7,365.6,365.7,4628,0
DNP,60,20230220,140000,365.8,366.9,364.8,366.5,4554,0
DNP,60,20230220,150000,366.7,369.7,366.3,368.1,18820,0
DNP,60,20230220,160000,368.2,368.9,367.6,368.3,3265,0
DNP,60,20230220,170000,368.3,371.6,368.3,370,23859,0
DNP,60,20230221,100000,368.9,371.3,367.2,370,51622,0
DNP,60,20230221,110000,370.2,370.8,368.2,370.1,41163,0
DNP,60,20230221,120000,369.9,370.9,369.8,370.3,6037,0
DNP,60,20230221,130000,370.3,371,369.5,370,8959,0
DNP,60,20230221,140000,369.9,370.7,369.1,370,12989,0
DNP,60,20230221,150000,369.9,370.9,369.1,370.5,11720,0
DNP,60,20230221,160000,370.5,371.8,369.8,370.7,73319,0
DNP,60,20230221,170000,370.8,371.5,369.8,371.5,187817,0
DNP,60,20230222,100000,372.5,372.5,363.5,365,24570,0
DNP,60,20230222,110000,365,365.1,360.7,364.3,28508,0
DNP,60,20230222,120000,364.5,365.5,361.7,363.6,174048,0
DNP,60,20230222,130000,363.9,365.2,362.2,362.6,14295,0
DNP,60,20230222,140000,362.6,363.8,362,363.2,15432,0
DNP,60,20230222,150000,363.1,363.4,361.7,362,14961,0
DNP,60,20230222,160000,362,362.2,360.4,361.5,20053,0
DNP,60,20230222,170000,361.1,365.8,359.4,363.8,60101,0
DNP,60,20230223,100000,365.4,368.9,364.4,365.4,10168,0
DNP,60,20230223,110000,365.8,366.6,364,364.1,9059,0
DNP,60,20230223,120000,363.9,369.5,363.9,367.9,11127,0
DNP,60,20230223,130000,367.9,369.7,367.9,369,23165,0
DNP,60,20230223,140000,368.9,371.1,368.5,370,25929,0
DNP,60,20230223,150000,370,371.3,368.6,371.1,25456,0
DNP,60,20230223,160000,371.3,374.1,370.8,372.4,47786,0
DNP,60,20230223,170000,372.4,373.4,371.7,372.5,67999,0
DNP,60,20230224,100000,374.1,374.1,368.1,369,18997,0
DNP,60,20230224,110000,369.4,370.4,368.5,369.5,12927,0
DNP,60,20230224,120000,369.5,370.8,369.3,370.8,5953,0
DNP,60,20230224,130000,370.8,371.5,369.8,370.2,3501,0
DNP,60,20230224,140000,370.2,370.4,369.8,370,3442,0
DNP,60,20230224,150000,369.9,370.1,366.6,368.4,8867,0
DNP,60,20230224,160000,368.5,370.4,367.9,369.7,10171,0
DNP,60,20230224,170000,369.9,371.5,369.3,370,30891,0
DNP,60,20230227,100000,372,372,367.2,369.1,4429,0
DNP,60,20230227,110000,368.8,369.9,367.8,369.6,8637,0
DNP,60,20230227,120000,369.4,371.5,368.6,369.3,14082,0
DNP,60,20230227,130000,369.5,370.7,368.8,369.9,8366,0
DNP,60,20230227,140000,369.9,370.6,369.5,369.6,13520,0
DNP,60,20230227,150000,369.4,371,369.3,370,8844,0
DNP,60,20230227,160000,370.3,371.2,369.6,370.8,16910,0
DNP,60,20230227,170000,370.9,371.4,369.5,370.8,30511,0
DNP,60,20230228,100000,371.4,375.9,369.8,373.1,20117,0
DNP,60,20230228,110000,373,375.6,372.1,372.7,17557,0
DNP,60,20230228,120000,372.5,372.6,369.7,370.1,16926,0
DNP,60,20230228,130000,370.3,371,367.6,369.4,19486,0
DNP,60,20230228,140000,369.5,369.6,366.7,367.7,13060,0
DNP,60,20230228,150000,367.5,369,366.9,369,14001,0
DNP,60,20230228,160000,368.9,369.4,367.9,368,23781,0
DNP,60,20230228,170000,368.3,371.6,367.8,371.6,114503,0
DNP,60,20230301,100000,374,376.6,370.4,371.5,21835,0
DNP,60,20230301,110000,371.3,371.9,370.4,371.3,9663,0
DNP,60,20230301,120000,371.2,372.7,370.4,371.4,11311,0
DNP,60,20230301,130000,371.3,371.8,370.4,370.9,10325,0
DNP,60,20230301,140000,370.9,373.7,370.4,373.1,18001,0
DNP,60,20230301,150000,372.9,373.2,371.4,372.8,16768,0
DNP,60,20230301,160000,372.6,373.2,371.6,371.8,14946,0
DNP,60,20230301,170000,371.8,374.6,370.4,373.4,39391,0
DNP,60,20230302,100000,372.2,374.3,370.7,373.4,15676,0
DNP,60,20230302,110000,373.4,373.5,372.2,372.5,6660,0
DNP,60,20230302,120000,372.4,374,372,373.7,10582,0
DNP,60,20230302,130000,373.7,373.9,372.7,373.3,7236,0
DNP,60,20230302,140000,373.4,374.5,373.4,373.8,7547,0
DNP,60,20230302,150000,373.8,374.3,372.8,373.5,6608,0
DNP,60,20230302,160000,373.6,375.5,373.5,374.9,33576,0
DNP,60,20230302,170000,374.7,376.7,374.4,376.2,52214,0
DNP,60,20230303,100000,376.9,379.8,375.8,379.2,11356,0
DNP,60,20230303,110000,379.4,379.8,378.4,379.3,5236,0
DNP,60,20230303,120000,379.3,382.7,379.1,381.2,31891,0
DNP,60,20230303,130000,381.2,381.4,379.6,380.6,9253,0
DNP,60,20230303,140000,380.6,381.2,379.5,379.5,5624,0
DNP,60,20230303,150000,379.6,381,379.5,380.3,8275,0
DNP,60,20230303,160000,380.5,381.7,380.3,380.4,28065,0
DNP,60,20230303,170000,380.3,383.2,379.4,382.7,49308,0
DNP,60,20230306,100000,385.5,385.9,382.6,385.1,16106,0
DNP,60,20230306,110000,385.2,386.6,383.2,386.4,13653,0
DNP,60,20230306,120000,386.2,387.6,385.6,387.3,10186,0
DNP,60,20230306,130000,387.5,387.8,385.4,386.2,8823,0
DNP,60,20230306,140000,386.1,387.6,386,386.4,8510,0
DNP,60,20230306,150000,386.3,389.2,386,388.7,24397,0
DNP,60,20230306,160000,388.7,388.8,386.6,386.7,11538,0
DNP,60,20230306,170000,386.7,390,386.3,389.1,31852,0
DNP,60,20230307,100000,390.6,392.9,389.5,392.6,46806,0
DNP,60,20230307,110000,392.8,396.6,392.2,396.5,47395,0
DNP,60,20230307,120000,396.5,400.5,396.5,399.2,38069,0
DNP,60,20230307,130000,399.2,400.1,396.5,397.1,17094,0
DNP,60,20230307,140000,396.8,397.9,394.8,394.8,23333,0
DNP,60,20230307,150000,394.7,396.6,393.9,395.1,32382,0
DNP,60,20230307,160000,395.1,396.4,394.8,395.9,38673,0
DNP,60,20230307,170000,395.9,396.3,393,394.3,58300,0
DNP,60,20230308,100000,396,398,392,396.8,60312,0
DNP,60,20230308,110000,396.9,397.7,395.2,397.4,14226,0
DNP,60,20230308,120000,397.7,398.4,396.5,398,6903,0
DNP,60,20230308,130000,398,401.3,398,400.2,38109,0
DNP,60,20230308,140000,400.5,401,400,400.1,20267,0
DNP,60,20230308,150000,400.2,401.5,400,401.4,23783,0
DNP,60,20230308,160000,401.5,402.7,399.9,400.1,28595,0
DNP,60,20230308,170000,399.9,403.9,399.7,403.5,77814,0
DNP,60,20230309,100000,399.6,403.9,399.6,403.5,44633,0
DNP,60,20230309,110000,403.5,405.4,402.4,403.9,32148,0
DNP,60,20230309,120000,403.9,406.1,403.1,405.9,26826,0
DNP,60,20230309,130000,405.8,405.8,404.7,405.4,52315,0
DNP,60,20230309,140000,405.5,406.4,404.3,405.5,32575,0
DNP,60,20230309,150000,405.5,407.2,405,407.2,15569,0
DNP,60,20230309,160000,407.3,408.2,406,407.2,36852,0
DNP,60,20230309,170000,407.3,408.2,406.5,407.4,116588,0
DNP,60,20230310,100000,404,406.4,400.6,404.5,65133,0
DNP,60,20230310,110000,404.3,409,404,408.9,43426,0
DNP,60,20230310,120000,408.9,410.1,408.2,409.4,16900,0
DNP,60,20230310,130000,409.1,409.3,406.6,406.8,21255,0
DNP,60,20230310,140000,406.6,407.7,406.2,407,21149,0
DNP,60,20230310,150000,406.9,410.3,406.9,410.2,70921,0
DNP,60,20230310,160000,410.2,411.6,407,411.3,90805,0
DNP,60,20230310,170000,411.1,415,410.2,414.6,83566,0
DNP,60,20230313,100000,415.5,418,407.1,408.2,135621,0
DNP,60,20230313,110000,407.9,411.7,403.9,409.6,127552,0
DNP,60,20230313,120000,409.6,412.7,409.3,412,32674,0
DNP,60,20230313,130000,412.2,414.5,407.8,408.4,25881,0
DNP,60,20230313,140000,408.2,408.6,404.4,406.1,46878,0
DNP,60,20230313,150000,406.2,408.5,403.2,407.1,53762,0
DNP,60,20230313,160000,407.3,407.3,403.7,404.7,87304,0
DNP,60,20230313,170000,404.7,407.5,404.6,405.1,63227,0
DNP,60,20230314,100000,406,409.7,401.4,404.3,36415,0
DNP,60,20230314,110000,404.2,406.9,403.9,404.1,27333,0
DNP,60,20230314,120000,404.1,404.8,400.6,404.3,18061,0
DNP,60,20230314,130000,404.3,409.9,404.3,408.7,28926,0
DNP,60,20230314,140000,408.7,413.8,408.1,411.7,23691,0
DNP,60,20230314,150000,412.2,412.4,408.3,412.4,27277,0
DNP,60,20230314,160000,412.1,413.6,411.5,412.9,36451,0
DNP,60,20230314,170000,412.8,415.3,412,412.6,65017,0
DNP,60,20230315,100000,412.9,413.6,409.5,410.8,14494,0
DNP,60,20230315,110000,410.8,411.6,407.9,408.6,22850,0
DNP,60,20230315,120000,408.7,409,403.5,404.1,23469,0
DNP,60,20230315,130000,404.2,408.2,404,407.2,11714,0
DNP,60,20230315,140000,407.4,409.6,406.6,407.2,38759,0
DNP,60,20230315,150000,407.2,408.3,406.2,406.3,16009,0
DNP,60,20230315,160000,406.4,408.3,405.7,406.1,29113,0
DNP,60,20230315,170000,406.1,408,404.6,405,61626,0
DNP,60,20230316,100000,405.6,408.1,404.2,405,17178,0
DNP,60,20230316,110000,405,405.2,399.9,403.4,36774,0
DNP,60,20230316,120000,403.4,404.7,400.3,401.7,29882,0
DNP,60,20230316,130000,401.7,401.7,397.4,399.6,29981,0
DNP,60,20230316,140000,399.7,402.4,399,402.3,25622,0
DNP,60,20230316,150000,402.4,402.6,399.8,401.9,22003,0
DNP,60,20230316,160000,402,403.3,400.4,403.1,20155,0
DNP,60,20230316,170000,403.1,410,403.1,409.3,57919,0
DNP,60,20230317,100000,409.2,413,407.1,410.2,34096,0
DNP,60,20230317,110000,410,411.6,409.9,410,10929,0
DNP,60,20230317,120000,409.9,411.4,409.4,409.5,15498,0
DNP,60,20230317,130000,409.4,409.6,405,408.3,29279,0
DNP,60,20230317,140000,407.6,410.1,406.4,409.5,15268,0
DNP,60,20230317,150000,409.2,411.4,408.7,411.1,32303,0
DNP,60,20230317,160000,411.1,413,410,411.9,46641,0
DNP,60,20230317,170000,411.6,413.2,409.8,411.5,225177,0
DNP,60,20230320,100000,409.5,409.5,398.4,406.8,42846,0
DNP,60,20230320,110000,407.2,409.3,405.7,408,18488,0
DNP,60,20230320,120000,408,408,405.8,407.1,14193,0
DNP,60,20230320,130000,406.7,408.7,406.4,407.5,17140,0
DNP,60,20230320,140000,407.5,408.5,405.3,407.9,10677,0
DNP,60,20230320,150000,407.8,408.3,405.1,408,15701,0
DNP,60,20230320,160000,408.2,408.6,406.2,407.6,27841,0
DNP,60,20230320,170000,407.6,412.8,406.9,410.3,117813,0
DNP,60,20230321,100000,409.3,421.2,408,418.8,42478,0
DNP,60,20230321,110000,418.9,418.9,412.8,414,60842,0
DNP,60,20230321,120000,414,414.8,411.9,412.5,139822,0
DNP,60,20230321,130000,412.5,415,412.1,414.8,31052,0
DNP,60,20230321,140000,414.8,416.7,414.5,415.6,18061,0
DNP,60,20230321,150000,415.7,416,413.6,415.6,14374,0
DNP,60,20230321,160000,415.5,416.8,412.7,413.5,25896,0
DNP,60,20230321,170000,413.4,414.4,412.2,414.1,37801,0
DNP,60,20230322,100000,417.1,417.6,413,417.6,10371,0
DNP,60,20230322,110000,417.8,420.5,417.2,419.3,14575,0
DNP,60,20230322,120000,419.2,420,417.6,419.1,13010,0
DNP,60,20230322,130000,419,420.7,418.5,419.6,22982,0
DNP,60,20230322,140000,419.6,420,415,415.5,9585,0
DNP,60,20230322,150000,415.4,417.5,414.8,416.9,29205,0
DNP,60,20230322,160000,417.1,417.2,414,414.7,13739,0
DNP,60,20230322,170000,414.6,415.5,413,414.7,220595,0
DNP,60,20230323,100000,418,418.1,409.8,410.5,16927,0
DNP,60,20230323,110000,411.4,412,409.6,410.4,12183,0
DNP,60,20230323,120000,410.1,410.6,407.6,409.7,14567,0
DNP,60,20230323,130000,409.4,410.3,408.8,408.8,10861,0
DNP,60,20230323,140000,408.8,410,407.9,409.4,15685,0
DNP,60,20230323,150000,409.4,409.8,405.1,405.9,44304,0
DNP,60,20230323,160000,405.9,406.5,402.3,406.1,50960,0
DNP,60,20230323,170000,406.1,407.4,402,403.3,84485,0
DNP,60,20230324,100000,391,395,383.2,389.7,242275,0
DNP,60,20230324,110000,389.7,396.3,388.7,389.1,161884,0
DNP,60,20230324,120000,389.1,389.1,380.7,382.6,87381,0
DNP,60,20230324,130000,382.6,383.5,380,382.9,59409,0
DNP,60,20230324,140000,382.8,385.4,379.9,382.7,52957,0
DNP,60,20230324,150000,382.7,382.7,379.1,379.2,94286,0
DNP,60,20230324,160000,379.3,383.3,377,383,97500,0
DNP,60,20230324,170000,383.2,389.4,382.7,387.2,165840,0
DNP,60,20230327,100000,387.4,391,386.3,387.3,37265,0
DNP,60,20230327,110000,386.8,394.6,386.5,394.1,82764,0
DNP,60,20230327,120000,394.2,395,388.3,389.5,30038,0
DNP,60,20230327,130000,389.1,394,388.8,392.9,40933,0
DNP,60,20230327,140000,393.2,393.2,390.1,390.6,11358,0
DNP,60,20230327,150000,390.7,391.6,389.4,390.5,14935,0
DNP,60,20230327,160000,390.4,392.2,388.5,391.4,90755,0
DNP,60,20230327,170000,391.2,392,390,391.1,47549,0
DNP,60,20230328,100000,391.2,395,391.2,393.5,35807,0
DNP,60,20230328,110000,393.7,397.7,393.3,396.7,36125,0
DNP,60,20230328,120000,396.5,400.2,396.1,399.2,35744,0
DNP,60,20230328,130000,399.2,401.8,399.2,400.1,78130,0
DNP,60,20230328,140000,400.4,403,400.1,402.4,19505,0
DNP,60,20230328,150000,402.6,402.6,400.1,401.3,24171,0
DNP,60,20230328,160000,401.3,402.1,399.2,400,37988,0
DNP,60,20230328,170000,400,402.1,400,400.4,45400,0
DNP,60,20230329,100000,400.4,400.4,389.4,390.9,60555,0
DNP,60,20230329,110000,390.9,391,388.7,389.2,33850,0
DNP,60,20230329,120000,389.2,390.8,389.2,389.8,26800,0
DNP,60,20230329,130000,389.8,390.2,388.4,388.7,14485,0
DNP,60,20230329,140000,388.6,388.6,385.4,386.3,27515,0
DNP,60,20230329,150000,386.1,387.5,384.5,385.1,26979,0
DNP,60,20230329,160000,385.1,389.1,385.1,386.2,28929,0
DNP,60,20230329,170000,386.1,387.3,384.6,385.3,112241,0
DNP,60,20230330,100000,386,389.2,382.3,382.8,25335,0
DNP,60,20230330,110000,383,386.4,380.7,384.9,63745,0
DNP,60,20230330,120000,384.9,385.5,383.4,384.2,15626,0
DNP,60,20230330,130000,384.3,386,384,385.5,16093,0
DNP,60,20230330,140000,385.5,385.7,384.3,385.4,13158,0
DNP,60,20230330,150000,385.5,385.5,383.2,383.6,16031,0
DNP,60,20230330,160000,383.6,383.9,381,382.4,98985,0
DNP,60,20230330,170000,382.4,382.9,380.8,382.9,107799,0
DNP,60,20230331,100000,385.5,386,381.1,384,24622,0
DNP,60,20230331,110000,383.8,387.4,382.5,385.6,73533,0
DNP,60,20230331,120000,385.6,388.6,385.6,386.6,44117,0
DNP,60,20230331,130000,386.6,386.9,385.5,386.3,23712,0
DNP,60,20230331,140000,386.3,386.6,384.8,386.3,16471,0
DNP,60,20230331,150000,386.4,387.8,386.2,387.8,17287,0
DNP,60,20230331,160000,387.8,390.5,387.6,389.9,37698,0
DNP,60,20230331,170000,390,391.1,388,391.1,212450,0
DNP,60,20230403,100000,391.1,397.9,391.1,396,30979,0
DNP,60,20230403,110000,396,396,391.8,392.2,26131,0
DNP,60,20230403,120000,392.2,395.2,392,395.2,19654,0
DNP,60,20230403,130000,395.3,395.3,391.6,391.6,19099,0
DNP,60,20230403,140000,391.8,392,388.9,389.9,12697,0
DNP,60,20230403,150000,389.8,389.8,387.9,388.1,12502,0
DNP,60,20230403,160000,388.1,389,387.1,388.2,19789,0
DNP,60,20230403,170000,388.4,388.7,386.9,387.5,37045,0
DNP,60,20230404,100000,392.8,393.6,386,386.8,8434,0
DNP,60,20230404,110000,386.8,388.9,385.2,386.4,10447,0
DNP,60,20230404,120000,386.4,388.9,385.7,386.1,50106,0
DNP,60,20230404,130000,385.9,390,385.4,389.7,4784,0
DNP,60,20230404,140000,389.7,389.9,388.7,389.4,8585,0
DNP,60,20230404,150000,389.3,389.4,387.6,388.5,5963,0
DNP,60,20230404,160000,388.5,388.7,387.2,387.2,10852,0
DNP,60,20230404,170000,387.5,390.2,387.5,389.4,39143,0
DNP,60,20230405,100000,391.4,391.4,388.3,388.7,49649,0
DNP,60,20230405,110000,388.7,389.6,385.7,386.4,14145,0
DNP,60,20230405,120000,386.4,387.7,385.8,387.5,5979,0
DNP,60,20230405,130000,387.3,388,386.2,387.7,6910,0
DNP,60,20230405,140000,387.6,390,387.6,389.8,11320,0
DNP,60,20230405,150000,389.6,389.6,386.6,387.3,11528,0
DNP,60,20230405,160000,387.2,388.5,386.9,387.5,17824,0
DNP,60,20230405,170000,387.5,387.6,381.3,383.4,92467,0
DNP,60,20230406,100000,385.9,386.2,381.8,383.6,16579,0
DNP,60,20230406,110000,383.5,384,379.9,380.6,114685,0
DNP,60,20230406,120000,380.5,380.7,378.3,380,12590,0
DNP,60,20230406,130000,380.3,380.3,377.7,378.2,15477,0
DNP,60,20230406,140000,378.4,380.4,378,378.7,8089,0
DNP,60,20230406,150000,379.1,381.2,378.8,380.8,36410,0
DNP,60,20230406,160000,380.6,380.8,379.6,380.2,11836,0
DNP,60,20230406,170000,380,381.5,378.5,379.7,33261,0
DNP,60,20230411,100000,379.7,383.6,375.8,377.6,29744,0
DNP,60,20230411,110000,377.3,379.8,376.4,378.9,147164,0
DNP,60,20230411,120000,378.9,379,377.5,378.5,9494,0
DNP,60,20230411,130000,378.4,380.6,377.7,380.4,13229,0
DNP,60,20230411,140000,380.5,380.7,377.6,377.8,15298,0
DNP,60,20230411,150000,377.8,377.8,375.8,376.5,26617,0
DNP,60,20230411,160000,376.3,378,376,376.4,56442,0
DNP,60,20230411,170000,376.3,377,373.1,374,139512,0
DNP,60,20230412,100000,374,377.7,370.6,371.6,63412,0
DNP,60,20230412,110000,371.3,374.6,369.8,370.5,58552,0
DNP,60,20230412,120000,370.5,371.2,369.7,370.5,26260,0
DNP,60,20230412,130000,370.5,371.5,370.2,371.4,50542,0
DNP,60,20230412,140000,371.4,372.4,370.3,371.3,50452,0
DNP,60,20230412,150000,371.3,372.1,370.3,371.8,39962,0
DNP,60,20230412,160000,371.8,373,371.1,372.5,61138,0
DNP,60,20230412,170000,372.5,373.6,371.2,373.5,77763,0
DNP,60,20230413,100000,374.9,375,372.2,373.6,15090,0
DNP,60,20230413,110000,373.7,375.6,373.4,373.9,18072,0
DNP,60,20230413,120000,373.8,376.6,373.6,375.2,22089,0
DNP,60,20230413,130000,375.6,379.4,375.5,379.4,18859,0
DNP,60,20230413,140000,379.4,381.3,379.2,380.8,28527,0
DNP,60,20230413,150000,380.7,383.6,377.6,383.6,65332,0
DNP,60,20230413,160000,383.8,384.4,382.4,383.4,23027,0
DNP,60,20230413,170000,383.5,388.7,383.5,388,58825,0
DNP,60,20230414,100000,396,396,386.2,391.9,49559,0
DNP,60,20230414,110000,391.9,395.1,391.9,392.6,28566,0
DNP,60,20230414,120000,392.4,394.3,391.5,392.1,15217,0
DNP,60,20230414,130000,392.2,393.3,391.4,393.1,15113,0
DNP,60,20230414,140000,393,393.6,392.2,393.4,13139,0
DNP,60,20230414,150000,393.5,393.5,391.7,392.3,17693,0
DNP,60,20230414,160000,392.5,394.3,391.7,393.9,22225,0
DNP,60,20230414,170000,393.6,394.4,392.4,392.9,35952,0
DNP,60,20230417,100000,395.4,395.5,388.1,389.2,18892,0
DNP,60,20230417,110000,389.6,390.5,387.6,387.8,16019,0
DNP,60,20230417,120000,387.8,389.1,386.5,389,12836,0
DNP,60,20230417,130000,389.1,390,388.1,390,11099,0
DNP,60,20230417,140000,390,391,389,391,12040,0
DNP,60,20230417,150000,391.1,392.5,390,391.9,31432,0
DNP,60,20230417,160000,391.9,392.6,390.8,391.6,19661,0
DNP,60,20230417,170000,391.6,393.5,391.5,393.5,52689,0
DNP,60,20230418,100000,394,394,389.9,391,12214,0
DNP,60,20230418,110000,390.7,397.8,390.7,397.8,17596,0
DNP,60,20230418,120000,397.7,399,396.5,397.2,13077,0
DNP,60,20230418,130000,397.1,398.6,396.7,396.9,15113,0
DNP,60,20230418,140000,396.9,397.5,396.2,396.8,13300,0
DNP,60,20230418,150000,396.7,397.3,395.8,396.3,21078,0
DNP,60,20230418,160000,396.3,396.3,394.6,395.1,33260,0
DNP,60,20230418,170000,395,395.6,393.7,395,60677,0
DNP,60,20230419,100000,396.5,396.5,392,394.3,35206,0
DNP,60,20230419,110000,394.3,396.7,393.5,394,26171,0
DNP,60,20230419,120000,394,394.7,392.1,394,16712,0
DNP,60,20230419,130000,394,396,393.7,395.9,19293,0
DNP,60,20230419,140000,395.9,399,395.7,398.3,47123,0
DNP,60,20230419,150000,398.7,398.7,396.3,397.5,34691,0
DNP,60,20230419,160000,397.7,398.8,397.3,397.5,25542,0
DNP,60,20230419,170000,397.4,398.5,395.9,397.1,41224,0
DNP,60,20230420,100000,396.2,396.2,390,391.8,15053,0
DNP,60,20230420,110000,392.2,396,390.7,394.1,11051,0
DNP,60,20230420,120000,393.7,394.1,392.6,393.3,6639,0
DNP,60,20230420,130000,393.4,396,393.1,394.4,11094,0
DNP,60,20230420,140000,394.3,394.8,393.6,394.8,6864,0
DNP,60,20230420,150000,394.6,397,394.6,397,21877,0
DNP,60,20230420,160000,397,399.7,396.7,399.7,26635,0
DNP,60,20230420,170000,399.4,400.5,398.2,399.7,33912,0
DNP,60,20230421,100000,394,396.6,390.2,392,77562,0
DNP,60,20230421,110000,392.2,394.2,392.2,393.7,10453,0
DNP,60,20230421,120000,393.8,394.4,393,393.3,7978,0
DNP,60,20230421,130000,393.3,393.5,392,392,8887,0
DNP,60,20230421,140000,391.9,392.9,391.3,392.6,8854,0
DNP,60,20230421,150000,392.6,395,392,393.6,12747,0
DNP,60,20230421,160000,393.4,395.8,393.3,394.4,25129,0
DNP,60,20230421,170000,394.4,395.6,393.5,395.3,33417,0
DNP,60,20230424,100000,395.3,397.6,393.9,397.6,5077,0
DNP,60,20230424,110000,397.2,397.2,392.6,393.5,6014,0
DNP,60,20230424,120000,393.3,397,392.7,396.1,5272,0
DNP,60,20230424,130000,396,396.4,395.2,395.7,6151,0
DNP,60,20230424,140000,395.9,398.6,395.8,397.8,14393,0
DNP,60,20230424,150000,397.5,398.1,396.9,397.6,13411,0
DNP,60,20230424,160000,397.4,399.4,397,398.7,13014,0
DNP,60,20230424,170000,398.3,399.5,397,399.5,31223,0
DNP,60,20230425,100000,398.1,400,397.8,398.8,4633,0
DNP,60,20230425,110000,399,400.5,398.2,399.7,8052,0
DNP,60,20230425,120000,399.9,404.2,399.9,402.8,16856,0
DNP,60,20230425,130000,403.1,404.7,402.8,403.6,11183,0
DNP,60,20230425,140000,403.9,404.7,403.4,403.9,6501,0
DNP,60,20230425,150000,403.9,403.9,402.7,403.7,6663,0
DNP,60,20230425,160000,403.8,403.8,399.5,400.1,13364,0
DNP,60,20230425,170000,399.7,403.1,399.6,401.2,38518,0
DNP,60,20230426,100000,401.3,401.3,396.1,398.1,13073,0
DNP,60,20230426,110000,398.5,402.5,398.5,401.8,11904,0
DNP,60,20230426,120000,401.9,403.3,400.8,402.9,16703,0
DNP,60,20230426,130000,403.2,403.5,401,402,18263,0
DNP,60,20230426,140000,401.9,403.6,401.7,403.1,12594,0
DNP,60,20230426,150000,403.1,404.3,402.7,403.4,11569,0
DNP,60,20230426,160000,403.6,404,401.9,403.6,16885,0
DNP,60,20230426,170000,403.6,404.4,401.5,404.3,52931,0
DNP,60,20230427,100000,405.3,416.5,405,414.5,29650,0
DNP,60,20230427,110000,414.5,419.5,414.4,418.1,31289,0
DNP,60,20230427,120000,418.1,422.7,418.1,422.1,54450,0
DNP,60,20230427,130000,422.1,422.3,419.8,420.6,13821,0
DNP,60,20230427,140000,420.6,423.6,420.6,423.6,16116,0
DNP,60,20230427,150000,423.5,425.8,422.2,424.5,48267,0
DNP,60,20230427,160000,424.5,428.8,424.3,428.3,25036,0
DNP,60,20230427,170000,428.5,431,425.1,428.2,99138,0
DNP,60,20230428,100000,430,430.7,424,427,28274,0
DNP,60,20230428,110000,426.9,428.8,426,427,35408,0
DNP,60,20230428,120000,426.7,426.7,424,424,24439,0
DNP,60,20230428,130000,423.9,426.5,423.2,424.4,24140,0
DNP,60,20230428,140000,424.2,425.1,423.2,424,24610,0
DNP,60,20230428,150000,424,424,420.5,421.9,30099,0
DNP,60,20230428,160000,422,422.8,420.2,421.2,31483,0
DNP,60,20230428,170000,421.3,424.6,419.8,423.4,68340,0
DNP,60,20230502,100000,421.2,431,421.2,429.8,31082,0
DNP,60,20230502,110000,430.2,430.6,424.9,427.4,22061,0
DNP,60,20230502,120000,427.3,430.2,426.4,429.9,15869,0
DNP,60,20230502,130000,429.7,430.4,428.1,429.6,16323,0
DNP,60,20230502,140000,429.8,430.8,428.2,430,21285,0
DNP,60,20230502,150000,430,430.6,428.4,429.7,25312,0
DNP,60,20230502,160000,430,431.8,429.2,430.7,29511,0
DNP,60,20230502,170000,430.8,430.8,428.2,428.5,90171,0
DNP,60,20230504,100000,424.2,426.6,417,419.9,59963,0
DNP,60,20230504,110000,419.7,420.8,416.4,416.7,19754,0
DNP,60,20230504,120000,416.8,417.7,415.3,415.4,22984,0
DNP,60,20230504,130000,415.3,415.6,413.9,414.9,19537,0
DNP,60,20230504,140000,414.8,415.9,414,415.7,17955,0
DNP,60,20230504,150000,415.6,418,415.3,415.8,19722,0
DNP,60,20230504,160000,415.7,418.1,415.6,417.6,29985,0
DNP,60,20230504,170000,417.6,417.7,413.4,414.9,68876,0
DNP,60,20230505,100000,416,421.6,406.8,408.2,35420,0
DNP,60,20230505,110000,408.1,413.9,407.8,411.8,18643,0
DNP,60,20230505,120000,411.7,413.1,410.9,412.4,8058,0
DNP,60,20230505,130000,412.7,414,411.1,411.2,11932,0
DNP,60,20230505,140000,411.5,411.9,408.3,409.1,15440,0
DNP,60,20230505,150000,409.1,410.8,408.2,409.3,10267,0
DNP,60,20230505,160000,409.1,410,404,405.9,34760,0
DNP,60,20230505,170000,405.9,407.3,404.6,406.7,44964,0
DNP,60,20230508,100000,405.5,406.1,398.1,402,41888,0
DNP,60,20230508,110000,402.4,405.1,402,404,10251,0
DNP,60,20230508,120000,404,406.6,404,405.8,10433,0
DNP,60,20230508,130000,405.6,405.6,403.4,404.1,6305,0
DNP,60,20230508,140000,404,404,401.2,401.9,28393,0
DNP,60,20230508,150000,401.9,402.6,400.6,402,12325,0
DNP,60,20230508,160000,402.1,403.6,400.4,400.8,14480,0
DNP,60,20230508,170000,400.7,402.9,399.9,402,41110,0
DNP,60,20230509,100000,402,404.6,400.6,403.1,5907,0
DNP,60,20230509,110000,403.1,403.1,400.6,401.8,12056,0
DNP,60,20230509,120000,401.8,403.3,401.6,402.6,7031,0
DNP,60,20230509,130000,402.6,404.2,402.5,403.7,7364,0
DNP,60,20230509,140000,403.7,403.7,401.9,402.3,8259,0
DNP,60,20230509,150000,402.3,404.7,402.3,403.4,8631,0
DNP,60,20230509,160000,403.4,408.2,403.1,407.7,17020,0
DNP,60,20230509,170000,407.6,408.5,406.6,408.2,35262,0
DNP,60,20230510,100000,410,411.9,405.4,405.7,10400,0
DNP,60,20230510,110000,405.7,408.4,404.6,408.2,7113,0
DNP,60,20230510,120000,408.4,411.8,408.3,411.3,17615,0
DNP,60,20230510,130000,411.6,413.5,411.1,411.1,16844,0
DNP,60,20230510,140000,411.1,411.5,409.2,411.1,22024,0
DNP,60,20230510,150000,411.2,414.6,409.8,413.6,16927,0
DNP,60,20230510,160000,413.6,413.6,409.8,411,19180,0
DNP,60,20230510,170000,411,411.4,408.7,409.6,36261,0
DNP,60,20230511,100000,412.4,412.4,406.7,408.1,11553,0
DNP,60,20230511,110000,408.5,412.3,408.4,411.2,12617,0
DNP,60,20230511,120000,411.2,411.7,408,411.3,12750,0
DNP,60,20230511,130000,411.4,412.1,410.6,411.7,11374,0
DNP,60,20230511,140000,411.4,412,409.6,410.3,15100,0
DNP,60,20230511,150000,410.2,411.7,409.4,409.7,15316,0
DNP,60,20230511,160000,409.5,410.6,405.2,406.1,20865,0
DNP,60,20230511,170000,405.9,405.9,404,405.6,32825,0
DNP,60,20230512,100000,408,412.5,406,411.8,9331,0
DNP,60,20230512,110000,411.7,415.4,411.5,415,27806,0
DNP,60,20230512,120000,415.1,416.8,414.7,416,17938,0
DNP,60,20230512,130000,415.9,416.7,415.7,416.4,16934,0
DNP,60,20230512,140000,416.5,420.9,415.5,419.8,30159,0
DNP,60,20230512,150000,420.4,420.4,416.2,418.1,19654,0
DNP,60,20230512,160000,418.4,419.4,416.4,416.6,11789,0
DNP,60,20230512,170000,416.7,418.3,414.5,417.7,63566,0
DNP,60,20230515,100000,420,425,419.7,423.3,19365,0
DNP,60,20230515,110000,423.8,424,419.7,420.2,9961,0
DNP,60,20230515,120000,420.2,421.5,419.1,419.9,15701,0
DNP,60,20230515,130000,420,422.2,420,421.7,10704,0
DNP,60,20230515,140000,421.8,423.2,420.8,420.8,76341,0
DNP,60,20230515,150000,420.5,421.3,419.5,420.7,76646,0
DNP,60,20230515,160000,420.5,420.9,416.8,417.7,42570,0
DNP,60,20230515,170000,417.6,420.7,417.6,420,126388,0
DNP,60,20230516,100000,420,422.8,418.6,421.1,12315,0
DNP,60,20230516,110000,421,424.6,420.5,422.5,11877,0
DNP,60,20230516,120000,422.4,423.1,421.5,422.1,8139,0
DNP,60,20230516,130000,421.9,422.3,421.3,421.3,5903,0
DNP,60,20230516,140000,421.5,424.1,421.1,421.3,10731,0
DNP,60,20230516,150000,421.4,421.5,420,420.2,11638,0
DNP,60,20230516,160000,420.2,421.8,418,421.7,21640,0
DNP,60,20230516,170000,421.8,424.2,421.8,424.2,227699,0
DNP,60,20230517,100000,422,423.5,420.5,423.3,4701,0
DNP,60,20230517,110000,423.3,424.9,421.9,424.2,4654,0
DNP,60,20230517,120000,424,425.5,423.3,424.6,8520,0
DNP,60,20230517,130000,424.6,424.7,423.1,423.3,4201,0
DNP,60,20230517,140000,423.1,424.7,423.1,424.1,3934,0
DNP,60,20230517,150000,424.1,425.3,423.8,424.1,36539,0
DNP,60,20230517,160000,424.2,424.9,422,423.6,10432,0
DNP,60,20230517,170000,423.5,423.6,421,421,175253,0
DNP,60,20230518,100000,424.8,427,419.3,422.7,24138,0
DNP,60,20230518,110000,422.4,422.6,419.5,420,4582,0
DNP,60,20230518,120000,420,420.1,418,418.5,8203,0
DNP,60,20230518,130000,418.6,419,416.5,417.7,9308,0
DNP,60,20230518,140000,417.8,418.6,417.1,417.2,10884,0
DNP,60,20230518,150000,417.3,417.5,414.2,415.7,14331,0
DNP,60,20230518,160000,415.7,416,412.5,415,29964,0
DNP,60,20230518,170000,414.9,416.2,413.4,414.4,102012,0
DNP,60,20230519,100000,419.3,419.3,412.5,413.8,21356,0
DNP,60,20230519,110000,413.9,421.3,413.5,421.3,22378,0
DNP,60,20230519,120000,421.3,421.8,419,419,9222,0
DNP,60,20230519,130000,418.6,419.4,417.1,417.2,20908,0
DNP,60,20230519,140000,417.1,418.5,416.6,417.4,7628,0
DNP,60,20230519,150000,417.6,421.9,416.6,421.9,13986,0
DNP,60,20230519,160000,421.9,423.1,420.3,422,22327,0
DNP,60,20230519,170000,421.8,425.1,421.1,423.5,94237,0
DNP,60,20230522,100000,425.2,427,420.5,426.3,7184,0
DNP,60,20230522,110000,426.1,429.9,425.5,429.2,12416,0
DNP,60,20230522,120000,429.3,429.5,424.5,426,6978,0
DNP,60,20230522,130000,426,428.3,424.4,425.2,7692,0
DNP,60,20230522,140000,424.8,425.3,423.2,424.1,9615,0
DNP,60,20230522,150000,424.1,424.8,422.1,422.6,16257,0
DNP,60,20230522,160000,422.4,423.6,422.1,423.3,28285,0
DNP,60,20230522,170000,422.8,427.4,422.3,425.9,41523,0
DNP,60,20230523,100000,424,431.6,424,430.8,20636,0
DNP,60,20230523,110000,430.8,430.8,427.1,428.5,6890,0
DNP,60,20230523,120000,428.2,428.4,426.2,427.2,7254,0
DNP,60,20230523,130000,427.2,428.1,426.9,427.6,7687,0
DNP,60,20230523,140000,427.7,427.7,422.9,423.4,12897,0
DNP,60,20230523,150000,423.1,425.6,421.8,425,13567,0
DNP,60,20230523,160000,425,425.2,422.7,423.1,19349,0
DNP,60,20230523,170000,423,424,421,422.5,50168,0
DNP,60,20230524,100000,420,424.6,418.2,421.9,22250,0
DNP,60,20230524,110000,421.5,421.5,419.1,421.5,7663,0
DNP,60,20230524,120000,421.4,421.5,420.2,420.3,6323,0
DNP,60,20230524,130000,420.6,421.2,419.4,419.4,8007,0
DNP,60,20230524,140000,419,419.3,415.9,416.6,13814,0
DNP,60,20230524,150000,416.7,419.1,416.6,418.3,16241,0
DNP,60,20230524,160000,418.5,420.9,417.8,420.5,19286,0
DNP,60,20230524,170000,420.3,420.7,418,420.7,45311,0
DNP,60,20230525,100000,422.5,422.5,416,416.8,12288,0
DNP,60,20230525,110000,417.2,419,417,417.9,6615,0
DNP,60,20230525,120000,418.4,421.8,418.2,420.9,7186,0
DNP,60,20230525,130000,420.6,425,420.6,423,10900,0
DNP,60,20230525,140000,423.2,423.6,421.3,422.9,5112,0
DNP,60,20230525,150000,422.9,425.6,422.4,424.5,10679,0
DNP,60,20230525,160000,424.9,425.1,422.8,424.5,9168,0
DNP,60,20230525,170000,424.6,427.8,422.5,425.2,50447,0
DNP,60,20230526,100000,425.6,426.1,419,421.7,14138,0
DNP,60,20230526,110000,421.8,427.5,421.4,427.5,12736,0
DNP,60,20230526,120000,427.1,427.2,425.4,426.2,13025,0
DNP,60,20230526,130000,426.5,427,424.2,424.2,19441,0
DNP,60,20230526,140000,424.3,425.8,422.9,425.2,13502,0
DNP,60,20230526,150000,425.2,426,424.2,425.8,18930,0
DNP,60,20230526,160000,425.7,427,424.6,426.8,23319,0
DNP,60,20230526,170000,426.9,431,425.5,429.5,107484,0
DNP,60,20230529,100000,430.2,431.2,425.6,425.7,2732,0
DNP,60,20230529,110000,425.7,428,424,427.3,4013,0
DNP,60,20230529,120000,427.1,427.6,426,427,2045,0
DNP,60,20230529,130000,427,427.1,425.9,426.5,1717,0
DNP,60,20230529,140000,426.8,427.1,426.3,426.4,2701,0
DNP,60,20230529,150000,426.8,426.8,425.8,426,910,0
DNP,60,20230529,160000,425.9,426.1,424.6,425.2,3057,0
DNP,60,20230529,170000,425,425.4,423.8,424.3,9842,0
DNP,60,20230530,100000,423.1,424,419.8,422,18349,0
DNP,60,20230530,110000,421.9,423,419.3,419.5,19101,0
DNP,60,20230530,120000,419.6,420.8,419.2,420.5,28109,0
DNP,60,20230530,130000,420.6,421.1,419.6,419.9,21069,0
DNP,60,20230530,140000,419.9,419.9,419.2,419.5,12154,0
DNP,60,20230530,150000,419.6,421.9,419.6,421.3,52806,0
DNP,60,20230530,160000,421.3,423.6,421.2,422.8,19924,0
DNP,60,20230530,170000,422.7,423.8,420.8,422,41370,0
DNP,60,20230531,100000,419.3,422.7,417.2,418.7,47075,0
DNP,60,20230531,110000,418.7,420.7,417.3,419.7,28941,0
DNP,60,20230531,120000,419.7,421.9,419.6,420.9,20239,0
DNP,60,20230531,130000,420.9,421,418.8,418.9,18952,0
DNP,60,20230531,140000,418.8,419.5,417.1,418,44043,0
DNP,60,20230531,150000,417.8,418.1,417,417.1,37961,0
DNP,60,20230531,160000,417,420.7,417,419.7,25137,0
DNP,60,20230531,170000,419.5,419.5,415.3,416.1,201959,0
