<TICKER>,<PER>,<DATE>,<TIME>,<OPEN>,<HIGH>,<LOW>,<CLOSE>,<VOL>,<OPENINT>
GPW,60,20220804,100000,36.36,36.4,36.06,36.06,8772,0
GPW,60,20220804,110000,36.04,36.1,36.02,36.04,3428,0
GPW,60,20220804,120000,36.06,36.06,35.72,35.8,7469,0
GPW,60,20220804,130000,35.8,35.88,35.7,35.8,4850,0
GPW,60,20220804,140000,35.8,35.88,35.8,35.86,3417,0
GPW,60,20220804,150000,35.86,35.86,35.82,35.86,2871,0
GPW,60,20220804,160000,35.86,35.86,35.74,35.84,10687,0
GPW,60,20220804,170000,35.82,35.98,35.8,35.96,11315,0
GPW,60,20220805,100000,36,36.4,36,36.3,9366,0
GPW,60,20220805,110000,36.3,36.38,36.24,36.3,8842,0
GPW,60,20220805,120000,36.28,36.4,36.24,36.4,13336,0
GPW,60,20220805,130000,36.4,36.42,36.3,36.42,7021,0
GPW,60,20220805,140000,36.38,36.52,36.38,36.5,7171,0
GPW,60,20220805,150000,36.46,36.54,36.2,36.2,7675,0
GPW,60,20220805,160000,36.26,36.46,36.18,36.22,10532,0
GPW,60,20220805,170000,36.26,36.4,36.24,36.4,6490,0
GPW,60,20220808,100000,36.4,36.68,36.4,36.58,14776,0
GPW,60,20220808,110000,36.5,36.58,36.46,36.58,6981,0
GPW,60,20220808,120000,36.56,36.82,36.56,36.76,10561,0
GPW,60,20220808,130000,36.68,36.76,36.66,36.74,5406,0
GPW,60,20220808,140000,36.74,36.78,36.7,36.74,4440,0
GPW,60,20220808,150000,36.76,36.94,36.72,36.86,9914,0
GPW,60,20220808,160000,36.84,36.98,36.72,36.96,16719,0
GPW,60,20220808,170000,36.96,37.18,36.9,37.18,23532,0
GPW,60,20220809,100000,37.22,37.4,37.02,37.08,14213,0
GPW,60,20220809,110000,37.08,37.18,36.94,37.1,7062,0
GPW,60,20220809,120000,37.18,37.26,37,37.24,13096,0
GPW,60,20220809,130000,37.18,37.24,37.12,37.24,4537,0
GPW,60,20220809,140000,37.16,37.3,37.12,37.2,4767,0
GPW,60,20220809,150000,37.26,37.34,37.14,37.22,6901,0
GPW,60,20220809,160000,37.22,37.34,37.18,37.3,12345,0
GPW,60,20220809,170000,37.3,37.34,37.26,37.34,13280,0
GPW,60,20220810,100000,37.32,37.32,36.96,36.96,8393,0
GPW,60,20220810,110000,36.98,36.98,36.6,36.66,8198,0
GPW,60,20220810,120000,36.64,36.64,36.54,36.54,4293,0
GPW,60,20220810,130000,36.54,36.54,36.32,36.4,2835,0
GPW,60,20220810,140000,36.4,36.4,36.12,36.26,8201,0
GPW,60,20220810,150000,36.24,36.78,36.22,36.74,10530,0
GPW,60,20220810,160000,36.68,36.78,36.56,36.78,6271,0
GPW,60,20220810,170000,36.8,36.82,36.7,36.7,16173,0
GPW,60,20220811,100000,36.84,36.9,36.64,36.72,17066,0
GPW,60,20220811,110000,36.72,36.78,36.64,36.72,3389,0
GPW,60,20220811,120000,36.72,36.72,36.66,36.72,1883,0
GPW,60,20220811,130000,36.7,36.72,36.64,36.72,549,0
GPW,60,20220811,140000,36.72,36.88,36.7,36.88,1289,0
GPW,60,20220811,150000,36.86,37.02,36.74,36.88,5156,0
GPW,60,20220811,160000,36.88,36.88,36.74,36.78,1994,0
GPW,60,20220811,170000,36.78,36.8,36.4,36.4,5970,0
GPW,60,20220812,100000,36.4,36.7,36.36,36.7,4661,0
GPW,60,20220812,110000,36.7,36.96,36.7,36.8,5607,0
GPW,60,20220812,120000,36.88,36.96,36.82,36.9,16634,0
GPW,60,20220812,130000,36.9,36.9,36.7,36.8,5722,0
GPW,60,20220812,140000,36.84,36.84,36.7,36.8,3011,0
GPW,60,20220812,150000,36.8,36.8,36.26,36.28,10618,0
GPW,60,20220812,160000,36.28,36.34,36.08,36.08,8644,0
GPW,60,20220812,170000,36.1,36.2,36.02,36.1,9359,0
GPW,60,20220816,100000,36.4,36.4,36.06,36.16,4168,0
GPW,60,20220816,110000,36.08,36.3,36.08,36.2,9485,0
GPW,60,20220816,120000,36.2,36.2,36.08,36.14,40836,0
GPW,60,20220816,130000,36.08,36.2,36.04,36.12,9992,0
GPW,60,20220816,140000,36.14,36.18,36.1,36.14,5094,0
GPW,60,20220816,150000,36.14,36.14,36.04,36.14,7975,0
GPW,60,20220816,160000,36.14,36.16,36.1,36.14,3591,0
GPW,60,20220816,170000,36.1,36.24,36.1,36.2,8680,0
GPW,60,20220817,100000,36.3,36.3,36.2,36.2,2844,0
GPW,60,20220817,110000,36.2,36.2,35.9,35.98,29013,0
GPW,60,20220817,120000,36,36,35.9,35.92,1662,0
GPW,60,20220817,130000,35.92,36.06,35.9,36,9610,0
GPW,60,20220817,140000,36.04,36.08,35.92,35.98,2707,0
GPW,60,20220817,150000,35.98,36.66,35.98,36.22,37241,0
GPW,60,20220817,160000,36.3,36.34,36.04,36.12,6540,0
GPW,60,20220817,170000,36.06,36.22,36,36.06,15360,0
GPW,60,20220818,100000,36.22,36.3,35.8,35.92,8770,0
GPW,60,20220818,110000,35.92,36,35.82,35.92,1315,0
GPW,60,20220818,120000,35.9,36.04,35.86,35.9,1352,0
GPW,60,20220818,130000,35.98,36,35.9,36,724,0
GPW,60,20220818,140000,35.92,36,35.88,35.9,505,0
GPW,60,20220818,150000,35.9,36,35.88,35.96,1437,0
GPW,60,20220818,160000,35.88,36.02,35.88,35.96,1193,0
GPW,60,20220818,170000,35.96,36.2,35.9,36.2,3819,0
GPW,60,20220819,100000,36.28,36.28,36,36,1791,0
GPW,60,20220819,110000,36.04,36.04,35.58,35.76,6872,0
GPW,60,20220819,120000,35.68,35.8,35.66,35.68,1952,0
GPW,60,20220819,130000,35.72,35.84,35.72,35.72,1227,0
GPW,60,20220819,140000,35.72,35.9,35.68,35.74,2277,0
GPW,60,20220819,150000,35.76,35.84,35.76,35.78,185,0
GPW,60,20220819,160000,35.88,36,35.7,35.76,2330,0
GPW,60,20220819,170000,35.7,35.76,35.6,35.64,2922,0
GPW,60,20220822,100000,35.78,35.9,35.64,35.64,10228,0
GPW,60,20220822,110000,35.7,35.8,35.54,35.78,9947,0
GPW,60,20220822,120000,35.7,35.8,35.66,35.78,4479,0
GPW,60,20220822,130000,35.82,35.92,35.74,35.92,18241,0
GPW,60,20220822,140000,35.92,35.94,35.86,35.9,2490,0
GPW,60,20220822,150000,35.9,35.94,35.86,35.94,1760,0
GPW,60,20220822,160000,35.92,35.92,35.84,35.9,4163,0
GPW,60,20220822,170000,35.86,36,35.84,36,6545,0
GPW,60,20220823,100000,35.96,35.96,35.5,35.52,6513,0
GPW,60,20220823,110000,35.5,35.72,35.4,35.6,6528,0
GPW,60,20220823,120000,35.58,35.94,35.56,35.74,11984,0
GPW,60,20220823,130000,35.74,35.82,35.62,35.62,2201,0
GPW,60,20220823,140000,35.64,35.64,35.56,35.6,2560,0
GPW,60,20220823,150000,35.66,35.7,35.54,35.6,2932,0
GPW,60,20220823,160000,35.54,35.68,35.5,35.68,3442,0
GPW,60,20220823,170000,35.68,35.68,35.5,35.5,12319,0
GPW,60,20220824,100000,35.5,35.7,35.36,35.5,4894,0
GPW,60,20220824,110000,35.54,35.72,35.5,35.72,1223,0
GPW,60,20220824,120000,35.7,35.84,35.68,35.76,8240,0
GPW,60,20220824,130000,35.84,35.84,35.72,35.72,929,0
GPW,60,20220824,140000,35.7,35.7,35.62,35.62,2839,0
GPW,60,20220824,150000,35.62,35.74,35.54,35.6,3010,0
GPW,60,20220824,160000,35.64,35.64,35.28,35.34,7677,0
GPW,60,20220824,170000,35.44,35.5,35.22,35.46,3593,0
GPW,60,20220825,100000,35.6,35.76,35.52,35.6,4355,0
GPW,60,20220825,110000,35.6,35.64,35.4,35.54,6252,0
GPW,60,20220825,120000,35.54,35.54,35.22,35.38,2345,0
GPW,60,20220825,130000,35.38,35.4,35.32,35.38,804,0
GPW,60,20220825,140000,35.38,35.42,35.22,35.4,4481,0
GPW,60,20220825,150000,35.4,35.46,35.26,35.3,6049,0
GPW,60,20220825,160000,35.3,35.4,35.26,35.36,6097,0
GPW,60,20220825,170000,35.44,35.5,35.26,35.26,5849,0
GPW,60,20220826,100000,35.42,35.48,35.4,35.48,8291,0
GPW,60,20220826,110000,35.48,35.48,35.3,35.36,8821,0
GPW,60,20220826,120000,35.38,35.42,35.36,35.4,8210,0
GPW,60,20220826,130000,35.4,35.4,35.36,35.38,1980,0
GPW,60,20220826,140000,35.36,35.42,35.36,35.4,4713,0
GPW,60,20220826,150000,35.4,35.4,35.32,35.34,3232,0
GPW,60,20220826,160000,35.36,35.52,35.34,35.5,6034,0
GPW,60,20220826,170000,35.44,35.5,35.34,35.4,12937,0
GPW,60,20220829,100000,35.34,35.34,34.64,34.72,29239,0
GPW,60,20220829,110000,34.72,34.78,34.54,34.58,4139,0
GPW,60,20220829,120000,34.68,34.88,34.64,34.8,6107,0
GPW,60,20220829,130000,34.84,34.84,34.72,34.74,1318,0
GPW,60,20220829,140000,34.74,34.84,34.62,34.84,2075,0
GPW,60,20220829,150000,34.82,34.94,34.6,34.64,7467,0
GPW,60,20220829,160000,34.62,35.1,34.6,35.1,11932,0
GPW,60,20220829,170000,35.1,35.28,35.02,35.06,4812,0
GPW,60,20220830,100000,35,35.12,34.9,35.02,6277,0
GPW,60,20220830,110000,35.14,35.3,35.06,35.2,9440,0
GPW,60,20220830,120000,35.3,35.3,35.02,35.18,6750,0
GPW,60,20220830,130000,35.14,35.3,35.14,35.3,5404,0
GPW,60,20220830,140000,35.28,35.34,35.24,35.32,2925,0
GPW,60,20220830,150000,35.28,35.3,35.02,35.12,5498,0
GPW,60,20220830,160000,35.14,35.14,34.86,34.88,7693,0
GPW,60,20220830,170000,34.86,34.9,34.38,34.58,24071,0
GPW,60,20220831,100000,34.68,34.9,34.6,34.7,6040,0
GPW,60,20220831,110000,34.62,34.64,34.46,34.6,4111,0
GPW,60,20220831,120000,34.6,34.64,34.48,34.6,3280,0
GPW,60,20220831,130000,34.64,34.64,34.5,34.54,1574,0
GPW,60,20220831,140000,34.48,34.52,34.48,34.52,1845,0
GPW,60,20220831,150000,34.48,34.82,34.48,34.8,5150,0
GPW,60,20220831,160000,34.74,34.74,34.58,34.66,2429,0
GPW,60,20220831,170000,34.68,34.7,34.4,34.4,8592,0
GPW,60,20220901,100000,34.48,34.48,34.3,34.32,10745,0
GPW,60,20220901,110000,34.34,34.36,34.22,34.26,11320,0
GPW,60,20220901,120000,34.32,34.38,34.32,34.36,4639,0
GPW,60,20220901,130000,34.36,34.4,34.26,34.4,2191,0
GPW,60,20220901,140000,34.38,34.46,34.36,34.4,2020,0
GPW,60,20220901,150000,34.38,34.42,34.26,34.26,2287,0
GPW,60,20220901,160000,34.24,34.28,34.22,34.26,3470,0
GPW,60,20220901,170000,34.26,34.44,34.1,34.1,8756,0
GPW,60,20220902,100000,34.1,34.32,34.04,34.18,5350,0
GPW,60,20220902,110000,34.18,34.6,34.12,34.58,7571,0
GPW,60,20220902,120000,34.52,34.56,34.34,34.34,4288,0
GPW,60,20220902,130000,34.34,34.38,34.3,34.3,1958,0
GPW,60,20220902,140000,34.36,34.42,34.3,34.3,5064,0
GPW,60,20220902,150000,34.26,34.26,34.16,34.16,2094,0
GPW,60,20220902,160000,34.22,34.22,34.16,34.2,2068,0
GPW,60,20220902,170000,34.22,34.58,34.16,34.16,6875,0
GPW,60,20220905,100000,34.5,34.58,34.24,34.34,3811,0
GPW,60,20220905,110000,34.3,34.4,34.28,34.4,1091,0
GPW,60,20220905,120000,34.4,34.6,34.4,34.6,6564,0
GPW,60,20220905,130000,34.6,34.8,34.6,34.8,13306,0
GPW,60,20220905,140000,34.76,34.84,34.7,34.84,9340,0
GPW,60,20220905,150000,34.86,35.12,34.8,35.12,7805,0
GPW,60,20220905,160000,35.16,35.22,34.8,34.8,8110,0
GPW,60,20220905,170000,34.86,35.18,34.8,35.18,14896,0
GPW,60,20220906,100000,35.16,35.16,34.7,34.8,3774,0
GPW,60,20220906,110000,34.82,34.88,34.76,34.88,3128,0
GPW,60,20220906,120000,34.88,34.88,34.62,34.64,4723,0
GPW,60,20220906,130000,34.64,34.64,34.5,34.5,1920,0
GPW,60,20220906,140000,34.46,34.5,34.42,34.48,2504,0
GPW,60,20220906,150000,34.42,34.5,34.42,34.46,1783,0
GPW,60,20220906,160000,34.44,34.48,34.24,34.24,7495,0
GPW,60,20220906,170000,34.36,34.36,34.16,34.2,3514,0
GPW,60,20220907,100000,34.32,34.42,34.16,34.24,6501,0
GPW,60,20220907,110000,34.26,34.46,34.24,34.46,1271,0
GPW,60,20220907,120000,34.46,34.6,34.3,34.4,1957,0
GPW,60,20220907,130000,34.54,34.64,34.46,34.5,589,0
GPW,60,20220907,140000,34.5,34.72,34.44,34.7,1260,0
GPW,60,20220907,150000,34.6,34.66,34.52,34.66,1527,0
GPW,60,20220907,160000,34.66,34.66,34.5,34.5,973,0
GPW,60,20220907,170000,34.58,34.66,34.5,34.64,2211,0
GPW,60,20220908,100000,34.8,35,34.74,34.88,2897,0
GPW,60,20220908,110000,34.88,34.9,34.82,34.86,4364,0
GPW,60,20220908,120000,34.86,34.86,34.8,34.82,5206,0
GPW,60,20220908,130000,34.82,34.82,34.72,34.8,1091,0
GPW,60,20220908,140000,34.8,34.8,34.7,34.78,1699,0
GPW,60,20220908,150000,34.72,34.72,34.52,34.52,4227,0
GPW,60,20220908,160000,34.56,34.58,34.24,34.28,7725,0
GPW,60,20220908,170000,34.26,34.68,34.26,34.66,4130,0
GPW,60,20220909,100000,34.8,35.5,34.8,35.48,12678,0
GPW,60,20220909,110000,35.44,35.74,35.44,35.74,6782,0
GPW,60,20220909,120000,35.64,35.72,35.6,35.66,2585,0
GPW,60,20220909,130000,35.66,35.66,35.5,35.6,2375,0
GPW,60,20220909,140000,35.6,35.68,35.52,35.64,1911,0
GPW,60,20220909,150000,35.66,35.7,35.54,35.54,1396,0
GPW,60,20220909,160000,35.58,35.64,35.44,35.54,1731,0
GPW,60,20220909,170000,35.54,35.7,35.3,35.7,4727,0
GPW,60,20220912,100000,35.78,35.88,35.3,35.76,13252,0
GPW,60,20220912,110000,35.76,35.76,35.7,35.74,1955,0
GPW,60,20220912,120000,35.74,35.74,35.54,35.66,2743,0
GPW,60,20220912,130000,35.58,35.6,35.5,35.6,1745,0
GPW,60,20220912,140000,35.54,35.56,35.42,35.48,1151,0
GPW,60,20220912,150000,35.44,35.52,35.4,35.52,1008,0
GPW,60,20220912,160000,35.5,35.6,35.44,35.6,4173,0
GPW,60,20220912,170000,35.56,35.6,35.4,35.56,4088,0
GPW,60,20220913,100000,35.68,35.68,35.5,35.5,2992,0
GPW,60,20220913,110000,35.54,35.56,35.4,35.5,1305,0
GPW,60,20220913,120000,35.4,35.48,35.2,35.24,3572,0
GPW,60,20220913,130000,35.24,35.34,35.1,35.2,3866,0
GPW,60,20220913,140000,35.2,35.22,35.06,35.16,1272,0
GPW,60,20220913,150000,35.16,35.16,34.98,35,3157,0
GPW,60,20220913,160000,35,35.02,34.72,34.72,1920,0
GPW,60,20220913,170000,34.82,34.96,34.72,34.72,5261,0
GPW,60,20220914,100000,34.72,34.82,34.6,34.82,6178,0
GPW,60,20220914,110000,34.84,34.96,34.74,34.78,6259,0
GPW,60,20220914,120000,34.78,34.8,34.72,34.76,3555,0
GPW,60,20220914,130000,34.76,34.76,34.72,34.76,606,0
GPW,60,20220914,140000,34.72,34.76,34.6,34.6,8959,0
GPW,60,20220914,150000,34.6,34.66,34.54,34.62,1622,0
GPW,60,20220914,160000,34.62,34.64,34.52,34.52,2181,0
GPW,60,20220914,170000,34.56,34.6,34.5,34.5,3609,0
GPW,60,20220915,100000,34.6,34.74,34.6,34.66,2537,0
GPW,60,20220915,110000,34.64,34.64,34.5,34.58,1680,0
GPW,60,20220915,120000,34.58,34.58,34.48,34.54,2236,0
GPW,60,20220915,130000,34.54,34.62,34.48,34.5,1951,0
GPW,60,20220915,140000,34.48,34.52,34.48,34.52,581,0
GPW,60,20220915,150000,34.48,34.52,34.42,34.5,756,0
GPW,60,20220915,160000,34.52,34.62,34.36,34.5,7058,0
GPW,60,20220915,170000,34.6,34.7,34.52,34.6,4362,0
GPW,60,20220916,100000,34.66,34.76,34.46,34.46,1671,0
GPW,60,20220916,110000,34.5,34.5,34.36,34.4,4214,0
GPW,60,20220916,120000,34.4,34.46,34.28,34.46,7008,0
GPW,60,20220916,130000,34.46,34.48,34.36,34.36,2434,0
GPW,60,20220916,140000,34.42,34.44,34.22,34.26,2738,0
GPW,60,20220916,150000,34.32,34.42,34.3,34.32,1521,0
GPW,60,20220916,160000,34.28,34.32,34.1,34.16,18066,0
GPW,60,20220916,170000,34.16,34.34,34.1,34.1,20666,0
GPW,60,20220919,100000,34.28,34.78,34.2,34.54,10000,0
GPW,60,20220919,110000,34.42,34.44,34.36,34.36,1561,0
GPW,60,20220919,120000,34.42,34.54,34.3,34.48,8283,0
GPW,60,20220919,130000,34.52,34.56,34.4,34.4,907,0
GPW,60,20220919,140000,34.36,34.4,34.3,34.4,1436,0
GPW,60,20220919,150000,34.4,34.52,34.36,34.38,2800,0
GPW,60,20220919,160000,34.36,34.56,34.36,34.54,3399,0
GPW,60,20220919,170000,34.54,34.58,34.3,34.3,12129,0
GPW,60,20220920,100000,34.5,34.84,34.48,34.52,4079,0
GPW,60,20220920,110000,34.54,34.56,34.4,34.4,2323,0
GPW,60,20220920,120000,34.44,34.44,34.36,34.4,297,0
GPW,60,20220920,130000,34.4,34.4,34.2,34.24,4147,0
GPW,60,20220920,140000,34.24,34.28,34.24,34.24,1102,0
GPW,60,20220920,150000,34.26,34.26,34.16,34.18,2129,0
GPW,60,20220920,160000,34.16,34.28,34.1,34.22,3780,0
GPW,60,20220920,170000,34.22,34.28,34.1,34.22,4500,0
GPW,60,20220921,100000,34.1,34.26,34.1,34.16,3218,0
GPW,60,20220921,110000,34.18,34.18,33.92,33.92,13521,0
GPW,60,20220921,120000,33.92,34,33.92,33.98,3647,0
GPW,60,20220921,130000,34,34.02,33.96,34,4960,0
GPW,60,20220921,140000,34,34.08,33.98,34,2160,0
GPW,60,20220921,150000,34,34.02,33.9,34,6388,0
GPW,60,20220921,160000,33.98,34.02,33.9,33.9,4048,0
GPW,60,20220921,170000,34,34.16,33.94,34,12091,0
GPW,60,20220922,100000,33.9,34.1,33.84,34.06,4173,0
GPW,60,20220922,110000,34.1,34.26,34.04,34.26,5401,0
GPW,60,20220922,120000,34.28,34.28,33.9,33.92,6831,0
GPW,60,20220922,130000,33.94,34.18,33.94,34.18,4029,0
GPW,60,20220922,140000,34.14,34.18,34.04,34.12,2202,0
GPW,60,20220922,150000,34.12,34.12,34.04,34.08,3367,0
GPW,60,20220922,160000,34.1,34.12,34,34.04,8267,0
GPW,60,20220922,170000,34,34.04,33.98,34,5574,0
GPW,60,20220923,100000,34.02,34.1,33.84,34,15036,0
GPW,60,20220923,110000,34,34.08,33.8,34.02,11323,0
GPW,60,20220923,120000,34,34,33.78,33.8,3100,0
GPW,60,20220923,130000,33.82,33.86,33.74,33.78,2115,0
GPW,60,20220923,140000,33.84,33.84,33.72,33.74,1675,0
GPW,60,20220923,150000,33.8,33.9,33.72,33.8,2588,0
GPW,60,20220923,160000,33.74,33.82,33.68,33.82,5871,0
GPW,60,20220923,170000,33.72,33.76,33.5,33.58,9521,0
GPW,60,20220926,100000,33.7,33.7,33.32,33.38,11983,0
GPW,60,20220926,110000,33.34,33.48,33.2,33.42,12192,0
GPW,60,20220926,120000,33.32,33.46,33.16,33.2,18190,0
GPW,60,20220926,130000,33.2,33.2,32.66,32.66,19076,0
GPW,60,20220926,140000,32.66,32.7,32.5,32.54,6327,0
GPW,60,20220926,150000,32.54,32.72,32.3,32.56,11566,0
GPW,60,20220926,160000,32.62,32.7,32.5,32.58,7015,0
GPW,60,20220926,170000,32.58,32.86,32.52,32.8,23964,0
GPW,60,20220927,100000,32.8,33.2,32.72,32.86,10266,0
GPW,60,20220927,110000,32.84,32.94,32.76,32.82,9867,0
GPW,60,20220927,120000,32.84,32.84,32.6,32.78,10415,0
GPW,60,20220927,130000,32.66,32.98,32.66,32.84,6376,0
GPW,60,20220927,140000,32.9,33,32.84,32.92,5857,0
GPW,60,20220927,150000,32.92,32.92,32.72,32.72,5649,0
GPW,60,20220927,160000,32.72,32.82,32.6,32.72,9019,0
GPW,60,20220927,170000,32.7,33,32.62,32.7,9933,0
GPW,60,20220928,100000,32.5,32.6,32.06,32.26,55666,0
GPW,60,20220928,110000,32.28,32.56,32.22,32.5,20092,0
GPW,60,20220928,120000,32.5,32.5,32,32.14,24228,0
GPW,60,20220928,130000,32.04,32.44,32.04,32.32,6963,0
GPW,60,20220928,140000,32.38,32.44,32.2,32.26,4463,0
GPW,60,20220928,150000,32.26,32.68,32.24,32.66,6737,0
GPW,60,20220928,160000,32.64,32.7,32.5,32.7,7123,0
GPW,60,20220928,170000,32.7,32.86,32.38,32.86,12112,0
GPW,60,20220929,100000,32.9,33.32,32.9,33.02,10062,0
GPW,60,20220929,110000,32.92,33.14,32.92,33.02,4376,0
GPW,60,20220929,120000,33.04,33.38,33,33.2,4609,0
GPW,60,20220929,130000,33.24,33.26,33.04,33.24,3060,0
GPW,60,20220929,140000,33.22,33.32,33.22,33.32,5199,0
GPW,60,20220929,150000,33.26,33.3,33.06,33.24,10101,0
GPW,60,20220929,160000,33.14,33.18,32.94,32.94,2861,0
GPW,60,20220929,170000,32.94,33.04,32.5,33,16284,0
GPW,60,20220930,100000,33,33.1,32.68,32.84,17808,0
GPW,60,20220930,110000,32.8,32.8,32.28,32.32,16753,0
GPW,60,20220930,120000,32.26,32.54,32.26,32.54,6094,0
GPW,60,20220930,130000,32.58,32.78,32.56,32.56,3468,0
GPW,60,20220930,140000,32.66,32.66,32.36,32.36,5611,0
GPW,60,20220930,150000,32.38,32.38,32.18,32.32,10847,0
GPW,60,20220930,160000,32.32,32.44,32.24,32.44,5949,0
GPW,60,20220930,170000,32.44,32.78,32.3,32.78,8666,0
GPW,60,20221003,100000,32.66,32.78,32.24,32.24,18213,0
GPW,60,20221003,110000,32.3,32.3,31.9,32.2,23683,0
GPW,60,20221003,120000,32.2,32.2,32,32.04,6203,0
GPW,60,20221003,130000,32.12,32.18,32,32,3107,0
GPW,60,20221003,140000,32.08,32.1,31.54,31.54,15647,0
GPW,60,20221003,150000,31.6,31.86,31.54,31.8,7684,0
GPW,60,20221003,160000,31.8,31.96,31.76,31.9,6155,0
GPW,60,20221003,170000,31.92,32.44,31.9,32.2,18157,0
GPW,60,20221004,100000,32.68,33.12,32.6,33.06,7296,0
GPW,60,20221004,110000,33.08,33.26,33,33.02,5621,0
GPW,60,20221004,120000,33.08,33.1,32.9,33.1,2457,0
GPW,60,20221004,130000,33.1,33.2,32.82,32.94,8292,0
GPW,60,20221004,140000,32.84,32.92,32.82,32.86,1218,0
GPW,60,20221004,150000,32.9,32.9,32.6,32.74,5797,0
GPW,60,20221004,160000,32.74,32.84,32.66,32.78,1346,0
GPW,60,20221004,170000,32.78,32.9,32.62,32.9,6984,0
GPW,60,20221005,100000,32.98,33,32.72,32.9,6298,0
GPW,60,20221005,110000,32.8,32.8,32.5,32.6,4979,0
GPW,60,20221005,120000,32.66,32.66,32.54,32.54,1822,0
GPW,60,20221005,130000,32.58,32.58,32.46,32.54,990,0
GPW,60,20221005,140000,32.5,32.56,32.48,32.5,1371,0
GPW,60,20221005,150000,32.48,32.5,32.4,32.42,3320,0
GPW,60,20221005,160000,32.4,32.5,32.4,32.46,3538,0
GPW,60,20221005,170000,32.42,32.64,32.4,32.5,19478,0
GPW,60,20221006,100000,32.64,32.94,32.64,32.94,4504,0
GPW,60,20221006,110000,32.88,32.92,32.8,32.8,2181,0
GPW,60,20221006,120000,32.8,32.88,32.66,32.68,3656,0
GPW,60,20221006,130000,32.68,32.74,32.62,32.66,3377,0
GPW,60,20221006,140000,32.62,32.64,32.56,32.6,3756,0
GPW,60,20221006,150000,32.6,32.62,32.58,32.62,2817,0
GPW,60,20221006,160000,32.62,32.7,32.58,32.7,8832,0
GPW,60,20221006,170000,32.64,32.76,32.56,32.76,6202,0
GPW,60,20221007,100000,32.78,32.78,32.68,32.72,1673,0
GPW,60,20221007,110000,32.62,32.72,32.62,32.7,1549,0
GPW,60,20221007,120000,32.7,33.16,32.62,33.04,23363,0
GPW,60,20221007,130000,33.04,33.12,33,33.04,3744,0
GPW,60,20221007,140000,33,33.02,32.9,33.02,4184,0
GPW,60,20221007,150000,33.02,33.2,32.96,33,4458,0
GPW,60,20221007,160000,32.98,32.98,32.7,32.76,7668,0
GPW,60,20221007,170000,32.88,32.88,32.7,32.8,4370,0
GPW,60,20221010,100000,32.8,33,32.52,32.52,4703,0
GPW,60,20221010,110000,32.52,32.74,32.42,32.6,8441,0
GPW,60,20221010,120000,32.52,32.66,32.5,32.64,4082,0
GPW,60,20221010,130000,32.54,32.54,32.3,32.36,4783,0
GPW,60,20221010,140000,32.4,32.4,32.24,32.36,1279,0
GPW,60,20221010,150000,32.28,32.36,32.2,32.28,3393,0
GPW,60,20221010,160000,32.26,32.26,32.02,32.04,4108,0
GPW,60,20221010,170000,32.08,32.12,31.88,31.88,17100,0
GPW,60,20221011,100000,32.22,32.22,31.62,31.62,17378,0
GPW,60,20221011,110000,31.64,31.74,31.52,31.58,17082,0
GPW,60,20221011,120000,31.58,31.66,31.5,31.56,3605,0
GPW,60,20221011,130000,31.52,31.7,31.5,31.68,9799,0
GPW,60,20221011,140000,31.66,31.7,31.58,31.68,2278,0
GPW,60,20221011,150000,31.6,31.7,31.58,31.66,8072,0
GPW,60,20221011,160000,31.66,31.7,31.46,31.46,6784,0
GPW,60,20221011,170000,31.44,31.56,31.32,31.48,8162,0
GPW,60,20221012,100000,31.5,31.78,31.46,31.48,5145,0
GPW,60,20221012,110000,31.5,31.66,31.48,31.5,4090,0
GPW,60,20221012,120000,31.5,31.94,31.42,31.82,7194,0
GPW,60,20221012,130000,31.88,31.9,31.7,31.78,6341,0
GPW,60,20221012,140000,31.78,31.86,31.64,31.78,5547,0
GPW,60,20221012,150000,31.78,32.2,31.78,32.06,12504,0
GPW,60,20221012,160000,32.08,32.3,32.08,32.2,7627,0
GPW,60,20221012,170000,32.2,32.38,32.12,32.2,23336,0
GPW,60,20221013,100000,32.1,32.4,31.92,32.12,20753,0
GPW,60,20221013,110000,32.12,32.2,32.1,32.1,11718,0
GPW,60,20221013,120000,32.14,32.36,32.1,32.12,5722,0
GPW,60,20221013,130000,32.1,32.18,32.02,32.02,5271,0
GPW,60,20221013,140000,32,32.16,32,32.04,4235,0
GPW,60,20221013,150000,32,32.2,31.78,32,16423,0
GPW,60,20221013,160000,31.72,32.3,31.72,32.28,15948,0
GPW,60,20221013,170000,32.16,32.6,32.06,32.5,21167,0
GPW,60,20221014,100000,32.6,32.74,32.42,32.5,5336,0
GPW,60,20221014,110000,32.5,32.5,32.28,32.28,4727,0
GPW,60,20221014,120000,32.36,32.36,32.12,32.26,2904,0
GPW,60,20221014,130000,32.2,32.38,32.2,32.32,2600,0
GPW,60,20221014,140000,32.32,32.4,32.2,32.32,11211,0
GPW,60,20221014,150000,32.32,32.36,32.18,32.32,8863,0
GPW,60,20221014,160000,32.28,32.38,32.26,32.38,2326,0
GPW,60,20221014,170000,32.28,32.34,32,32.1,4300,0
GPW,60,20221017,100000,32.12,32.46,31.98,32,2836,0
GPW,60,20221017,110000,31.96,32,31.76,31.78,5235,0
GPW,60,20221017,120000,31.9,31.9,31.76,31.84,662,0
GPW,60,20221017,130000,31.84,31.9,31.74,31.88,9196,0
GPW,60,20221017,140000,31.88,31.9,31.78,31.9,2415,0
GPW,60,20221017,150000,31.9,31.92,31.76,31.76,3311,0
GPW,60,20221017,160000,31.86,32.26,31.8,32.26,9694,0
GPW,60,20221017,170000,32.04,32.18,31.8,31.8,12453,0
GPW,60,20221018,100000,32.3,32.3,32,32.28,1654,0
GPW,60,20221018,110000,32.28,32.28,32.1,32.2,2344,0
GPW,60,20221018,120000,32.1,32.2,31.96,32,9299,0
GPW,60,20221018,130000,32,32.1,31.92,32,3210,0
GPW,60,20221018,140000,32.06,32.06,31.92,32.06,2213,0
GPW,60,20221018,150000,32.06,32.06,31.96,32,4555,0
GPW,60,20221018,160000,32.02,32.06,31.92,31.96,1306,0
GPW,60,20221018,170000,32,32.06,31.94,32.06,4512,0
GPW,60,20221019,100000,32,32.06,31.82,31.86,4168,0
GPW,60,20221019,110000,31.82,31.88,31.82,31.82,719,0
GPW,60,20221019,120000,31.84,31.88,31.7,31.74,7758,0
GPW,60,20221019,130000,31.76,31.76,31.7,31.72,4826,0
GPW,60,20221019,140000,31.72,31.74,31.62,31.62,10661,0
GPW,60,20221019,150000,31.62,31.66,31.6,31.6,5834,0
GPW,60,20221019,160000,31.6,31.66,31.5,31.58,4318,0
GPW,60,20221019,170000,31.58,31.62,31.5,31.5,5267,0
GPW,60,20221020,100000,31.7,31.7,31.44,31.58,9482,0
GPW,60,20221020,110000,31.48,31.64,31.44,31.6,3354,0
GPW,60,20221020,120000,31.58,31.7,31.52,31.54,2769,0
GPW,60,20221020,130000,31.64,31.64,31.46,31.48,5449,0
GPW,60,20221020,140000,31.48,31.5,31.48,31.5,2754,0
GPW,60,20221020,150000,31.52,31.52,31.38,31.42,6819,0
GPW,60,20221020,160000,31.42,31.52,31.26,31.48,21153,0
GPW,60,20221020,170000,31.48,31.98,31.38,31.6,87000,0
GPW,60,20221021,100000,31.7,31.7,31.5,31.62,3057,0
GPW,60,20221021,110000,31.62,31.62,31.34,31.38,10342,0
GPW,60,20221021,120000,31.38,31.46,31.34,31.42,812,0
GPW,60,20221021,130000,31.38,31.46,31.32,31.46,2263,0
GPW,60,20221021,140000,31.46,31.46,31.32,31.4,1514,0
GPW,60,20221021,150000,31.4,31.48,31.16,31.24,3022,0
GPW,60,20221021,160000,31.24,31.4,31.18,31.4,1634,0
GPW,60,20221021,170000,31.4,31.5,31.22,31.5,4235,0
GPW,60,20221024,100000,31.78,31.8,31.46,31.58,7312,0
GPW,60,20221024,110000,31.58,31.58,31.42,31.56,1841,0
GPW,60,20221024,120000,31.56,31.74,31.54,31.74,8407,0
GPW,60,20221024,130000,31.7,31.74,31.54,31.56,5182,0
GPW,60,20221024,140000,31.62,31.62,31.46,31.6,6579,0
GPW,60,20221024,150000,31.56,31.6,31.46,31.54,2488,0
GPW,60,20221024,160000,31.52,31.6,31.46,31.6,4615,0
GPW,60,20221024,170000,31.6,31.6,31.44,31.6,5425,0
GPW,60,20221025,100000,31.66,32.1,31.6,31.96,11839,0
GPW,60,20221025,110000,32,32.34,32,32.28,3853,0
GPW,60,20221025,120000,32.28,32.28,32,32.1,3461,0
GPW,60,20221025,130000,32.08,32.1,31.9,32.08,3740,0
GPW,60,20221025,140000,32.08,32.1,31.78,31.88,3210,0
GPW,60,20221025,150000,31.84,31.96,31.8,31.82,4440,0
GPW,60,20221025,160000,31.82,31.98,31.78,31.92,5903,0
GPW,60,20221025,170000,31.92,32,31.7,31.7,6470,0
GPW,60,20221026,100000,31.72,32.26,31.7,32.18,8334,0
GPW,60,20221026,110000,32.18,32.46,32.02,32.2,16066,0
GPW,60,20221026,120000,32.2,32.4,32.2,32.34,10814,0
GPW,60,20221026,130000,32.34,32.38,32.2,32.3,3268,0
GPW,60,20221026,140000,32.3,32.3,32.1,32.14,3403,0
GPW,60,20221026,150000,32.14,32.16,31.96,32,5848,0
GPW,60,20221026,160000,32,32.04,31.94,31.98,4949,0
GPW,60,20221026,170000,31.98,31.98,31.88,31.9,11499,0
GPW,60,20221027,100000,31.98,32.34,31.96,32.18,6040,0
GPW,60,20221027,110000,32.18,32.58,32.18,32.48,7884,0
GPW,60,20221027,120000,32.52,32.52,32.4,32.48,3469,0
GPW,60,20221027,130000,32.42,32.46,32.32,32.44,3326,0
GPW,60,20221027,140000,32.44,32.46,32.32,32.42,4552,0
GPW,60,20221027,150000,32.42,32.5,32.36,32.46,4232,0
GPW,60,20221027,160000,32.48,32.7,32.48,32.56,7921,0
GPW,60,20221027,170000,32.6,32.72,32.4,32.4,7887,0
GPW,60,20221028,100000,32.52,32.52,32.34,32.36,3467,0
GPW,60,20221028,110000,32.36,32.38,32.26,32.28,1792,0
GPW,60,20221028,120000,32.28,32.32,32.06,32.08,8437,0
GPW,60,20221028,130000,32.04,32.04,31.92,32,8561,0
GPW,60,20221028,140000,31.98,32.24,31.98,32.18,3452,0
GPW,60,20221028,150000,32.16,32.26,32.12,32.18,6761,0
GPW,60,20221028,160000,32.18,32.24,32.12,32.2,7133,0
GPW,60,20221028,170000,32.12,32.28,31.96,31.96,26146,0
GPW,60,20221031,100000,32,32.24,32,32.14,12171,0
GPW,60,20221031,110000,32.1,32.22,32.06,32.12,22933,0
GPW,60,20221031,120000,32.08,32.32,31.96,32.06,32041,0
GPW,60,20221031,130000,32.06,32.24,32.06,32.12,12538,0
GPW,60,20221031,140000,32.12,32.14,32.04,32.14,8772,0
GPW,60,20221031,150000,32.12,32.4,32.1,32.34,7623,0
GPW,60,20221031,160000,32.32,32.4,32.12,32.34,5706,0
GPW,60,20221031,170000,32.32,32.5,32.3,32.32,9543,0
GPW,60,20221102,100000,32.48,33.38,32.48,33.2,25283,0
GPW,60,20221102,110000,33.12,33.64,33.12,33.38,5541,0
GPW,60,20221102,120000,33.38,33.6,33.32,33.5,13974,0
GPW,60,20221102,130000,33.5,33.6,33.44,33.48,10004,0
GPW,60,20221102,140000,33.48,33.5,33.4,33.5,9408,0
GPW,60,20221102,150000,33.54,33.6,33.5,33.58,5987,0
GPW,60,20221102,160000,33.5,33.58,33.48,33.54,6861,0
GPW,60,20221102,170000,33.48,33.6,33.46,33.5,7872,0
GPW,60,20221103,100000,33.36,33.5,33.14,33.34,9810,0
GPW,60,20221103,110000,33.36,33.76,33.36,33.7,5819,0
GPW,60,20221103,120000,33.68,33.72,33.44,33.54,11185,0
GPW,60,20221103,130000,33.54,33.62,33.5,33.56,2369,0
GPW,60,20221103,140000,33.56,33.76,33.48,33.48,5372,0
GPW,60,20221103,150000,33.46,33.68,33.38,33.66,4946,0
GPW,60,20221103,160000,33.66,33.66,33.46,33.6,5717,0
GPW,60,20221103,170000,33.6,33.64,33.22,33.5,28353,0
GPW,60,20221104,100000,33.7,33.82,33.6,33.6,5676,0
GPW,60,20221104,110000,33.68,34.1,33.68,34.08,7402,0
GPW,60,20221104,120000,34.06,34.12,33.78,34.12,4355,0
GPW,60,20221104,130000,34.12,34.12,33.98,34.04,3397,0
GPW,60,20221104,140000,34.04,34.12,33.94,34.1,1838,0
GPW,60,20221104,150000,34.1,34.24,34.1,34.16,3171,0
GPW,60,20221104,160000,34.2,34.38,34.16,34.38,2541,0
GPW,60,20221104,170000,34.38,34.5,34.2,34.5,14578,0
GPW,60,20221107,100000,34.54,34.98,34.44,34.98,8805,0
GPW,60,20221107,110000,34.92,35,34.68,34.74,5582,0
GPW,60,20221107,120000,34.74,34.74,34.4,34.4,3546,0
GPW,60,20221107,130000,34.4,34.52,34.1,34.34,5855,0
GPW,60,20221107,140000,34.36,34.36,34.18,34.34,2606,0
GPW,60,20221107,150000,34.34,34.36,34.24,34.34,2388,0
GPW,60,20221107,160000,34.32,34.36,34.12,34.16,2894,0
GPW,60,20221107,170000,34.16,34.62,34.16,34.4,20846,0
GPW,60,20221108,100000,34.62,34.84,34.5,34.84,6215,0
GPW,60,20221108,110000,34.7,34.9,34.56,34.74,6810,0
GPW,60,20221108,120000,34.74,34.8,34.54,34.64,2398,0
GPW,60,20221108,130000,34.64,34.82,34.54,34.82,3507,0
GPW,60,20221108,140000,34.8,35.02,34.78,34.86,17494,0
GPW,60,20221108,150000,34.84,35.08,34.82,35.04,2486,0
GPW,60,20221108,160000,35.08,35.26,34.98,35.26,7717,0
GPW,60,20221108,170000,35.24,35.4,35.14,35.38,6547,0
GPW,60,20221109,100000,35.42,35.84,35.14,35.14,33608,0
GPW,60,20221109,110000,35.16,35.28,34.96,35.06,5166,0
GPW,60,20221109,120000,35.02,35.28,35,35.16,2901,0
GPW,60,20221109,130000,35.16,35.58,35.16,35.44,14145,0
GPW,60,20221109,140000,35.44,35.44,35.16,35.2,1482,0
GPW,60,20221109,150000,35.2,35.52,35.16,35.5,17421,0
GPW,60,20221109,160000,35.52,35.8,35.36,35.54,17726,0
GPW,60,20221109,170000,35.54,35.6,35.2,35.2,4770,0
GPW,60,20221110,100000,35.3,35.56,35.24,35.24,9332,0
GPW,60,20221110,110000,35.24,35.42,35.2,35.42,3873,0
GPW,60,20221110,120000,35.42,35.5,35.18,35.4,4836,0
GPW,60,20221110,130000,35.44,35.46,35.14,35.3,5720,0
GPW,60,20221110,140000,35.36,35.38,35.3,35.38,721,0
GPW,60,20221110,150000,35.36,35.88,35.32,35.78,3355,0
GPW,60,20221110,160000,35.68,36.14,35.68,36.14,16295,0
GPW,60,20221110,170000,36.14,36.2,35.94,36.1,21071,0
GPW,60,20221114,100000,36.32,36.46,35.9,35.98,24897,0
GPW,60,20221114,110000,35.98,36.22,35.88,36.14,11247,0
GPW,60,20221114,120000,36.14,36.26,35.98,36.22,13913,0
GPW,60,20221114,130000,36.26,36.32,36.18,36.28,6944,0
GPW,60,20221114,140000,36.28,36.46,36.28,36.46,5533,0
GPW,60,20221114,150000,36.44,36.64,36.4,36.6,12009,0
GPW,60,20221114,160000,36.64,36.8,36.32,36.8,16073,0
GPW,60,20221114,170000,36.7,36.88,35.8,36.12,21566,0
GPW,60,20221115,100000,36.72,36.8,35.7,36.04,14952,0
GPW,60,20221115,110000,36.06,36.06,35.7,35.7,3351,0
GPW,60,20221115,120000,35.82,35.84,35.5,35.66,13487,0
GPW,60,20221115,130000,35.68,35.82,35.62,35.78,9979,0
GPW,60,20221115,140000,35.78,35.78,35.46,35.54,13789,0
GPW,60,20221115,150000,35.64,35.92,35.42,35.6,16116,0
GPW,60,20221115,160000,35.6,35.86,35.56,35.86,4052,0
GPW,60,20221115,170000,35.9,35.92,35.54,35.58,5818,0
GPW,60,20221116,100000,34.5,35.76,34.5,35.26,50916,0
GPW,60,20221116,110000,35.26,35.34,35.02,35.3,4216,0
GPW,60,20221116,120000,35.36,35.5,35.02,35.46,11814,0
GPW,60,20221116,130000,35.5,35.62,35.16,35.48,8689,0
GPW,60,20221116,140000,35.46,35.58,35.38,35.56,1896,0
GPW,60,20221116,150000,35.6,35.6,35.38,35.46,4812,0
GPW,60,20221116,160000,35.44,35.74,35.44,35.62,8883,0
GPW,60,20221116,170000,35.68,35.88,35.64,35.88,6107,0
GPW,60,20221117,100000,35.8,35.88,35,35.18,7050,0
GPW,60,20221117,110000,35.18,35.2,34.88,34.98,5447,0
GPW,60,20221117,120000,34.92,34.94,34.82,34.88,3098,0
GPW,60,20221117,130000,34.84,35.02,34.8,34.9,13886,0
GPW,60,20221117,140000,34.9,35.02,34.62,34.78,3331,0
GPW,60,20221117,150000,34.78,34.8,34.52,34.8,3202,0
GPW,60,20221117,160000,34.7,34.78,34.5,34.76,2787,0
GPW,60,20221117,170000,34.76,34.94,34.32,34.42,9018,0
GPW,60,20221118,100000,34.78,34.8,34.22,34.24,9573,0
GPW,60,20221118,110000,34.32,34.56,34.32,34.52,6690,0
GPW,60,20221118,120000,34.52,34.6,34.4,34.58,3766,0
GPW,60,20221118,130000,34.58,34.6,34.46,34.52,1849,0
GPW,60,20221118,140000,34.52,34.58,34.5,34.58,1573,0
GPW,60,20221118,150000,34.58,34.6,34.28,34.34,15815,0
GPW,60,20221118,160000,34.34,34.5,34.32,34.32,8758,0
GPW,60,20221118,170000,34.32,34.52,34.12,34.24,11080,0
GPW,60,20221121,100000,34.6,34.6,34.1,34.2,4520,0
GPW,60,20221121,110000,34.2,34.38,34.04,34.26,5207,0
GPW,60,20221121,120000,34.2,34.38,34.18,34.36,1719,0
GPW,60,20221121,130000,34.34,34.34,34.04,34.06,3526,0
GPW,60,20221121,140000,34.2,34.32,34.02,34.18,3388,0
GPW,60,20221121,150000,34.18,34.3,34,34.12,5952,0
GPW,60,20221121,160000,34.24,34.3,34.12,34.22,2620,0
GPW,60,20221121,170000,34.12,34.12,33.68,34,19437,0
GPW,60,20221122,100000,34,34.4,33.9,34.4,5079,0
GPW,60,20221122,110000,34.4,34.58,34.4,34.42,4023,0
GPW,60,20221122,120000,34.42,34.52,34.4,34.48,1511,0
GPW,60,20221122,130000,34.48,34.58,34.42,34.5,2323,0
GPW,60,20221122,140000,34.58,34.6,34.54,34.54,1108,0
GPW,60,20221122,150000,34.58,34.74,34.58,34.7,6200,0
GPW,60,20221122,160000,34.72,34.74,34.58,34.68,5617,0
GPW,60,20221122,170000,34.68,34.78,34.6,34.78,6913,0
GPW,60,20221123,100000,34.5,34.82,34.42,34.54,9403,0
GPW,60,20221123,110000,34.6,34.74,34.58,34.7,1734,0
GPW,60,20221123,120000,34.68,34.7,34.6,34.68,3303,0
GPW,60,20221123,130000,34.68,34.7,34.6,34.7,4549,0
GPW,60,20221123,140000,34.7,34.7,34.6,34.68,2348,0
GPW,60,20221123,150000,34.7,34.7,34.6,34.6,3136,0
GPW,60,20221123,160000,34.66,34.66,34.2,34.44,12280,0
GPW,60,20221123,170000,34.4,34.64,34.4,34.62,2255,0
GPW,60,20221124,100000,34.68,35.1,34.62,35.1,8143,0
GPW,60,20221124,110000,35.08,35.2,34.92,35.12,9571,0
GPW,60,20221124,120000,35.1,35.14,35,35,1617,0
GPW,60,20221124,130000,35,35.1,34.82,35,8742,0
GPW,60,20221124,140000,35.06,35.1,35.04,35.08,764,0
GPW,60,20221124,150000,35.08,35.1,35.02,35.08,1538,0
GPW,60,20221124,160000,35.08,35.08,34.98,35.08,2528,0
GPW,60,20221124,170000,35.1,35.38,35.04,35.38,4988,0
GPW,60,20221125,100000,35.36,35.36,35,35.1,6095,0
GPW,60,20221125,110000,35.06,35.3,35,35.3,2161,0
GPW,60,20221125,120000,35.3,35.42,35.2,35.42,2263,0
GPW,60,20221125,130000,35.32,35.44,35.3,35.3,1299,0
GPW,60,20221125,140000,35.3,35.38,35.28,35.28,1835,0
GPW,60,20221125,150000,35.3,35.3,35.22,35.24,1182,0
GPW,60,20221125,160000,35.22,35.46,35.22,35.44,2340,0
GPW,60,20221125,170000,35.44,35.88,35.36,35.5,10781,0
GPW,60,20221128,100000,35.5,35.58,34.72,35.2,8419,0
GPW,60,20221128,110000,35.18,35.4,35.12,35.12,1913,0
GPW,60,20221128,120000,35.22,35.4,35.12,35.4,16982,0
GPW,60,20221128,130000,35.2,35.6,35.2,35.3,4273,0
GPW,60,20221128,140000,35.34,35.42,35.28,35.28,1400,0
GPW,60,20221128,150000,35.38,35.38,35.2,35.24,611,0
GPW,60,20221128,160000,35.24,35.4,35.1,35.26,5978,0
GPW,60,20221128,170000,35.34,35.58,35.32,35.34,4909,0
GPW,60,20221129,100000,35.3,35.3,34.9,35.08,8585,0
GPW,60,20221129,110000,35.12,35.14,35.04,35.04,1307,0
GPW,60,20221129,120000,35.08,35.26,35.08,35.22,2477,0
GPW,60,20221129,130000,35.1,35.3,35.1,35.1,3466,0
GPW,60,20221129,140000,35.1,35.22,35.1,35.1,1551,0
GPW,60,20221129,150000,35.1,35.22,35.1,35.1,2996,0
GPW,60,20221129,160000,35.1,35.2,35.06,35.06,1982,0
GPW,60,20221129,170000,35.06,35.24,35.04,35.22,7133,0
GPW,60,20221130,100000,35.26,35.3,34.94,35.22,4750,0
GPW,60,20221130,110000,35.1,35.54,35.1,35.46,7568,0
GPW,60,20221130,120000,35.5,35.5,35.3,35.48,8354,0
GPW,60,20221130,130000,35.48,35.48,35.22,35.26,2596,0
GPW,60,20221130,140000,35.26,35.34,35.18,35.32,3375,0
GPW,60,20221130,150000,35.32,35.46,35.14,35.42,13965,0
GPW,60,20221130,160000,35.36,35.48,35.14,35.26,21377,0
GPW,60,20221130,170000,35.26,35.46,35.14,35.46,7820,0
GPW,60,20221201,100000,35.6,35.68,35.4,35.64,7064,0
GPW,60,20221201,110000,35.64,35.94,35.6,35.86,7051,0
GPW,60,20221201,120000,35.86,35.92,35.8,35.88,2360,0
GPW,60,20221201,130000,35.9,36.2,35.86,36.2,16731,0
GPW,60,20221201,140000,36.2,36.22,36,36.08,2998,0
GPW,60,20221201,150000,36.06,36.14,36,36,4193,0
GPW,60,20221201,160000,36,36.16,36,36,6419,0
GPW,60,20221201,170000,36,36.18,35.78,36.18,26994,0
GPW,60,20221202,100000,36.16,36.16,35.6,35.92,5934,0
GPW,60,20221202,110000,35.94,35.94,35.8,35.9,2171,0
GPW,60,20221202,120000,35.94,35.94,35.8,35.8,5285,0
GPW,60,20221202,130000,35.8,35.88,35.8,35.84,5431,0
GPW,60,20221202,140000,35.8,35.86,35.8,35.84,3590,0
GPW,60,20221202,150000,35.88,35.88,35.4,35.54,11282,0
GPW,60,20221202,160000,35.54,35.76,35.5,35.6,18633,0
GPW,60,20221202,170000,35.58,35.58,35.5,35.5,2063,0
GPW,60,20221205,100000,35.5,35.5,35.18,35.46,5376,0
GPW,60,20221205,110000,35.4,35.5,35.32,35.48,4800,0
GPW,60,20221205,120000,35.4,35.48,35.32,35.44,1579,0
GPW,60,20221205,130000,35.44,35.48,35.32,35.34,2261,0
GPW,60,20221205,140000,35.32,35.36,35.32,35.34,4635,0
GPW,60,20221205,150000,35.36,35.4,35.32,35.32,5447,0
GPW,60,20221205,160000,35.32,35.38,35.32,35.34,3423,0
GPW,60,20221205,170000,35.38,35.46,35.34,35.46,5649,0
GPW,60,20221206,100000,35.5,35.58,35.18,35.4,4834,0
GPW,60,20221206,110000,35.54,35.58,35.36,35.42,3108,0
GPW,60,20221206,120000,35.44,35.44,35.36,35.38,1810,0
GPW,60,20221206,130000,35.4,35.54,35.4,35.4,871,0
GPW,60,20221206,140000,35.54,35.54,35.36,35.44,4152,0
GPW,60,20221206,150000,35.44,35.52,35.36,35.36,4885,0
GPW,60,20221206,160000,35.4,35.52,35.38,35.48,4697,0
GPW,60,20221206,170000,35.38,35.44,35.36,35.44,5289,0
GPW,60,20221207,100000,35.42,35.46,35.32,35.4,2012,0
GPW,60,20221207,110000,35.4,35.54,35.4,35.52,3057,0
GPW,60,20221207,120000,35.48,35.58,35.46,35.56,8978,0
GPW,60,20221207,130000,35.56,35.66,35.46,35.46,14909,0
GPW,60,20221207,140000,35.46,35.52,35.42,35.5,4428,0
GPW,60,20221207,150000,35.5,35.88,35.46,35.88,15211,0
GPW,60,20221207,160000,35.88,36.2,35.88,36.12,11805,0
GPW,60,20221207,170000,36.1,36.24,36.1,36.22,12269,0
GPW,60,20221208,100000,36.2,36.22,35.78,36.06,3551,0
GPW,60,20221208,110000,36.12,36.22,36,36.2,10287,0
GPW,60,20221208,120000,36.2,36.22,35.82,35.92,20412,0
GPW,60,20221208,130000,35.92,36,35.92,35.98,1558,0
GPW,60,20221208,140000,35.94,35.96,35.74,35.74,4739,0
GPW,60,20221208,150000,35.76,35.86,35.66,35.82,1959,0
GPW,60,20221208,160000,35.76,35.8,35.62,35.68,2107,0
GPW,60,20221208,170000,35.62,35.9,35.62,35.9,7795,0
GPW,60,20221209,100000,35.8,35.94,35.6,35.8,3006,0
GPW,60,20221209,110000,35.82,35.82,35.68,35.68,2081,0
GPW,60,20221209,120000,35.74,35.78,35.64,35.7,1900,0
GPW,60,20221209,130000,35.78,35.82,35.26,35.46,20150,0
GPW,60,20221209,140000,35.46,35.5,35.42,35.44,1218,0
GPW,60,20221209,150000,35.5,35.6,35.44,35.48,3922,0
GPW,60,20221209,160000,35.48,35.5,35.36,35.36,1723,0
GPW,60,20221209,170000,35.44,35.56,35.38,35.38,7904,0
GPW,60,20221212,100000,35.26,35.38,35,35.2,12231,0
GPW,60,20221212,110000,35.22,35.4,35.18,35.4,26268,0
GPW,60,20221212,120000,35.4,35.7,35.4,35.64,4276,0
GPW,60,20221212,130000,35.7,35.7,35.62,35.62,802,0
GPW,60,20221212,140000,35.62,35.66,35.6,35.6,1179,0
GPW,60,20221212,150000,35.68,35.84,35.68,35.8,3558,0
GPW,60,20221212,160000,35.8,35.8,35.68,35.68,839,0
GPW,60,20221212,170000,35.72,35.76,35.6,35.6,2908,0
GPW,60,20221213,100000,35.52,35.6,35.38,35.4,3479,0
GPW,60,20221213,110000,35.44,35.54,35.34,35.4,3940,0
GPW,60,20221213,120000,35.4,35.54,35.4,35.48,1031,0
GPW,60,20221213,130000,35.54,35.54,35.46,35.48,1777,0
GPW,60,20221213,140000,35.5,35.76,35.5,35.76,2802,0
GPW,60,20221213,150000,35.66,36.14,35.64,36.02,10625,0
GPW,60,20221213,160000,36.02,36.12,35.7,35.82,8105,0
GPW,60,20221213,170000,35.92,36.02,35.66,35.76,8022,0
GPW,60,20221214,100000,35.78,35.78,35.42,35.6,6722,0
GPW,60,20221214,110000,35.68,35.74,35.58,35.58,3071,0
GPW,60,20221214,120000,35.64,35.64,35.54,35.6,1306,0
GPW,60,20221214,130000,35.6,35.72,35.6,35.72,1769,0
GPW,60,20221214,140000,35.72,35.76,35.64,35.64,4910,0
GPW,60,20221214,150000,35.66,35.74,35.62,35.72,1339,0
GPW,60,20221214,160000,35.7,35.76,35.7,35.74,1269,0
GPW,60,20221214,170000,35.74,35.74,35.58,35.58,6102,0
GPW,60,20221215,100000,35.7,35.76,35.44,35.54,15376,0
GPW,60,20221215,110000,35.6,35.68,35.56,35.68,1380,0
GPW,60,20221215,120000,35.68,35.7,35.36,35.42,9983,0
GPW,60,20221215,130000,35.4,35.44,35.36,35.42,2054,0
GPW,60,20221215,140000,35.4,35.46,35.32,35.32,2588,0
GPW,60,20221215,150000,35.36,35.36,35.12,35.18,10949,0
GPW,60,20221215,160000,35.18,35.18,34.98,35.02,6920,0
GPW,60,20221215,170000,35.02,35.08,34.9,35,4839,0
GPW,60,20221216,100000,34.9,34.98,34.6,34.66,9661,0
GPW,60,20221216,110000,34.6,34.94,34.5,34.94,9930,0
GPW,60,20221216,120000,34.94,34.96,34.64,34.64,4876,0
GPW,60,20221216,130000,34.68,34.76,34.6,34.72,2920,0
GPW,60,20221216,140000,34.66,34.96,34.66,34.82,9716,0
GPW,60,20221216,150000,34.82,34.92,34.74,34.84,3115,0
GPW,60,20221216,160000,34.9,35.12,34.76,34.78,8261,0
GPW,60,20221216,170000,34.78,34.9,34.24,34.24,78942,0
GPW,60,20221219,100000,34.5,34.96,34.44,34.8,7478,0
GPW,60,20221219,110000,34.74,35,34.74,35,9836,0
GPW,60,20221219,120000,34.98,35.26,34.98,35.26,5517,0
GPW,60,20221219,130000,35.26,35.3,35.22,35.28,3199,0
GPW,60,20221219,140000,35.22,35.36,35.2,35.32,4823,0
GPW,60,20221219,150000,35.32,35.36,35.24,35.3,1421,0
GPW,60,20221219,160000,35.32,35.36,35.2,35.24,4055,0
GPW,60,20221219,170000,35.22,35.4,35.22,35.4,7787,0
GPW,60,20221220,100000,35.44,35.6,35.3,35.56,4173,0
GPW,60,20221220,110000,35.56,35.7,35.46,35.7,5250,0
GPW,60,20221220,120000,35.66,35.74,35.5,35.68,5185,0
GPW,60,20221220,130000,35.68,35.68,35.6,35.62,2276,0
GPW,60,20221220,140000,35.66,35.72,35.66,35.68,9090,0
GPW,60,20221220,150000,35.68,35.74,35.62,35.68,5250,0
GPW,60,20221220,160000,35.62,35.72,35.54,35.54,1508,0
GPW,60,20221220,170000,35.52,35.7,35.5,35.5,6166,0
GPW,60,20221221,100000,35.5,35.76,35.5,35.64,3535,0
GPW,60,20221221,110000,35.64,35.68,35.56,35.56,2383,0
GPW,60,20221221,120000,35.64,35.74,35.54,35.72,3542,0
GPW,60,20221221,130000,35.58,35.72,35.56,35.7,4358,0
GPW,60,20221221,140000,35.66,35.7,35.56,35.68,3541,0
GPW,60,20221221,150000,35.64,35.72,35.56,35.64,3589,0
GPW,60,20221221,160000,35.7,35.78,35.68,35.74,3621,0
GPW,60,20221221,170000,35.76,35.8,35.52,35.52,17849,0
GPW,60,20221222,100000,35.52,36,35.4,36,10904,0
GPW,60,20221222,110000,35.96,36,35.8,35.88,6034,0
GPW,60,20221222,120000,35.88,35.9,35.56,35.76,6294,0
GPW,60,20221222,130000,35.76,35.8,35.68,35.74,4448,0
GPW,60,20221222,140000,35.74,35.78,35.66,35.76,4298,0
GPW,60,20221222,150000,35.78,35.8,35.66,35.68,5932,0
GPW,60,20221222,160000,35.72,35.74,35.56,35.62,6973,0
GPW,60,20221222,170000,35.6,35.68,35.52,35.62,7432,0
GPW,60,20221223,100000,35.6,35.68,35.32,35.68,5933,0
GPW,60,20221223,110000,35.62,35.72,35.56,35.6,8243,0
GPW,60,20221223,120000,35.6,35.68,35.42,35.42,2692,0
GPW,60,20221223,130000,35.48,35.5,35.32,35.46,2926,0
GPW,60,20221223,140000,35.46,35.48,35.22,35.24,1979,0
GPW,60,20221223,150000,35.34,35.36,35.2,35.34,2005,0
GPW,60,20221223,160000,35.26,35.3,35.06,35.06,4409,0
GPW,60,20221223,170000,35.1,35.26,35.1,35.14,6541,0
GPW,60,20221227,100000,35.22,35.34,35.08,35.2,2535,0
GPW,60,20221227,110000,35.2,35.2,34.92,34.92,5808,0
GPW,60,20221227,120000,34.98,35.06,34.94,34.96,1625,0
GPW,60,20221227,130000,35.06,35.06,34.8,34.88,4543,0
GPW,60,20221227,140000,34.82,34.9,34.66,34.82,6568,0
GPW,60,20221227,150000,34.8,34.86,34.72,34.74,3632,0
GPW,60,20221227,160000,34.7,34.8,34.46,34.7,15765,0
GPW,60,20221227,170000,34.72,34.78,34.4,34.4,13643,0
GPW,60,20221228,100000,34.4,34.5,34.22,34.46,18220,0
GPW,60,20221228,110000,34.5,34.74,34.26,34.5,21191,0
GPW,60,20221228,120000,34.6,34.72,34.54,34.72,2364,0
GPW,60,20221228,130000,34.74,34.74,34.5,34.64,4007,0
GPW,60,20221228,140000,34.58,34.68,34.52,34.56,9521,0
GPW,60,20221228,150000,34.56,34.7,34.52,34.62,7999,0
GPW,60,20221228,160000,34.68,34.76,34.6,34.64,5881,0
GPW,60,20221228,170000,34.66,34.66,34.5,34.5,13249,0
GPW,60,20221229,100000,34.5,34.88,34.5,34.86,2888,0
GPW,60,20221229,110000,34.86,35.4,34.82,35.26,9639,0
GPW,60,20221229,120000,35.26,35.44,35.22,35.34,2726,0
GPW,60,20221229,130000,35.3,35.32,35.2,35.26,3277,0
GPW,60,20221229,140000,35.32,35.32,35.16,35.16,5160,0
GPW,60,20221229,150000,35.24,35.34,35.1,35.18,8424,0
GPW,60,20221229,160000,35.2,35.4,35.16,35.4,9236,0
GPW,60,20221229,170000,35.36,35.48,35.1,35.1,14636,0
GPW,60,20221230,100000,34.98,35.68,34.9,35.54,28351,0
GPW,60,20221230,110000,35.56,35.56,35.36,35.44,8748,0
GPW,60,20221230,120000,35.44,35.56,35.44,35.44,12890,0
GPW,60,20221230,130000,35.44,35.44,35.14,35.2,8110,0
GPW,60,20221230,140000,35.2,35.42,35.18,35.32,5263,0
GPW,60,20221230,150000,35.42,35.58,35.26,35.48,9281,0
GPW,60,20221230,160000,35.54,35.58,35.34,35.42,12423,0
GPW,60,20221230,170000,35.4,35.62,35.32,35.52,35325,0
GPW,60,20230102,100000,35.68,36.14,35.42,35.92,23932,0
GPW,60,20230102,110000,35.9,36.14,35.72,35.72,5720,0
GPW,60,20230102,120000,35.8,35.8,35.54,35.7,5627,0
GPW,60,20230102,130000,35.68,35.7,35.6,35.6,692,0
GPW,60,20230102,140000,35.68,35.74,35.62,35.68,2169,0
GPW,60,20230102,150000,35.62,35.9,35.62,35.72,3416,0
GPW,60,20230102,160000,35.72,35.78,35.66,35.76,2565,0
GPW,60,20230102,170000,35.78,35.82,35.72,35.8,2250,0
GPW,60,20230103,100000,35.8,36.2,35.62,36.16,14185,0
GPW,60,20230103,110000,36.18,36.32,36.12,36.26,8624,0
GPW,60,20230103,120000,36.26,36.32,36.2,36.2,10143,0
GPW,60,20230103,130000,36.18,36.24,36.14,36.18,4784,0
GPW,60,20230103,140000,36.18,36.24,36.14,36.24,3600,0
GPW,60,20230103,150000,36.22,36.42,36.1,36.34,13345,0
GPW,60,20230103,160000,36.28,36.5,36.28,36.3,7131,0
GPW,60,20230103,170000,36.34,36.44,36.28,36.28,4850,0
GPW,60,20230104,100000,36.34,36.62,36.34,36.48,7843,0
GPW,60,20230104,110000,36.46,36.58,36.2,36.58,19504,0
GPW,60,20230104,120000,36.52,36.52,36.28,36.28,9158,0
GPW,60,20230104,130000,36.32,36.38,36.28,36.32,6578,0
GPW,60,20230104,140000,36.32,36.46,36.26,36.46,7166,0
GPW,60,20230104,150000,36.42,36.52,36.36,36.52,2770,0
GPW,60,20230104,160000,36.46,36.46,36.34,36.38,4785,0
GPW,60,20230104,170000,36.34,36.38,36.26,36.26,4080,0
GPW,60,20230105,100000,36.3,36.56,36.06,36.56,4676,0
GPW,60,20230105,110000,36.58,36.9,36.56,36.88,11651,0
GPW,60,20230105,120000,36.88,37,36.8,36.84,10771,0
GPW,60,20230105,130000,36.9,36.92,36.82,36.88,5036,0
GPW,60,20230105,140000,36.88,36.88,36.48,36.66,12042,0
GPW,60,20230105,150000,36.64,36.7,36.42,36.62,3819,0
GPW,60,20230105,160000,36.52,36.76,36.52,36.76,4658,0
GPW,60,20230105,170000,36.7,36.9,36.66,36.8,12697,0
GPW,60,20230109,100000,36.86,37.2,36.86,36.88,11020,0
GPW,60,20230109,110000,36.9,37.06,36.88,36.88,7860,0
GPW,60,20230109,120000,36.88,36.94,36.78,36.82,4681,0
GPW,60,20230109,130000,36.84,36.92,36.72,36.76,4859,0
GPW,60,20230109,140000,36.74,36.8,36.64,36.64,5656,0
GPW,60,20230109,150000,36.7,36.8,36.64,36.76,3230,0
GPW,60,20230109,160000,36.8,36.98,36.76,36.9,2970,0
GPW,60,20230109,170000,36.96,37,36.86,37,6319,0
GPW,60,20230110,100000,37,37.2,36.9,37.02,13586,0
GPW,60,20230110,110000,37.02,37.02,36.92,37.02,5427,0
GPW,60,20230110,120000,37.02,37.28,37.02,37.18,12171,0
GPW,60,20230110,130000,37.12,37.2,37.1,37.18,5402,0
GPW,60,20230110,140000,37.18,37.2,37.14,37.2,6705,0
GPW,60,20230110,150000,37.18,37.2,37.12,37.18,13851,0
GPW,60,20230110,160000,37.2,37.48,37.18,37.44,10486,0
GPW,60,20230110,170000,37.44,37.78,37.36,37.7,18683,0
GPW,60,20230111,100000,37.68,37.68,37.36,37.52,8506,0
GPW,60,20230111,110000,37.46,37.52,37.26,37.42,9894,0
GPW,60,20230111,120000,37.46,37.48,37.4,37.46,4887,0
GPW,60,20230111,130000,37.44,37.46,37.36,37.4,5207,0
GPW,60,20230111,140000,37.42,37.58,37.32,37.58,7587,0
GPW,60,20230111,150000,37.58,37.6,37.38,37.42,6429,0
GPW,60,20230111,160000,37.38,37.42,37.24,37.32,9168,0
GPW,60,20230111,170000,37.32,37.34,37.02,37.02,12088,0
GPW,60,20230112,100000,37.02,37.64,37.02,37.6,14983,0
GPW,60,20230112,110000,37.62,37.88,37.58,37.7,7868,0
GPW,60,20230112,120000,37.7,37.82,37.64,37.8,5689,0
GPW,60,20230112,130000,37.8,37.84,37.76,37.82,6474,0
GPW,60,20230112,140000,37.82,37.9,37.76,37.76,9478,0
GPW,60,20230112,150000,37.76,37.8,37.36,37.4,8699,0
GPW,60,20230112,160000,37.4,37.62,37.4,37.56,11334,0
GPW,60,20230112,170000,37.5,37.6,37.44,37.6,4951,0
GPW,60,20230113,100000,37.88,37.88,37.4,37.4,52629,0
GPW,60,20230113,110000,37.46,37.48,37.22,37.22,4786,0
GPW,60,20230113,120000,37.32,37.44,37.26,37.34,6587,0
GPW,60,20230113,130000,37.38,37.38,37.28,37.36,4419,0
GPW,60,20230113,140000,37.36,37.36,37.26,37.28,5162,0
GPW,60,20230113,150000,37.28,37.32,37.12,37.22,4384,0
GPW,60,20230113,160000,37.14,37.22,37,37.18,8089,0
GPW,60,20230113,170000,37.16,37.2,37.04,37.04,3852,0
GPW,60,20230116,100000,37.2,37.54,36.88,36.96,7243,0
GPW,60,20230116,110000,36.9,37.02,36.9,36.94,3437,0
GPW,60,20230116,120000,37.04,37.08,36.96,37.04,1883,0
GPW,60,20230116,130000,37,37.04,36.94,37,2561,0
GPW,60,20230116,140000,37,37,36.92,36.92,3135,0
GPW,60,20230116,150000,36.98,37.02,36.92,37,2727,0
GPW,60,20230116,160000,37,37.22,36.84,37.12,7416,0
GPW,60,20230116,170000,37.12,37.12,36.88,36.88,7746,0
GPW,60,20230117,100000,36.84,37.08,36.7,36.8,6713,0
GPW,60,20230117,110000,36.8,36.92,36.76,36.88,1276,0
GPW,60,20230117,120000,36.94,36.98,36.84,36.96,1158,0
GPW,60,20230117,130000,36.88,36.94,36.7,36.72,6293,0
GPW,60,20230117,140000,36.76,36.9,36.62,36.84,6400,0
GPW,60,20230117,150000,36.78,36.82,36.78,36.78,1262,0
GPW,60,20230117,160000,36.78,36.8,36.64,36.68,3379,0
GPW,60,20230117,170000,36.68,36.7,36.5,36.6,10804,0
GPW,60,20230118,100000,36.74,36.8,36.56,36.68,10309,0
GPW,60,20230118,110000,36.66,36.68,36.24,36.42,15926,0
GPW,60,20230118,120000,36.42,36.42,36.24,36.26,4475,0
GPW,60,20230118,130000,36.3,36.48,36.2,36.48,13240,0
GPW,60,20230118,140000,36.48,36.52,36.28,36.46,11017,0
GPW,60,20230118,150000,36.48,36.66,36.36,36.58,22377,0
GPW,60,20230118,160000,36.64,36.66,36.48,36.64,14353,0
GPW,60,20230118,170000,36.58,36.6,36.22,36.22,18777,0
GPW,60,20230119,100000,36.26,36.42,36.2,36.34,5944,0
GPW,60,20230119,110000,36.42,36.46,36.26,36.28,9726,0
GPW,60,20230119,120000,36.28,36.38,36.26,36.28,5776,0
GPW,60,20230119,130000,36.28,36.32,36.18,36.28,4623,0
GPW,60,20230119,140000,36.3,36.36,36.24,36.28,4367,0
GPW,60,20230119,150000,36.26,36.32,36.24,36.28,3600,0
GPW,60,20230119,160000,36.3,36.64,36.28,36.64,19475,0
GPW,60,20230119,170000,36.58,36.8,36.58,36.76,11664,0
GPW,60,20230120,100000,36.88,36.88,36.6,36.68,3752,0
GPW,60,20230120,110000,36.68,36.76,36.62,36.76,3429,0
GPW,60,20230120,120000,36.76,36.78,36.54,36.62,5614,0
GPW,60,20230120,130000,36.64,36.64,36.54,36.6,1717,0
GPW,60,20230120,140000,36.58,36.74,36.58,36.74,858,0
GPW,60,20230120,150000,36.74,36.76,36.7,36.7,3284,0
GPW,60,20230120,160000,36.74,36.76,36.62,36.62,3781,0
GPW,60,20230120,170000,36.66,36.66,36.54,36.62,5724,0
GPW,60,20230123,100000,36.5,36.8,36.5,36.8,3878,0
GPW,60,20230123,110000,36.78,36.8,36.68,36.7,1646,0
GPW,60,20230123,120000,36.7,36.94,36.66,36.94,1981,0
GPW,60,20230123,130000,36.92,36.94,36.86,36.94,948,0
GPW,60,20230123,140000,36.94,37,36.86,36.9,3434,0
GPW,60,20230123,150000,36.94,36.94,36.82,36.92,3744,0
GPW,60,20230123,160000,36.82,36.96,36.78,36.96,3959,0
GPW,60,20230123,170000,36.94,36.96,36.84,36.94,5237,0
GPW,60,20230124,100000,37,37.4,36.82,37.4,7391,0
GPW,60,20230124,110000,37.26,37.6,37.26,37.5,14044,0
GPW,60,20230124,120000,37.5,37.5,37.24,37.28,16113,0
GPW,60,20230124,130000,37.28,37.34,37.14,37.28,3781,0
GPW,60,20230124,140000,37.3,37.3,37.16,37.16,1210,0
GPW,60,20230124,150000,37.24,37.24,37.08,37.08,1847,0
GPW,60,20230124,160000,37.08,37.26,37.08,37.08,3081,0
GPW,60,20230124,170000,37.08,37.22,37,37,4462,0
GPW,60,20230125,100000,37,37,36.62,36.78,7127,0
GPW,60,20230125,110000,36.78,36.96,36.66,36.66,11642,0
GPW,60,20230125,120000,36.62,36.68,36.52,36.6,3671,0
GPW,60,20230125,130000,36.54,36.8,36.54,36.68,11140,0
GPW,60,20230125,140000,36.68,36.94,36.68,36.94,4094,0
GPW,60,20230125,150000,36.8,36.9,36.78,36.78,5034,0
GPW,60,20230125,160000,36.78,36.82,36.66,36.82,2597,0
GPW,60,20230125,170000,36.84,37,36.8,37,14183,0
GPW,60,20230126,100000,37,37.3,36.88,36.88,3981,0
GPW,60,20230126,110000,36.92,36.92,36.58,36.84,4631,0
GPW,60,20230126,120000,36.84,36.88,36.84,36.88,450,0
GPW,60,20230126,130000,36.94,36.94,36.8,36.8,2998,0
GPW,60,20230126,140000,36.76,36.86,36.74,36.86,782,0
GPW,60,20230126,150000,36.86,36.86,36.72,36.86,1259,0
GPW,60,20230126,160000,36.8,36.88,36.74,36.8,10912,0
GPW,60,20230126,170000,36.78,36.88,36.78,36.78,3014,0
GPW,60,20230127,100000,36.96,36.96,36.8,36.84,4024,0
GPW,60,20230127,110000,36.86,36.9,36.72,36.72,7137,0
GPW,60,20230127,120000,36.72,36.78,36.7,36.74,1357,0
GPW,60,20230127,130000,36.76,36.8,36.6,36.62,4018,0
GPW,60,20230127,140000,36.68,36.68,36.62,36.68,2419,0
GPW,60,20230127,150000,36.62,36.8,36.58,36.76,5749,0
GPW,60,20230127,160000,36.74,36.76,36.64,36.68,2276,0
GPW,60,20230127,170000,36.72,36.74,36.62,36.7,5076,0
GPW,60,20230130,100000,36.78,36.78,36.36,36.5,8894,0
GPW,60,20230130,110000,36.46,36.52,36.36,36.36,8498,0
GPW,60,20230130,120000,36.38,36.38,36.28,36.3,7679,0
GPW,60,20230130,130000,36.36,36.36,36.3,36.32,2382,0
GPW,60,20230130,140000,36.36,36.38,36.32,36.34,2813,0
GPW,60,20230130,150000,36.34,36.4,36.32,36.38,2061,0
GPW,60,20230130,160000,36.36,36.46,36.32,36.36,9012,0
GPW,60,20230130,170000,36.36,36.36,36.28,36.28,8502,0
GPW,60,20230131,100000,36.28,36.36,36.24,36.28,3643,0
GPW,60,20230131,110000,36.32,36.6,36.3,36.5,8171,0
GPW,60,20230131,120000,36.5,37.2,36.42,37.1,12777,0
GPW,60,20230131,130000,37.08,37.18,36.96,36.98,13065,0
GPW,60,20230131,140000,37,37.1,36.94,37.08,7098,0
GPW,60,20230131,150000,37.08,37.2,37.08,37.16,9279,0
GPW,60,20230131,160000,37.2,37.42,37.16,37.42,13972,0
GPW,60,20230131,170000,37.32,37.7,37.2,37.68,16535,0
GPW,60,20230201,100000,37.68,37.68,37.02,37.06,7820,0
GPW,60,20230201,110000,37.1,37.12,36.9,37,5243,0
GPW,60,20230201,120000,36.96,37.08,36.8,37,2926,0
GPW,60,20230201,130000,37.08,37.12,37,37.02,4977,0
GPW,60,20230201,140000,37.08,37.26,36.96,37.14,8056,0
GPW,60,20230201,150000,37.26,37.66,37.14,37.56,15947,0
GPW,60,20230201,160000,37.56,37.68,37.28,37.46,9213,0
GPW,60,20230201,170000,37.46,37.46,37,37,6600,0
GPW,60,20230202,100000,37.3,37.8,37.3,37.3,16853,0
GPW,60,20230202,110000,37.3,37.3,37.04,37.22,4438,0
GPW,60,20230202,120000,37.22,37.26,37.06,37.24,4250,0
GPW,60,20230202,130000,37.24,37.24,37.06,37.1,3002,0
GPW,60,20230202,140000,37.1,37.18,37.08,37.16,2184,0
GPW,60,20230202,150000,37.1,37.26,37.1,37.18,8445,0
GPW,60,20230202,160000,37.18,37.56,37.16,37.38,17146,0
GPW,60,20230202,170000,37.38,37.62,37.38,37.58,15284,0
GPW,60,20230203,100000,37.7,37.7,37.42,37.52,4357,0
GPW,60,20230203,110000,37.5,37.7,37.44,37.66,8806,0
GPW,60,20230203,120000,37.62,39.42,37.52,39.38,111796,0
GPW,60,20230203,130000,39.16,39.4,38.44,38.62,42605,0
GPW,60,20230203,140000,38.6,38.6,38.36,38.36,5798,0
GPW,60,20230203,150000,38.36,38.5,38.12,38.48,7271,0
GPW,60,20230203,160000,38.46,38.58,38.3,38.4,19439,0
GPW,60,20230203,170000,38.4,38.5,38.28,38.5,6398,0
GPW,60,20230206,100000,38.5,38.6,37.82,38.02,23597,0
GPW,60,20230206,110000,37.9,38.02,37.82,38,4540,0
GPW,60,20230206,120000,37.98,38.02,37.64,37.84,11194,0
GPW,60,20230206,130000,37.84,37.86,37.66,37.8,3309,0
GPW,60,20230206,140000,37.7,37.9,37.7,37.9,2080,0
GPW,60,20230206,150000,37.86,37.88,37.52,37.62,8193,0
GPW,60,20230206,160000,37.66,37.68,37.54,37.56,4387,0
GPW,60,20230206,170000,37.66,37.8,37.3,37.8,14856,0
GPW,60,20230207,100000,37.54,37.7,37.4,37.46,7463,0
GPW,60,20230207,110000,37.38,37.72,37.32,37.72,2894,0
GPW,60,20230207,120000,37.74,37.74,37.38,37.4,28407,0
GPW,60,20230207,130000,37.34,37.4,37.2,37.26,4927,0
GPW,60,20230207,140000,37.24,37.42,37.24,37.26,4472,0
GPW,60,20230207,150000,37.34,37.38,37.24,37.32,7594,0
GPW,60,20230207,160000,37.34,37.34,37.22,37.3,3921,0
GPW,60,20230207,170000,37.34,37.78,37.3,37.7,34325,0
GPW,60,20230208,100000,37.7,38.12,37.7,38.12,2563,0
GPW,60,20230208,110000,38.04,38.14,37.94,38,3368,0
GPW,60,20230208,120000,38.04,38.06,37.84,37.84,1370,0
GPW,60,20230208,130000,37.94,37.94,37.82,37.94,705,0
GPW,60,20230208,140000,37.94,38,37.92,37.94,2807,0
GPW,60,20230208,150000,37.94,37.94,37.88,37.88,1450,0
GPW,60,20230208,160000,37.86,37.92,37.74,37.74,8761,0
GPW,60,20230208,170000,37.8,37.8,37.6,37.7,31236,0
GPW,60,20230209,100000,37.8,38.06,37.8,38,3546,0
GPW,60,20230209,110000,38.08,38.38,37.98,38.28,3496,0
GPW,60,20230209,120000,38.38,38.44,38.04,38.24,12063,0
GPW,60,20230209,130000,38.26,38.4,38.26,38.36,3683,0
GPW,60,20230209,140000,38.36,38.48,38.34,38.4,5840,0
GPW,60,20230209,150000,38.36,38.46,38.26,38.32,5666,0
GPW,60,20230209,160000,38.38,38.4,38.08,38.08,5160,0
GPW,60,20230209,170000,38.04,38.12,37.72,37.72,18454,0
GPW,60,20230210,100000,37.8,37.92,37.7,37.82,2576,0
GPW,60,20230210,110000,37.82,37.82,37.58,37.6,2485,0
GPW,60,20230210,120000,37.56,37.64,37.28,37.32,3577,0
GPW,60,20230210,130000,37.38,37.46,37.18,37.36,9083,0
GPW,60,20230210,140000,37.36,37.48,37.36,37.42,1789,0
GPW,60,20230210,150000,37.36,37.42,37.32,37.4,2248,0
GPW,60,20230210,160000,37.4,37.5,37.34,37.42,4255,0
GPW,60,20230210,170000,37.48,37.68,37.48,37.6,5013,0
GPW,60,20230213,100000,37.84,37.84,37.62,37.62,2366,0
GPW,60,20230213,110000,37.64,37.7,37.62,37.7,2053,0
GPW,60,20230213,120000,37.66,37.68,37.58,37.6,2659,0
GPW,60,20230213,130000,37.68,37.68,37.58,37.58,1031,0
GPW,60,20230213,140000,37.58,37.66,37.58,37.6,851,0
GPW,60,20230213,150000,37.66,37.66,37.5,37.54,1540,0
GPW,60,20230213,160000,37.6,37.66,37.52,37.66,1822,0
GPW,60,20230213,170000,37.62,37.68,37.52,37.68,7870,0
GPW,60,20230214,100000,37.8,38.04,37.8,37.92,3013,0
GPW,60,20230214,110000,37.82,37.86,37.56,37.56,4113,0
GPW,60,20230214,120000,37.54,37.68,37.5,37.58,5740,0
GPW,60,20230214,130000,37.64,37.64,37.5,37.6,3371,0
GPW,60,20230214,140000,37.6,37.6,37.5,37.5,1105,0
GPW,60,20230214,150000,37.56,37.56,37.3,37.36,4329,0
GPW,60,20230214,160000,37.32,37.36,37.2,37.3,3051,0
GPW,60,20230214,170000,37.3,37.42,37.26,37.38,9232,0
GPW,60,20230215,100000,37.5,37.5,36.96,37.26,18421,0
GPW,60,20230215,110000,37.26,37.28,37.02,37.04,4223,0
GPW,60,20230215,120000,37.08,37.12,36.96,37.1,4128,0
GPW,60,20230215,130000,37.14,37.14,36.94,37.08,4946,0
GPW,60,20230215,140000,37,37.06,36.96,37,5729,0
GPW,60,20230215,150000,37,37,36.9,36.92,4405,0
GPW,60,20230215,160000,36.9,36.94,36.82,36.9,7921,0
GPW,60,20230215,170000,36.88,36.88,36.82,36.82,4632,0
GPW,60,20230216,100000,36.88,37.26,36.88,37.26,2433,0
GPW,60,20230216,110000,37.28,37.3,36.94,37,4166,0
GPW,60,20230216,120000,36.92,37.14,36.88,37.14,3131,0
GPW,60,20230216,130000,37.14,37.18,37.02,37.02,2619,0
GPW,60,20230216,140000,37.02,37.1,37,37.04,571,0
GPW,60,20230216,150000,37.08,37.12,37.02,37.12,1623,0
GPW,60,20230216,160000,37.04,37.62,37.04,37.56,5220,0
GPW,60,20230216,170000,37.58,37.58,37.14,37.46,14972,0
GPW,60,20230217,100000,37.04,37.2,36.9,37,3420,0
GPW,60,20230217,110000,37,37.12,37,37.1,627,0
GPW,60,20230217,120000,37.14,37.18,36.92,36.92,3773,0
GPW,60,20230217,130000,37,37,36.9,36.94,1185,0
GPW,60,20230217,140000,36.96,37.04,36.94,37,2287,0
GPW,60,20230217,150000,37,37.08,36.92,37.08,2631,0
GPW,60,20230217,160000,37.06,37.12,37.02,37.02,817,0
GPW,60,20230217,170000,37.04,37.24,36.9,36.9,7525,0
GPW,60,20230220,100000,37.16,37.34,37.04,37.06,3933,0
GPW,60,20230220,110000,37.04,37.08,37,37.06,2446,0
GPW,60,20230220,120000,37.06,37.08,37.02,37.04,1317,0
GPW,60,20230220,130000,37.04,37.06,36.92,36.96,3398,0
GPW,60,20230220,140000,36.94,36.96,36.94,36.94,2602,0
GPW,60,20230220,150000,36.92,36.98,36.92,36.92,3649,0
GPW,60,20230220,160000,36.94,36.98,36.9,36.92,4888,0
GPW,60,20230220,170000,36.9,36.92,36.8,36.8,7104,0
GPW,60,20230221,100000,36.74,36.94,36.74,36.84,1199,0
GPW,60,20230221,110000,36.8,36.9,36.76,36.78,2492,0
GPW,60,20230221,120000,36.78,36.84,36.78,36.82,302,0
GPW,60,20230221,130000,36.82,36.84,36.76,36.78,1602,0
GPW,60,20230221,140000,36.76,36.78,36.7,36.72,3165,0
GPW,60,20230221,150000,36.72,36.74,36.68,36.7,3159,0
GPW,60,20230221,160000,36.74,36.8,36.7,36.78,4907,0
GPW,60,20230221,170000,36.8,36.88,36.72,36.72,3429,0
GPW,60,20230222,100000,36.7,36.78,36.46,36.58,13876,0
GPW,60,20230222,110000,36.58,36.66,36.46,36.62,4281,0
GPW,60,20230222,120000,36.62,36.68,36.4,36.56,6062,0
GPW,60,20230222,130000,36.38,36.46,36.36,36.38,1605,0
GPW,60,20230222,140000,36.38,36.5,36.38,36.38,2808,0
GPW,60,20230222,150000,36.4,36.44,36.34,36.44,6438,0
GPW,60,20230222,160000,36.46,36.5,36.42,36.48,2514,0
GPW,60,20230222,170000,36.44,36.52,36.3,36.3,6907,0
GPW,60,20230223,100000,36.8,36.98,36.6,36.96,2763,0
GPW,60,20230223,110000,36.96,37.14,36.92,37,4386,0
GPW,60,20230223,120000,36.98,36.98,36.82,36.96,915,0
GPW,60,20230223,130000,36.9,36.96,36.86,36.86,1187,0
GPW,60,20230223,140000,36.9,36.9,36.68,36.68,816,0
GPW,60,20230223,150000,36.7,36.76,36.66,36.7,785,0
GPW,60,20230223,160000,36.7,36.88,36.7,36.88,2246,0
GPW,60,20230223,170000,36.84,36.86,36.7,36.7,3791,0
GPW,60,20230224,100000,36.8,37.18,36.72,37.04,3935,0
GPW,60,20230224,110000,37.06,37.16,37.04,37.08,1877,0
GPW,60,20230224,120000,37.1,37.16,37.06,37.06,2142,0
GPW,60,20230224,130000,37.06,37.12,37.04,37.06,1537,0
GPW,60,20230224,140000,37.06,37.1,37.06,37.06,586,0
GPW,60,20230224,150000,37.08,37.18,37.06,37.1,1769,0
GPW,60,20230224,160000,37.1,37.12,37,37.08,7481,0
GPW,60,20230224,170000,37.04,37.1,36.96,37.1,2710,0
GPW,60,20230227,100000,37.12,37.18,37.02,37.02,1799,0
GPW,60,20230227,110000,37.1,37.1,37,37.04,2048,0
GPW,60,20230227,120000,37.02,37.08,37,37.04,1813,0
GPW,60,20230227,130000,37.02,37.08,36.98,36.98,1179,0
GPW,60,20230227,140000,36.96,37.1,36.96,37.06,207,0
GPW,60,20230227,150000,37.06,37.08,37,37.08,1244,0
GPW,60,20230227,160000,37.04,37.1,37,37,1494,0
GPW,60,20230227,170000,37.06,37.06,36.82,36.98,3482,0
GPW,60,20230228,100000,36.96,37.04,36.9,36.98,4133,0
GPW,60,20230228,110000,36.98,37,36.82,36.92,5415,0
GPW,60,20230228,120000,36.92,37.02,36.82,36.88,2258,0
GPW,60,20230228,130000,36.92,36.92,36.84,36.86,2071,0
GPW,60,20230228,140000,36.88,36.96,36.8,36.82,2680,0
GPW,60,20230228,150000,36.82,37,36.82,36.92,6142,0
GPW,60,20230228,160000,36.88,36.94,36.82,36.84,3729,0
GPW,60,20230228,170000,36.84,37.2,36.84,37.12,9014,0
GPW,60,20230301,100000,37.2,37.5,37.16,37.36,5627,0
GPW,60,20230301,110000,37.36,37.62,37.3,37.6,9811,0
GPW,60,20230301,120000,37.62,37.62,37.42,37.42,1727,0
GPW,60,20230301,130000,37.48,37.5,37.38,37.46,645,0
GPW,60,20230301,140000,37.46,37.5,37.42,37.42,657,0
GPW,60,20230301,150000,37.44,37.46,37.34,37.38,637,0
GPW,60,20230301,160000,37.38,37.5,37.38,37.38,1679,0
GPW,60,20230301,170000,37.38,37.62,37.34,37.62,2940,0
GPW,60,20230302,100000,37.64,37.64,37.2,37.3,3087,0
GPW,60,20230302,110000,37.22,37.32,37.2,37.24,3794,0
GPW,60,20230302,120000,37.24,37.3,37.2,37.3,2499,0
GPW,60,20230302,130000,37.3,37.34,37.2,37.2,1791,0
GPW,60,20230302,140000,37.18,37.34,37.18,37.34,1877,0
GPW,60,20230302,150000,37.34,37.34,37.24,37.24,2535,0
GPW,60,20230302,160000,37.24,37.4,37.14,37.28,4409,0
GPW,60,20230302,170000,37.3,37.7,37.18,37.7,3902,0
GPW,60,20230303,100000,37.4,37.52,37.36,37.48,7898,0
GPW,60,20230303,110000,37.48,37.48,37.36,37.36,3857,0
GPW,60,20230303,120000,37.46,37.46,37.36,37.36,397,0
GPW,60,20230303,130000,37.36,37.44,37.36,37.38,1686,0
GPW,60,20230303,140000,37.36,37.38,37.32,37.32,2837,0
GPW,60,20230303,150000,37.38,37.38,37.22,37.3,2897,0
GPW,60,20230303,160000,37.28,37.3,37.2,37.3,1495,0
GPW,60,20230303,170000,37.3,37.42,37.28,37.42,3808,0
GPW,60,20230306,100000,37.4,37.6,37.16,37.6,4631,0
GPW,60,20230306,110000,37.56,37.86,37.5,37.74,9067,0
GPW,60,20230306,120000,37.74,37.86,37.64,37.76,4946,0
GPW,60,20230306,130000,37.76,37.76,37.5,37.6,7449,0
GPW,60,20230306,140000,37.7,37.72,37.58,37.68,1166,0
GPW,60,20230306,150000,37.7,37.78,37.7,37.7,1407,0
GPW,60,20230306,160000,37.74,37.82,37.7,37.82,2307,0
GPW,60,20230306,170000,37.84,37.86,37.76,37.8,5339,0
GPW,60,20230307,100000,37.5,37.78,37.5,37.7,1804,0
GPW,60,20230307,110000,37.7,37.78,37.66,37.7,1217,0
GPW,60,20230307,120000,37.72,37.86,37.72,37.82,3160,0
GPW,60,20230307,130000,37.82,37.86,37.74,37.76,1187,0
GPW,60,20230307,140000,37.78,37.84,37.74,37.76,866,0
GPW,60,20230307,150000,37.82,37.84,37.78,37.84,4189,0
GPW,60,20230307,160000,37.84,37.84,37.74,37.8,906,0
GPW,60,20230307,170000,37.76,37.84,37.58,37.82,4056,0
GPW,60,20230308,100000,37.56,37.88,37.56,37.8,4827,0
GPW,60,20230308,110000,37.76,37.82,37.66,37.66,1022,0
GPW,60,20230308,120000,37.78,37.78,37.66,37.78,330,0
GPW,60,20230308,130000,37.76,37.84,37.74,37.74,1906,0
GPW,60,20230308,140000,37.74,37.78,37.7,37.76,694,0
GPW,60,20230308,150000,37.7,37.76,37.66,37.68,1523,0
GPW,60,20230308,160000,37.78,37.78,37.68,37.74,938,0
GPW,60,20230308,170000,37.74,37.76,37.22,37.22,8653,0
GPW,60,20230309,100000,37.6,37.68,37.46,37.66,6423,0
GPW,60,20230309,110000,37.68,37.78,37.66,37.76,669,0
GPW,60,20230309,120000,37.78,37.78,37.6,37.72,996,0
GPW,60,20230309,130000,37.72,37.74,37.62,37.74,467,0
GPW,60,20230309,140000,37.68,37.68,37.58,37.64,1018,0
GPW,60,20230309,150000,37.7,37.72,37.64,37.7,363,0
GPW,60,20230309,160000,37.7,37.78,37.66,37.76,3251,0
GPW,60,20230309,170000,37.74,37.76,37.62,37.72,3255,0
GPW,60,20230310,100000,37.76,37.76,37.32,37.32,2800,0
GPW,60,20230310,110000,37.36,37.62,37.12,37.54,7798,0
GPW,60,20230310,120000,37.6,37.6,37.46,37.56,1129,0
GPW,60,20230310,130000,37.42,37.58,37.42,37.58,1688,0
GPW,60,20230310,140000,37.5,37.58,37.48,37.58,1432,0
GPW,60,20230310,150000,37.52,37.52,37.1,37.28,4195,0
GPW,60,20230310,160000,37.22,37.38,37.12,37.26,962,0
GPW,60,20230310,170000,37.14,37.56,37.14,37.56,18467,0
GPW,60,20230313,100000,37.1,37.46,37,37.02,9170,0
GPW,60,20230313,110000,37.02,37.12,36.5,36.72,11652,0
GPW,60,20230313,120000,36.72,36.92,36.62,36.86,1414,0
GPW,60,20230313,130000,36.9,37.12,36.8,36.86,2127,0
GPW,60,20230313,140000,36.86,36.94,36.62,36.62,2603,0
GPW,60,20230313,150000,36.72,36.88,36.6,36.86,3044,0
GPW,60,20230313,160000,36.94,36.94,36.6,36.86,12094,0
GPW,60,20230313,170000,36.8,37.18,36.8,37.1,8993,0
GPW,60,20230314,100000,37,37.2,36.98,37,5878,0
GPW,60,20230314,110000,37.14,37.14,36.66,36.76,4728,0
GPW,60,20230314,120000,36.76,36.88,36.68,36.8,1541,0
GPW,60,20230314,130000,36.8,36.82,36.72,36.72,378,0
GPW,60,20230314,140000,36.72,36.98,36.66,36.98,953,0
GPW,60,20230314,150000,36.84,37,36.84,36.92,1768,0
GPW,60,20230314,160000,37,37.08,36.84,36.88,1924,0
GPW,60,20230314,170000,36.92,37,36.82,36.9,1062,0
GPW,60,20230315,100000,36.9,36.98,36.66,36.98,3106,0
GPW,60,20230315,110000,36.92,36.94,36.72,36.72,3039,0
GPW,60,20230315,120000,36.72,36.84,36.5,36.58,6426,0
GPW,60,20230315,130000,36.56,36.64,36.5,36.52,4942,0
GPW,60,20230315,140000,36.52,36.7,36.32,36.32,4859,0
GPW,60,20230315,150000,36.48,36.48,35.94,36,20717,0
GPW,60,20230315,160000,35.96,36.08,35.94,36.02,5609,0
GPW,60,20230315,170000,36.02,36.1,35.8,35.86,10118,0
GPW,60,20230316,100000,36,36.38,35.96,36.38,3934,0
GPW,60,20230316,110000,36.28,36.34,36.04,36.28,3704,0
GPW,60,20230316,120000,36.3,36.32,36,36,1803,0
GPW,60,20230316,130000,36,36.14,35.88,36.14,2748,0
GPW,60,20230316,140000,36.02,36.1,35.9,36.1,1355,0
GPW,60,20230316,150000,36.1,36.1,35.9,36.1,1537,0
GPW,60,20230316,160000,36.08,36.08,35.9,36.06,2361,0
GPW,60,20230316,170000,36.06,36.3,36.02,36.3,3839,0
GPW,60,20230317,100000,37,37,36.56,36.74,5914,0
GPW,60,20230317,110000,36.6,36.72,36.42,36.7,2399,0
GPW,60,20230317,120000,36.7,36.76,36.58,36.7,1050,0
GPW,60,20230317,130000,36.6,36.66,36.12,36.18,3734,0
GPW,60,20230317,140000,36.26,36.38,36.12,36.14,2180,0
GPW,60,20230317,150000,36.16,36.2,35.86,35.86,4186,0
GPW,60,20230317,160000,36.02,36.02,35.76,35.9,16416,0
GPW,60,20230317,170000,35.9,36.08,35.76,35.8,28960,0
GPW,60,20230320,100000,35.8,36,35.4,35.54,15535,0
GPW,60,20230320,110000,35.74,35.8,35.54,35.62,4282,0
GPW,60,20230320,120000,35.66,36,35.66,35.9,3261,0
GPW,60,20230320,130000,35.82,35.98,35.82,35.94,1644,0
GPW,60,20230320,140000,35.98,36.16,35.86,36.12,3886,0
GPW,60,20230320,150000,36.12,36.12,35.96,36.04,1345,0
GPW,60,20230320,160000,35.96,36.06,35.86,36.06,2482,0
GPW,60,20230320,170000,35.92,36.16,35.8,35.8,5058,0
GPW,60,20230321,100000,36.2,36.78,36.2,36.64,4305,0
GPW,60,20230321,110000,36.64,36.78,36.58,36.62,1636,0
GPW,60,20230321,120000,36.66,36.82,36.66,36.74,15005,0
GPW,60,20230321,130000,36.74,36.74,36.64,36.64,6992,0
GPW,60,20230321,140000,36.68,36.7,36.62,36.7,1182,0
GPW,60,20230321,150000,36.66,36.74,36.6,36.68,3979,0
GPW,60,20230321,160000,36.68,36.68,36.52,36.54,1686,0
GPW,60,20230321,170000,36.52,36.66,36.52,36.52,4240,0
GPW,60,20230322,100000,36.8,36.8,36.58,36.62,2647,0
GPW,60,20230322,110000,36.62,36.68,36.58,36.68,1682,0
GPW,60,20230322,120000,36.66,36.68,36.64,36.66,1632,0
GPW,60,20230322,130000,36.66,36.66,36.56,36.56,1335,0
GPW,60,20230322,140000,36.54,36.56,36.42,36.5,4277,0
GPW,60,20230322,150000,36.5,36.58,36.48,36.58,670,0
GPW,60,20230322,160000,36.5,36.58,36.48,36.52,1615,0
GPW,60,20230322,170000,36.52,36.64,36.44,36.5,9016,0
GPW,60,20230323,100000,36.8,36.8,36.4,36.54,2534,0
GPW,60,20230323,110000,36.5,36.54,36.4,36.4,1583,0
GPW,60,20230323,120000,36.4,36.46,36.4,36.44,3934,0
GPW,60,20230323,130000,36.42,36.44,36.38,36.38,6962,0
GPW,60,20230323,140000,36.4,36.44,36.4,36.42,2009,0
GPW,60,20230323,150000,36.44,36.44,36.38,36.42,3015,0
GPW,60,20230323,160000,36.44,36.44,36.36,36.36,3207,0
GPW,60,20230323,170000,36.44,36.44,36.2,36.4,4716,0
GPW,60,20230324,100000,36.2,36.2,35.86,35.96,5320,0
GPW,60,20230324,110000,35.86,36.04,35.82,35.82,622,0
GPW,60,20230324,120000,35.82,35.86,35.7,35.84,5304,0
GPW,60,20230324,130000,35.78,35.8,35.62,35.68,2403,0
GPW,60,20230324,140000,35.68,35.84,35.68,35.84,4029,0
GPW,60,20230324,150000,35.84,35.88,35.74,35.84,7256,0
GPW,60,20230324,160000,35.8,35.8,35.68,35.8,2440,0
GPW,60,20230324,170000,35.8,35.8,35.64,35.68,2642,0
GPW,60,20230327,100000,36,36.1,35.68,35.76,1927,0
GPW,60,20230327,110000,35.76,35.88,35.68,35.82,4811,0
GPW,60,20230327,120000,35.8,35.88,35.8,35.8,550,0
GPW,60,20230327,130000,35.86,35.98,35.78,35.98,1841,0
GPW,60,20230327,140000,36,36.12,35.92,35.94,6426,0
GPW,60,20230327,150000,36.04,36.04,35.92,35.96,476,0
GPW,60,20230327,160000,35.96,36,35.92,35.96,2127,0
GPW,60,20230327,170000,35.94,35.98,35.82,35.96,1974,0
GPW,60,20230328,100000,35.8,36,35.76,35.84,5146,0
GPW,60,20230328,110000,35.88,36,35.78,35.78,2275,0
GPW,60,20230328,120000,35.88,35.9,35.7,35.74,1751,0
GPW,60,20230328,130000,35.74,35.84,35.64,35.84,1126,0
GPW,60,20230328,140000,35.92,35.92,35.74,35.74,2309,0
GPW,60,20230328,150000,35.8,35.8,35.66,35.66,1689,0
GPW,60,20230328,160000,35.72,35.8,35.7,35.74,1911,0
GPW,60,20230328,170000,35.76,35.8,35.64,35.7,3151,0
GPW,60,20230329,100000,35.96,35.96,35.78,35.92,1683,0
GPW,60,20230329,110000,35.84,35.84,35.72,35.8,4312,0
GPW,60,20230329,120000,35.82,35.82,35.76,35.78,2479,0
GPW,60,20230329,130000,35.74,35.8,35.72,35.8,744,0
GPW,60,20230329,140000,35.8,35.82,35.78,35.78,3002,0
GPW,60,20230329,150000,35.78,35.8,35.72,35.72,5277,0
GPW,60,20230329,160000,35.72,35.8,35.72,35.76,1615,0
GPW,60,20230329,170000,35.8,35.8,35.7,35.7,4609,0
GPW,60,20230330,100000,35.7,35.98,35.68,35.8,7957,0
GPW,60,20230330,110000,35.8,35.8,35.78,35.78,10326,0
GPW,60,20230330,120000,35.8,35.8,35.78,35.8,1599,0
GPW,60,20230330,130000,35.8,35.8,35.76,35.78,9422,0
GPW,60,20230330,140000,35.8,35.8,35.74,35.78,4802,0
GPW,60,20230330,150000,35.78,35.78,35.7,35.7,7752,0
GPW,60,20230330,160000,35.72,35.72,35.68,35.72,7269,0
GPW,60,20230330,170000,35.72,35.74,35.64,35.66,11044,0
GPW,60,20230331,100000,35.7,36,35.7,35.74,8606,0
GPW,60,20230331,110000,35.74,35.82,35.66,35.82,3556,0
GPW,60,20230331,120000,35.8,36,35.8,35.98,9590,0
GPW,60,20230331,130000,35.88,35.96,35.8,35.84,3186,0
GPW,60,20230331,140000,35.84,35.94,35.82,35.82,2491,0
GPW,60,20230331,150000,35.82,35.94,35.82,35.82,2795,0
GPW,60,20230331,160000,35.84,36,35.82,35.86,3142,0
GPW,60,20230331,170000,35.88,35.94,35.8,35.94,6880,0
GPW,60,20230403,100000,35.94,36.12,35.82,35.92,28554,0
GPW,60,20230403,110000,35.92,35.96,35.72,35.78,4845,0
GPW,60,20230403,120000,35.8,35.84,35.74,35.8,3052,0
GPW,60,20230403,130000,35.8,35.8,35.7,35.7,4930,0
GPW,60,20230403,140000,35.7,35.7,35.42,35.54,8986,0
GPW,60,20230403,150000,35.5,35.6,35.42,35.42,10701,0
GPW,60,20230403,160000,35.46,35.58,35.32,35.52,7541,0
GPW,60,20230403,170000,35.52,35.6,35.44,35.54,9392,0
GPW,60,20230404,100000,35.7,35.8,35.68,35.8,3868,0
GPW,60,20230404,110000,35.74,35.8,35.66,35.72,4937,0
GPW,60,20230404,120000,35.68,35.8,35.64,35.74,3745,0
GPW,60,20230404,130000,35.72,35.8,35.66,35.8,11089,0
GPW,60,20230404,140000,35.78,35.8,35.74,35.76,9022,0
GPW,60,20230404,150000,35.76,35.8,35.74,35.78,9030,0
GPW,60,20230404,160000,35.78,35.8,35.72,35.74,4593,0
GPW,60,20230404,170000,35.76,35.8,35.68,35.68,5016,0
GPW,60,20230405,100000,35.86,35.86,35.68,35.76,3598,0
GPW,60,20230405,110000,35.78,35.78,35.56,35.58,6201,0
GPW,60,20230405,120000,35.58,35.58,35.44,35.5,9650,0
GPW,60,20230405,130000,35.5,35.56,35.5,35.52,896,0
GPW,60,20230405,140000,35.54,35.56,35.5,35.54,1697,0
GPW,60,20230405,150000,35.48,35.5,35.26,35.34,10181,0
GPW,60,20230405,160000,35.34,35.4,35.1,35.38,11313,0
GPW,60,20230405,170000,35.38,35.38,35.2,35.34,3003,0
GPW,60,20230406,100000,35.48,35.5,35.18,35.26,6365,0
GPW,60,20230406,110000,35.28,35.42,35.2,35.34,8842,0
GPW,60,20230406,120000,35.32,35.38,35.18,35.2,8269,0
GPW,60,20230406,130000,35.2,35.2,35.1,35.12,2308,0
GPW,60,20230406,140000,35.12,35.24,35.12,35.18,4093,0
GPW,60,20230406,150000,35.14,35.18,35.1,35.18,2380,0
GPW,60,20230406,160000,35.18,35.24,35.06,35.16,7999,0
GPW,60,20230406,170000,35.16,35.16,35.1,35.14,5978,0
GPW,60,20230411,100000,35.6,35.84,35.6,35.68,5656,0
GPW,60,20230411,110000,35.68,35.8,35.62,35.8,13078,0
GPW,60,20230411,120000,35.72,35.8,35.72,35.8,8964,0
GPW,60,20230411,130000,35.76,35.8,35.76,35.78,12856,0
GPW,60,20230411,140000,35.78,35.86,35.78,35.78,7986,0
GPW,60,20230411,150000,35.78,35.8,35.74,35.76,5959,0
GPW,60,20230411,160000,35.78,35.8,35.72,35.74,7371,0
GPW,60,20230411,170000,35.74,35.98,35.72,35.8,23757,0
GPW,60,20230412,100000,35.8,36.18,35.8,36.1,27442,0
GPW,60,20230412,110000,36.1,36.1,35.98,36.02,24769,0
GPW,60,20230412,120000,36,36.06,35.98,36,4572,0
GPW,60,20230412,130000,36.04,36.06,35.98,36.06,8775,0
GPW,60,20230412,140000,36.06,36.06,35.96,36.04,1147,0
GPW,60,20230412,150000,36,36.04,35.94,36.04,6823,0
GPW,60,20230412,160000,36.04,36.04,35.94,35.98,6324,0
GPW,60,20230412,170000,36.04,36.04,35.98,36.04,18368,0
GPW,60,20230413,100000,36.06,36.18,35.9,36.02,12653,0
GPW,60,20230413,110000,36.04,36.08,35.96,36.08,2932,0
GPW,60,20230413,120000,36.06,36.06,36,36.06,1211,0
GPW,60,20230413,130000,36.08,36.08,35.98,36.08,7893,0
GPW,60,20230413,140000,36.02,36.08,36,36.04,1458,0
GPW,60,20230413,150000,36.04,36.04,35.96,36.02,2074,0
GPW,60,20230413,160000,36.02,36.1,35.94,36.1,11534,0
GPW,60,20230413,170000,36.1,36.12,36.06,36.08,9925,0
GPW,60,20230414,100000,36.2,36.26,36.14,36.2,7285,0
GPW,60,20230414,110000,36.2,36.2,36.14,36.18,4389,0
GPW,60,20230414,120000,36.18,36.2,36.14,36.14,3271,0
GPW,60,20230414,130000,36.18,36.2,36.12,36.12,3199,0
GPW,60,20230414,140000,36.12,36.14,36.08,36.1,9721,0
GPW,60,20230414,150000,36.12,36.12,36.08,36.12,4032,0
GPW,60,20230414,160000,36.12,36.14,36.08,36.08,6598,0
GPW,60,20230414,170000,36.1,36.1,36.06,36.1,5946,0
GPW,60,20230417,100000,36.2,36.36,36.14,36.2,10442,0
GPW,60,20230417,110000,36.2,36.28,36.16,36.24,7818,0
GPW,60,20230417,120000,36.24,36.3,36.22,36.28,4660,0
GPW,60,20230417,130000,36.26,36.26,36.16,36.22,2672,0
GPW,60,20230417,140000,36.24,36.26,36.14,36.26,3216,0
GPW,60,20230417,150000,36.26,36.3,36.24,36.26,4164,0
GPW,60,20230417,160000,36.26,36.3,36.26,36.28,7715,0
GPW,60,20230417,170000,36.28,36.3,36.16,36.18,7363,0
GPW,60,20230418,100000,36.2,36.34,36.16,36.3,10727,0
GPW,60,20230418,110000,36.26,36.34,36.26,36.32,10923,0
GPW,60,20230418,120000,36.32,36.32,36.2,36.32,12262,0
GPW,60,20230418,130000,36.32,36.34,36.26,36.34,5680,0
GPW,60,20230418,140000,36.32,36.34,36.28,36.32,6587,0
GPW,60,20230418,150000,36.32,36.36,36.28,36.3,18882,0
GPW,60,20230418,160000,36.3,36.34,36.24,36.26,12113,0
GPW,60,20230418,170000,36.24,36.32,36.2,36.3,11687,0
GPW,60,20230419,100000,36.3,36.44,36.2,36.36,10740,0
GPW,60,20230419,110000,36.36,36.44,36.3,36.36,10176,0
GPW,60,20230419,120000,36.38,36.42,36.34,36.42,9114,0
GPW,60,20230419,130000,36.4,36.44,36.34,36.36,38843,0
GPW,60,20230419,140000,36.36,36.38,36.34,36.38,4316,0
GPW,60,20230419,150000,36.38,36.38,36.28,36.32,15082,0
GPW,60,20230419,160000,36.32,36.32,36.26,36.3,4692,0
GPW,60,20230419,170000,36.3,36.34,36.26,36.3,62598,0
GPW,60,20230420,100000,36.2,36.82,36.2,36.76,27875,0
GPW,60,20230420,110000,36.78,36.8,36.62,36.68,6289,0
GPW,60,20230420,120000,36.7,36.78,36.7,36.76,2048,0
GPW,60,20230420,130000,36.76,36.78,36.7,36.78,5876,0
GPW,60,20230420,140000,36.74,36.78,36.5,36.6,8791,0
GPW,60,20230420,150000,36.6,36.68,36.56,36.66,7035,0
GPW,60,20230420,160000,36.6,36.6,36.4,36.44,3282,0
GPW,60,20230420,170000,36.44,36.48,36.3,36.3,7157,0
GPW,60,20230421,100000,36.5,36.6,36.48,36.58,5447,0
GPW,60,20230421,110000,36.52,36.58,36.5,36.56,5931,0
GPW,60,20230421,120000,36.56,36.56,36.5,36.56,6448,0
GPW,60,20230421,130000,36.56,36.6,36.52,36.6,14487,0
GPW,60,20230421,140000,36.58,36.64,36.58,36.6,8429,0
GPW,60,20230421,150000,36.62,36.62,36.58,36.6,8875,0
GPW,60,20230421,160000,36.6,36.62,36.56,36.58,15466,0
GPW,60,20230421,170000,36.6,36.6,36.48,36.58,12976,0
GPW,60,20230424,100000,36.5,36.6,36.46,36.58,10162,0
GPW,60,20230424,110000,36.56,36.56,36.5,36.56,3345,0
GPW,60,20230424,120000,36.54,36.54,36.46,36.5,4094,0
GPW,60,20230424,130000,36.5,36.52,36.36,36.36,3785,0
GPW,60,20230424,140000,36.4,36.4,36.36,36.36,743,0
GPW,60,20230424,150000,36.36,36.4,36.34,36.38,1802,0
GPW,60,20230424,160000,36.36,36.42,36.32,36.4,11461,0
GPW,60,20230424,170000,36.4,36.46,36.4,36.46,18185,0
GPW,60,20230425,100000,36.58,36.58,36.3,36.4,14089,0
GPW,60,20230425,110000,36.4,36.42,36.3,36.38,11490,0
GPW,60,20230425,120000,36.38,36.42,36.36,36.4,7599,0
GPW,60,20230425,130000,36.38,36.42,36.26,36.3,7337,0
GPW,60,20230425,140000,36.38,36.4,36.38,36.38,4604,0
GPW,60,20230425,150000,36.36,36.4,36.34,36.4,5790,0
GPW,60,20230425,160000,36.4,36.42,36.36,36.38,4202,0
GPW,60,20230425,170000,36.36,36.36,36.1,36.1,10055,0
GPW,60,20230426,100000,36.1,36.14,36,36.08,14915,0
GPW,60,20230426,110000,36.06,36.18,36.04,36.16,11605,0
GPW,60,20230426,120000,36.12,36.16,36.06,36.12,8069,0
GPW,60,20230426,130000,36.16,36.18,36.12,36.18,3994,0
GPW,60,20230426,140000,36.18,36.18,36.1,36.14,3943,0
GPW,60,20230426,150000,36.18,36.18,36.12,36.16,11022,0
GPW,60,20230426,160000,36.16,36.3,36.16,36.26,8179,0
GPW,60,20230426,170000,36.28,36.36,36.02,36.02,11516,0
GPW,60,20230427,100000,36.06,36.54,36.06,36.48,20440,0
GPW,60,20230427,110000,36.48,36.48,36.36,36.36,5406,0
GPW,60,20230427,120000,36.44,36.44,36.3,36.3,4548,0
GPW,60,20230427,130000,36.32,36.38,36.32,36.38,1230,0
GPW,60,20230427,140000,36.36,36.44,36.3,36.4,7647,0
GPW,60,20230427,150000,36.44,36.44,36.36,36.36,4087,0
GPW,60,20230427,160000,36.38,36.38,36.24,36.24,2130,0
GPW,60,20230427,170000,36.26,36.3,36.2,36.28,8595,0
GPW,60,20230428,100000,36.28,36.42,36.28,36.34,10793,0
GPW,60,20230428,110000,36.32,36.36,36.24,36.24,7564,0
GPW,60,20230428,120000,36.24,36.24,36.08,36.2,6792,0
GPW,60,20230428,130000,36.2,36.24,36.14,36.24,3449,0
GPW,60,20230428,140000,36.24,36.26,36.16,36.16,2350,0
GPW,60,20230428,150000,36.24,36.24,36.08,36.16,4762,0
GPW,60,20230428,160000,36.16,36.18,36.08,36.16,5718,0
GPW,60,20230428,170000,36.16,36.16,36.1,36.16,9805,0
GPW,60,20230502,100000,36.34,36.34,36.26,36.26,10094,0
GPW,60,20230502,110000,36.26,36.3,36.26,36.28,5242,0
GPW,60,20230502,120000,36.28,36.4,36.22,36.4,18279,0
GPW,60,20230502,130000,36.4,36.62,36.38,36.62,28011,0
GPW,60,20230502,140000,36.58,36.62,36.56,36.58,16903,0
GPW,60,20230502,150000,36.58,36.7,36.58,36.68,22485,0
GPW,60,20230502,160000,36.7,36.7,36.64,36.68,13719,0
GPW,60,20230502,170000,36.68,36.68,36.24,36.24,15539,0
GPW,60,20230504,100000,36.44,36.48,36.3,36.42,9297,0
GPW,60,20230504,110000,36.4,36.58,36.36,36.58,16637,0
GPW,60,20230504,120000,36.56,36.6,36.48,36.56,14231,0
GPW,60,20230504,130000,36.5,36.58,36.38,36.44,7080,0
GPW,60,20230504,140000,36.42,36.46,36.32,36.32,5084,0
GPW,60,20230504,150000,36.36,36.36,36.28,36.32,5898,0
GPW,60,20230504,160000,36.3,36.4,36.3,36.3,7164,0
GPW,60,20230504,170000,36.32,36.4,36.24,36.38,7409,0
GPW,60,20230505,100000,36.4,36.5,36.24,36.38,24861,0
GPW,60,20230505,110000,36.38,36.4,36.34,36.36,4142,0
GPW,60,20230505,120000,36.38,36.38,36.34,36.36,5639,0
GPW,60,20230505,130000,36.36,36.42,36.34,36.4,12914,0
GPW,60,20230505,140000,36.4,36.4,36.3,36.38,3521,0
GPW,60,20230505,150000,36.36,36.38,36.34,36.34,2511,0
GPW,60,20230505,160000,36.38,36.4,36.36,36.4,5970,0
GPW,60,20230505,170000,36.4,36.4,36.34,36.34,7918,0
GPW,60,20230508,100000,36.5,36.8,36.36,36.8,8936,0
GPW,60,20230508,110000,36.72,36.74,36.66,36.68,3458,0
GPW,60,20230508,120000,36.68,36.74,36.64,36.7,6364,0
GPW,60,20230508,130000,36.7,36.8,36.68,36.8,7162,0
GPW,60,20230508,140000,36.8,36.84,36.76,36.82,4836,0
GPW,60,20230508,150000,36.82,36.96,36.82,36.92,1616,0
GPW,60,20230508,160000,36.9,36.94,36.82,36.94,5669,0
GPW,60,20230508,170000,36.92,36.98,36.86,36.94,9950,0
GPW,60,20230509,100000,36.94,36.98,36.82,36.82,4504,0
GPW,60,20230509,110000,36.88,36.88,36.76,36.82,4956,0
GPW,60,20230509,120000,36.82,37.12,36.76,37.12,23506,0
GPW,60,20230509,130000,37.14,37.48,37.14,37.32,16095,0
GPW,60,20230509,140000,37.34,37.42,37.34,37.34,663,0
GPW,60,20230509,150000,37.42,37.44,37.32,37.32,3238,0
GPW,60,20230509,160000,37.32,37.44,37.3,37.36,2914,0
GPW,60,20230509,170000,37.36,37.4,36.98,36.98,16352,0
GPW,60,20230510,100000,37,37.14,36.9,37.04,3620,0
GPW,60,20230510,110000,37.1,37.1,36.96,37,2857,0
GPW,60,20230510,120000,37.1,37.12,37,37.12,779,0
GPW,60,20230510,130000,37.16,37.2,37.04,37.04,3437,0
GPW,60,20230510,140000,37.06,37.1,37.02,37.1,3039,0
GPW,60,20230510,150000,37.1,37.2,37,37.2,2819,0
GPW,60,20230510,160000,37.22,37.28,37.08,37.14,3510,0
GPW,60,20230510,170000,37.14,37.24,37.04,37.24,4170,0
GPW,60,20230511,100000,37.24,37.44,37.18,37.4,6636,0
GPW,60,20230511,110000,37.4,37.42,37.3,37.3,2959,0
GPW,60,20230511,120000,37.34,37.46,37.26,37.46,5336,0
GPW,60,20230511,130000,37.46,37.46,37.34,37.34,2132,0
GPW,60,20230511,140000,37.36,37.36,37.22,37.26,1274,0
GPW,60,20230511,150000,37.26,37.26,37.1,37.1,5119,0
GPW,60,20230511,160000,37.1,37.1,36.92,36.92,3847,0
GPW,60,20230511,170000,36.92,36.96,36.84,36.96,4322,0
GPW,60,20230512,100000,36.9,37,36.86,36.98,3549,0
GPW,60,20230512,110000,36.98,37,36.9,37,2408,0
GPW,60,20230512,120000,37.06,37.1,36.98,37.1,2777,0
GPW,60,20230512,130000,37.02,37.02,36.94,36.98,733,0
GPW,60,20230512,140000,36.98,37,36.92,36.96,1883,0
GPW,60,20230512,150000,36.96,36.96,36.86,36.88,1862,0
GPW,60,20230512,160000,36.9,36.94,36.8,36.8,5789,0
GPW,60,20230512,170000,36.8,36.88,36.58,36.88,8424,0
GPW,60,20230515,100000,36.6,37.1,36.6,37,15245,0
GPW,60,20230515,110000,37,37.06,36.9,37.06,3839,0
GPW,60,20230515,120000,36.98,36.98,36.84,36.9,1694,0
GPW,60,20230515,130000,36.9,36.9,36.84,36.9,1656,0
GPW,60,20230515,140000,36.84,36.98,36.84,36.98,1135,0
GPW,60,20230515,150000,36.9,37.08,36.9,36.94,10942,0
GPW,60,20230515,160000,36.94,36.98,36.9,36.9,1827,0
GPW,60,20230515,170000,36.92,37.06,36.9,37.04,3363,0
GPW,60,20230516,100000,37.02,37.2,36.9,37.18,10186,0
GPW,60,20230516,110000,37.18,37.36,37.12,37.2,8562,0
GPW,60,20230516,120000,37.28,37.3,37.24,37.28,2890,0
GPW,60,20230516,130000,37.28,37.3,37.08,37.08,5111,0
GPW,60,20230516,140000,37.06,37.1,36.88,36.96,2527,0
GPW,60,20230516,150000,37,37.08,36.72,36.8,2702,0
GPW,60,20230516,160000,36.8,36.9,36.78,36.82,4510,0
GPW,60,20230516,170000,36.9,36.9,36.74,36.9,6167,0
GPW,60,20230517,100000,37,37.14,36.8,36.8,14956,0
GPW,60,20230517,110000,36.94,36.94,36.82,36.94,695,0
GPW,60,20230517,120000,36.88,36.96,36.8,36.88,3093,0
GPW,60,20230517,130000,36.84,36.98,36.84,36.94,2224,0
GPW,60,20230517,140000,36.92,36.92,36.78,36.84,1373,0
GPW,60,20230517,150000,36.82,36.84,36.78,36.84,1609,0
GPW,60,20230517,160000,36.84,36.88,36.78,36.78,2112,0
GPW,60,20230517,170000,36.84,36.86,36.6,36.74,7655,0
GPW,60,20230518,100000,37,37.12,36.86,37.02,6791,0
GPW,60,20230518,110000,37,37.04,36.9,36.9,2374,0
GPW,60,20230518,120000,36.88,36.92,36.82,36.9,1987,0
GPW,60,20230518,130000,36.92,36.92,36.84,36.86,2155,0
GPW,60,20230518,140000,36.9,36.92,36.86,36.86,2785,0
GPW,60,20230518,150000,36.86,36.9,36.76,36.76,14415,0
GPW,60,20230518,160000,36.74,36.8,36.62,36.66,5063,0
GPW,60,20230518,170000,36.76,36.78,36.66,36.72,4367,0
GPW,60,20230519,100000,37.08,37.2,36.92,37.1,24040,0
GPW,60,20230519,110000,37.1,37.14,37.06,37.12,12067,0
GPW,60,20230519,120000,37.12,37.14,37.02,37.08,8241,0
GPW,60,20230519,130000,37.08,37.12,37.04,37.1,3886,0
GPW,60,20230519,140000,37.1,37.1,37.04,37.08,2625,0
GPW,60,20230519,150000,37.08,37.12,37.02,37.12,4769,0
GPW,60,20230519,160000,37.1,37.12,36.96,37.02,5188,0
GPW,60,20230519,170000,37.04,37.2,36.9,36.9,11073,0
GPW,60,20230522,100000,37.14,37.24,37,37.16,3962,0
GPW,60,20230522,110000,37.26,37.46,37.2,37.44,4871,0
GPW,60,20230522,120000,37.4,37.46,37.3,37.46,2471,0
GPW,60,20230522,130000,37.42,37.44,37.26,37.26,1943,0
GPW,60,20230522,140000,37.26,37.32,37.24,37.32,827,0
GPW,60,20230522,150000,37.3,37.34,37.2,37.26,2590,0
GPW,60,20230522,160000,37.26,37.26,37.14,37.2,1997,0
GPW,60,20230522,170000,37.2,37.42,37.2,37.4,4886,0
GPW,60,20230523,100000,37.46,37.8,37.38,37.74,7066,0
GPW,60,20230523,110000,37.68,37.78,37.68,37.78,7033,0
GPW,60,20230523,120000,37.76,37.78,37.7,37.78,1881,0
GPW,60,20230523,130000,37.72,37.78,37.7,37.72,2989,0
GPW,60,20230523,140000,37.72,37.72,37.56,37.62,1688,0
GPW,60,20230523,150000,37.56,37.68,37.46,37.68,1211,0
GPW,60,20230523,160000,37.7,37.7,37.56,37.56,1857,0
GPW,60,20230523,170000,37.62,37.78,37.54,37.78,4718,0
GPW,60,20230524,100000,37.5,37.62,37.32,37.4,5243,0
GPW,60,20230524,110000,37.4,37.48,37.28,37.4,2005,0
GPW,60,20230524,120000,37.4,37.48,37.38,37.38,1413,0
GPW,60,20230524,130000,37.46,37.46,37.32,37.44,1733,0
GPW,60,20230524,140000,37.34,37.42,37.34,37.34,1161,0
GPW,60,20230524,150000,37.4,37.4,37.26,37.26,2767,0
GPW,60,20230524,160000,37.3,37.34,37.04,37.1,9345,0
GPW,60,20230524,170000,37.14,37.3,37.14,37.26,5002,0
GPW,60,20230525,100000,37.26,37.42,37.12,37.2,10763,0
GPW,60,20230525,110000,37.2,37.2,37.14,37.14,6733,0
GPW,60,20230525,120000,37.16,37.18,37.02,37.18,5662,0
GPW,60,20230525,130000,37.18,37.18,37.08,37.12,2126,0
GPW,60,20230525,140000,37.12,37.18,37.06,37.12,1779,0
GPW,60,20230525,150000,37.12,37.24,37.1,37.24,1875,0
GPW,60,20230525,160000,37.18,37.2,37.04,37.16,2595,0
GPW,60,20230525,170000,37.1,37.18,37.04,37.18,5766,0
GPW,60,20230526,100000,37.2,37.4,37.2,37.38,2986,0
GPW,60,20230526,110000,37.36,37.58,37.36,37.58,6535,0
GPW,60,20230526,120000,37.58,37.58,37.48,37.52,2775,0
GPW,60,20230526,130000,37.58,37.62,37.5,37.62,1495,0
GPW,60,20230526,140000,37.56,37.7,37.56,37.7,1528,0
GPW,60,20230526,150000,37.7,37.82,37.68,37.74,6041,0
GPW,60,20230526,160000,37.8,38,37.76,37.92,15274,0
GPW,60,20230526,170000,37.9,37.96,37.8,37.9,5718,0
GPW,60,20230529,100000,37.9,38.16,37.9,38,10383,0
GPW,60,20230529,110000,38,38.08,37.94,37.94,2721,0
GPW,60,20230529,120000,37.94,38.02,37.9,37.98,3453,0
GPW,60,20230529,130000,37.98,38.02,37.92,38.02,996,0
GPW,60,20230529,140000,38.04,38.38,38,38.38,10026,0
GPW,60,20230529,150000,38.2,38.34,38.18,38.3,1484,0
GPW,60,20230529,160000,38.3,38.3,38.18,38.24,582,0
GPW,60,20230529,170000,38.2,38.22,38.08,38.16,1270,0
GPW,60,20230530,100000,38.16,38.18,37.9,38,4633,0
GPW,60,20230530,110000,38,38.14,38,38,1872,0
GPW,60,20230530,120000,38,38.12,38,38.04,1643,0
GPW,60,20230530,130000,38.08,38.1,38.02,38.1,1719,0
GPW,60,20230530,140000,38.1,38.16,38.08,38.1,1493,0
GPW,60,20230530,150000,38.1,38.1,38.04,38.1,2379,0
GPW,60,20230530,160000,38.08,38.12,38,38.1,4458,0
GPW,60,20230530,170000,38.1,38.16,38,38.08,6840,0
GPW,60,20230531,100000,38,38.1,37.56,37.68,12997,0
GPW,60,20230531,110000,37.68,37.9,37.6,37.9,2542,0
GPW,60,20230531,120000,37.98,38.26,37.92,38.22,6096,0
GPW,60,20230531,130000,38.26,38.46,38.2,38.44,10878,0
GPW,60,20230531,140000,38.4,38.54,38.38,38.38,6210,0
GPW,60,20230531,150000,38.3,38.3,38.02,38.1,1877,0
GPW,60,20230531,160000,38.04,38.26,38,38,3078,0
GPW,60,20230531,170000,38,38.1,37.74,38.1,55041,0
