<TICKER>,<PER>,<DATE>,<TIME>,<OPEN>,<HIGH>,<LOW>,<CLOSE>,<VOL>,<OPENINT>
JSW,60,20220804,100000,49,49,48.15,48.55,32276,0
JSW,60,20220804,110000,48.43,48.58,48.25,48.33,19588,0
JSW,60,20220804,120000,48.33,48.47,48.01,48.28,26163,0
JSW,60,20220804,130000,48.28,48.89,48.22,48.66,24893,0
JSW,60,20220804,140000,48.66,48.66,48.15,48.15,15100,0
JSW,60,20220804,150000,48.2,48.29,47.55,47.55,88975,0
JSW,60,20220804,160000,47.52,47.64,46.85,47.1,169900,0
JSW,60,20220804,170000,47.1,47.28,46.76,46.76,164638,0
JSW,60,20220805,100000,46.9,47.98,46.84,47.87,62591,0
JSW,60,20220805,110000,47.87,47.89,46.83,47,46568,0
JSW,60,20220805,120000,46.88,46.94,46.27,46.68,49326,0
JSW,60,20220805,130000,46.6,46.65,45.3,45.51,63432,0
JSW,60,20220805,140000,45.5,45.7,44.69,45.49,119562,0
JSW,60,20220805,150000,45.42,45.5,45,45.19,36802,0
JSW,60,20220805,160000,45.15,46.65,45.11,46.6,65056,0
JSW,60,20220805,170000,46.58,48,46.55,47.76,90077,0
JSW,60,20220808,100000,48,48.48,47.6,48.01,43673,0
JSW,60,20220808,110000,48.09,48.09,47.29,47.35,29998,0
JSW,60,20220808,120000,47.45,48,47.26,47.99,14972,0
JSW,60,20220808,130000,48,48.37,47.85,48.03,24490,0
JSW,60,20220808,140000,48.03,48.39,47.98,48.35,30830,0
JSW,60,20220808,150000,48.36,49.13,48.29,49.1,88498,0
JSW,60,20220808,160000,49.12,49.12,48.67,48.86,15959,0
JSW,60,20220808,170000,48.8,49.38,48.58,49.38,64676,0
JSW,60,20220809,100000,49.4,49.4,48.67,48.86,47056,0
JSW,60,20220809,110000,48.86,49.57,48.85,49.5,37743,0
JSW,60,20220809,120000,49.57,49.78,49.2,49.21,42893,0
JSW,60,20220809,130000,49.21,49.25,48.41,48.48,36844,0
JSW,60,20220809,140000,48.52,48.62,48.02,48.05,44401,0
JSW,60,20220809,150000,48.11,48.39,47.92,47.92,34147,0
JSW,60,20220809,160000,47.96,48.39,47.68,48.23,47880,0
JSW,60,20220809,170000,48.25,48.48,47.98,48.2,65451,0
JSW,60,20220810,100000,48.19,48.7,47.82,47.93,92437,0
JSW,60,20220810,110000,47.95,48.46,47.86,48.22,19721,0
JSW,60,20220810,120000,48.21,48.3,47.94,47.96,13248,0
JSW,60,20220810,130000,47.96,47.96,47.7,47.86,27948,0
JSW,60,20220810,140000,47.88,47.98,47.79,47.86,10252,0
JSW,60,20220810,150000,47.98,49.55,47.75,48.9,135469,0
JSW,60,20220810,160000,48.99,49.05,48.37,48.6,45055,0
JSW,60,20220810,170000,48.7,48.87,48.18,48.7,63529,0
JSW,60,20220811,100000,49.44,49.44,48.61,48.9,48609,0
JSW,60,20220811,110000,48.92,49.14,48.8,49.14,23643,0
JSW,60,20220811,120000,49.14,49.19,48.8,48.82,20270,0
JSW,60,20220811,130000,48.9,48.9,48.55,48.68,15667,0
JSW,60,20220811,140000,48.66,48.84,48.61,48.82,10077,0
JSW,60,20220811,150000,48.83,49,48.65,48.8,13989,0
JSW,60,20220811,160000,48.67,48.89,48.33,48.89,28746,0
JSW,60,20220811,170000,48.8,48.98,48.64,48.72,27096,0
JSW,60,20220812,100000,48.91,50.8,48.9,50.76,180470,0
JSW,60,20220812,110000,50.82,51.64,50.7,50.82,256581,0
JSW,60,20220812,120000,50.9,51.42,50.8,51.42,55162,0
JSW,60,20220812,130000,51.38,51.42,50.5,50.84,67322,0
JSW,60,20220812,140000,50.8,50.96,50.2,50.52,46687,0
JSW,60,20220812,150000,50.52,50.52,50.2,50.3,47305,0
JSW,60,20220812,160000,50.26,50.84,50.26,50.48,39497,0
JSW,60,20220812,170000,50.42,50.44,49.75,50.38,86557,0
JSW,60,20220816,100000,50.9,51.48,50.5,51,130289,0
JSW,60,20220816,110000,51,51.44,50.86,50.9,65939,0
JSW,60,20220816,120000,50.9,51.12,50.7,50.74,36373,0
JSW,60,20220816,130000,50.8,51.02,50.72,50.94,21699,0
JSW,60,20220816,140000,50.94,51.08,50.76,50.98,21543,0
JSW,60,20220816,150000,50.98,51.16,50.56,50.6,45397,0
JSW,60,20220816,160000,50.7,50.88,50.34,50.62,47415,0
JSW,60,20220816,170000,50.58,50.94,50.3,50.54,45046,0
JSW,60,20220817,100000,50.2,50.68,48.82,48.83,169848,0
JSW,60,20220817,110000,48.82,49.28,48.52,48.9,106517,0
JSW,60,20220817,120000,48.95,49.01,48.72,48.89,44113,0
JSW,60,20220817,130000,48.89,49.02,48.72,48.9,25474,0
JSW,60,20220817,140000,48.96,49,48.3,48.38,51292,0
JSW,60,20220817,150000,48.41,48.59,48.2,48.2,36790,0
JSW,60,20220817,160000,48.16,48.43,47.82,48.4,70390,0
JSW,60,20220817,170000,48.45,49.22,48.05,48.9,96399,0
JSW,60,20220818,100000,48.88,50.78,48.51,50.3,122868,0
JSW,60,20220818,110000,50.32,50.38,49.91,50.3,76110,0
JSW,60,20220818,120000,50.3,52.3,50.24,52.04,333167,0
JSW,60,20220818,130000,52.04,52.96,51.44,51.94,202468,0
JSW,60,20220818,140000,52,53.2,51.9,53,163128,0
JSW,60,20220818,150000,53,53.3,52.7,52.9,110163,0
JSW,60,20220818,160000,52.82,53.1,52.08,53,116995,0
JSW,60,20220818,170000,53.08,55,53,55,608457,0
JSW,60,20220819,100000,56,57.14,53.64,54.3,675672,0
JSW,60,20220819,110000,54.3,54.38,52.9,53.98,157665,0
JSW,60,20220819,120000,53.98,54.5,53.56,53.9,76091,0
JSW,60,20220819,130000,53.8,54.14,53.44,53.92,60413,0
JSW,60,20220819,140000,53.92,54.14,53.64,54.04,40723,0
JSW,60,20220819,150000,53.98,54.48,53.62,54.3,44316,0
JSW,60,20220819,160000,54.38,54.56,53.56,53.82,94112,0
JSW,60,20220819,170000,53.82,53.84,52.74,52.74,163002,0
JSW,60,20220822,100000,52.04,54.22,51.76,52.4,171011,0
JSW,60,20220822,110000,52.46,52.46,51.58,51.9,99628,0
JSW,60,20220822,120000,51.9,52.3,51.72,52,36854,0
JSW,60,20220822,130000,52.04,53,51.9,52.82,51791,0
JSW,60,20220822,140000,52.82,52.82,52.1,52.32,23602,0
JSW,60,20220822,150000,52.36,52.7,52.24,52.6,29846,0
JSW,60,20220822,160000,52.56,52.96,52.04,52.58,34362,0
JSW,60,20220822,170000,52.6,53.58,52.4,53.5,87350,0
JSW,60,20220823,100000,53.5,55.38,52.8,54.96,193809,0
JSW,60,20220823,110000,54.94,54.94,53.9,54.24,64447,0
JSW,60,20220823,120000,54.24,54.84,54.12,54.66,34133,0
JSW,60,20220823,130000,54.68,55.98,54.6,55.62,134748,0
JSW,60,20220823,140000,55.68,55.86,55.04,55.1,54766,0
JSW,60,20220823,150000,55.04,55.48,54.64,54.92,31330,0
JSW,60,20220823,160000,54.96,56,54.68,55.6,96742,0
JSW,60,20220823,170000,55.6,56.22,55.52,55.9,127847,0
JSW,60,20220824,100000,55,55.38,53.9,54.26,125133,0
JSW,60,20220824,110000,54.16,55.5,54.16,54.94,57984,0
JSW,60,20220824,120000,55.02,55.58,54.44,54.5,63473,0
JSW,60,20220824,130000,54.44,54.68,54.2,54.2,24593,0
JSW,60,20220824,140000,54.34,54.34,53.5,53.96,61279,0
JSW,60,20220824,150000,54.04,54.04,53.28,53.88,46081,0
JSW,60,20220824,160000,53.88,53.88,53.34,53.54,28537,0
JSW,60,20220824,170000,53.64,53.76,53.1,53.1,83456,0
JSW,60,20220825,100000,53.9,54.56,53.6,53.8,86129,0
JSW,60,20220825,110000,53.8,54.96,53.74,54.6,60658,0
JSW,60,20220825,120000,54.6,54.6,53.6,53.76,32650,0
JSW,60,20220825,130000,53.68,53.94,52.62,52.98,82653,0
JSW,60,20220825,140000,52.8,53.32,52.58,53.3,44665,0
JSW,60,20220825,150000,53.3,53.32,52.6,52.84,20065,0
JSW,60,20220825,160000,52.82,53.26,52.52,53.2,31491,0
JSW,60,20220825,170000,53.26,53.44,52.72,52.86,67877,0
JSW,60,20220826,100000,52.54,53.16,52.14,52.2,77125,0
JSW,60,20220826,110000,52.18,52.42,51.9,52.18,38540,0
JSW,60,20220826,120000,52.24,52.72,52.16,52.3,15162,0
JSW,60,20220826,130000,52.2,52.34,52.1,52.2,9951,0
JSW,60,20220826,140000,52.2,52.46,52.12,52.26,21755,0
JSW,60,20220826,150000,52.36,52.48,52.02,52.06,20084,0
JSW,60,20220826,160000,52.16,52.92,52.1,52.34,24048,0
JSW,60,20220826,170000,52.34,52.5,51.64,51.64,80024,0
JSW,60,20220829,100000,51.32,51.32,49.86,50.86,99817,0
JSW,60,20220829,110000,50.84,50.94,50.2,50.26,32208,0
JSW,60,20220829,120000,50.26,50.98,50.2,50.98,32711,0
JSW,60,20220829,130000,51,51.96,50.98,51.26,40527,0
JSW,60,20220829,140000,51.26,52.36,51.14,52.36,34354,0
JSW,60,20220829,150000,52.28,52.36,51.7,51.9,35427,0
JSW,60,20220829,160000,51.88,52.24,51.62,52,43504,0
JSW,60,20220829,170000,52.02,53.3,51.88,53.3,121040,0
JSW,60,20220830,100000,54,54.6,51.86,52.38,234637,0
JSW,60,20220830,110000,52.22,52.52,51.16,51.88,74208,0
JSW,60,20220830,120000,52,52.46,51.6,52,49701,0
JSW,60,20220830,130000,52,52.16,51.62,51.92,66591,0
JSW,60,20220830,140000,51.9,52.66,51.6,52.4,36208,0
JSW,60,20220830,150000,52.4,52.52,51.72,52.3,91324,0
JSW,60,20220830,160000,52.3,52.3,50.4,50.66,86775,0
JSW,60,20220830,170000,50.66,50.66,49.5,49.52,234629,0
JSW,60,20220831,100000,50.04,51.18,49.55,50.84,78278,0
JSW,60,20220831,110000,50.74,50.82,48.88,49.37,113114,0
JSW,60,20220831,120000,49.41,49.47,48.66,49.47,57657,0
JSW,60,20220831,130000,49.47,49.47,48.26,48.41,63069,0
JSW,60,20220831,140000,48.4,48.78,47.99,48.57,87763,0
JSW,60,20220831,150000,48.52,49.5,48.47,48.82,89774,0
JSW,60,20220831,160000,48.78,48.89,47.07,47.76,143177,0
JSW,60,20220831,170000,47.75,48.42,47.53,47.56,210120,0
JSW,60,20220901,100000,47.4,47.44,45.53,45.95,173887,0
JSW,60,20220901,110000,45.92,46.09,44.86,45.43,118279,0
JSW,60,20220901,120000,45.41,46.49,45.3,46.12,67105,0
JSW,60,20220901,130000,46.2,46.62,45.55,46.25,133009,0
JSW,60,20220901,140000,46.28,46.5,46.09,46.1,27897,0
JSW,60,20220901,150000,46.05,46.22,45,45.18,73717,0
JSW,60,20220901,160000,45.18,45.4,44.9,44.98,80535,0
JSW,60,20220901,170000,45.01,45.1,44.22,44.28,236855,0
JSW,60,20220902,100000,45.5,45.5,43.1,43.49,233508,0
JSW,60,20220902,110000,43.49,44.94,43.18,44.85,132186,0
JSW,60,20220902,120000,44.84,44.84,43.57,43.95,95219,0
JSW,60,20220902,130000,44.02,44.02,43.5,43.7,45214,0
JSW,60,20220902,140000,43.7,43.74,42.34,42.94,144627,0
JSW,60,20220902,150000,42.95,43.17,42.22,42.91,103370,0
JSW,60,20220902,160000,42.85,43.34,42.59,42.95,85411,0
JSW,60,20220902,170000,42.95,43.45,42.62,43.11,157782,0
JSW,60,20220905,100000,42.46,43.49,42.25,43,110216,0
JSW,60,20220905,110000,43,43.07,41.99,42.83,159660,0
JSW,60,20220905,120000,42.72,43.66,42.68,43.44,66870,0
JSW,60,20220905,130000,43.42,43.97,43.09,43.28,87992,0
JSW,60,20220905,140000,43.27,43.42,43.05,43.31,32950,0
JSW,60,20220905,150000,43.36,43.46,43.03,43.05,42831,0
JSW,60,20220905,160000,43.08,43.44,42.45,42.51,91215,0
JSW,60,20220905,170000,42.47,42.72,42.15,42.48,94940,0
JSW,60,20220906,100000,42.95,43.4,42.4,42.69,140056,0
JSW,60,20220906,110000,42.69,42.69,40.84,40.9,171901,0
JSW,60,20220906,120000,40.82,41.39,40.12,41.15,146145,0
JSW,60,20220906,130000,41.15,41.2,40.52,40.82,60121,0
JSW,60,20220906,140000,40.72,40.78,40.41,40.65,149201,0
JSW,60,20220906,150000,40.67,41,40.5,40.63,88734,0
JSW,60,20220906,160000,40.59,40.67,39.03,39.48,298993,0
JSW,60,20220906,170000,39.48,39.56,38.9,39.32,297487,0
JSW,60,20220907,100000,38.5,39.7,38.2,38.5,274604,0
JSW,60,20220907,110000,38.51,39.6,38.38,39.45,129471,0
JSW,60,20220907,120000,39.46,39.68,38.94,39.68,103014,0
JSW,60,20220907,130000,39.69,39.87,39,39.02,100022,0
JSW,60,20220907,140000,39.08,39.15,38.69,38.78,61546,0
JSW,60,20220907,150000,38.78,38.9,37.95,38.32,187647,0
JSW,60,20220907,160000,38.32,38.52,37.7,37.95,191814,0
JSW,60,20220907,170000,37.91,38.65,37.7,38.39,202481,0
JSW,60,20220908,100000,39.18,39.86,38.4,38.81,131019,0
JSW,60,20220908,110000,38.81,40.02,38.75,39.7,138015,0
JSW,60,20220908,120000,39.79,39.9,39.2,39.38,76422,0
JSW,60,20220908,130000,39.35,39.54,38.84,39.4,55239,0
JSW,60,20220908,140000,39.47,39.48,38.8,39.07,41460,0
JSW,60,20220908,150000,39.06,39.21,38.27,38.41,80080,0
JSW,60,20220908,160000,38.48,38.53,37.81,37.94,144229,0
JSW,60,20220908,170000,37.9,38.25,37.5,38.02,142038,0
JSW,60,20220909,100000,38.86,40.2,38.5,39.7,293933,0
JSW,60,20220909,110000,39.72,40.38,39.44,40,122990,0
JSW,60,20220909,120000,39.92,40.17,39.63,39.74,187741,0
JSW,60,20220909,130000,39.74,39.84,39.34,39.5,184140,0
JSW,60,20220909,140000,39.52,39.96,39.38,39.56,77169,0
JSW,60,20220909,150000,39.58,39.75,39.28,39.4,68041,0
JSW,60,20220909,160000,39.38,39.44,38.85,39.3,92627,0
JSW,60,20220909,170000,39.27,39.74,39.19,39.74,136746,0
JSW,60,20220912,100000,40,40.3,38.35,38.63,211587,0
JSW,60,20220912,110000,38.62,39.46,38.61,39.42,76238,0
JSW,60,20220912,120000,39.35,39.38,38.73,38.8,78061,0
JSW,60,20220912,130000,38.8,39.55,38.77,39.03,81665,0
JSW,60,20220912,140000,39.07,39.4,38.98,39.12,52003,0
JSW,60,20220912,150000,39.2,39.5,38.86,38.86,53771,0
JSW,60,20220912,160000,38.9,39.3,38.77,38.82,85178,0
JSW,60,20220912,170000,38.86,39.11,38.6,38.7,156205,0
JSW,60,20220913,100000,39.3,39.49,38.34,38.8,107257,0
JSW,60,20220913,110000,38.83,39.08,38.6,38.9,69231,0
JSW,60,20220913,120000,38.9,39,38.42,38.7,60312,0
JSW,60,20220913,130000,38.69,38.69,38.38,38.59,39759,0
JSW,60,20220913,140000,38.57,38.94,38.48,38.61,49446,0
JSW,60,20220913,150000,38.6,39.01,37.7,37.8,213060,0
JSW,60,20220913,160000,37.75,37.97,37.39,37.56,257892,0
JSW,60,20220913,170000,37.56,37.98,37.4,37.4,134357,0
JSW,60,20220914,100000,36.7,37.88,35.45,37.45,140355,0
JSW,60,20220914,110000,37.53,38.4,37.37,38.12,76290,0
JSW,60,20220914,120000,38.18,38.55,37.83,38.34,52764,0
JSW,60,20220914,130000,38.34,38.49,38.15,38.49,36583,0
JSW,60,20220914,140000,38.42,38.86,37.89,37.89,62715,0
JSW,60,20220914,150000,37.89,38.7,37.86,38.32,40108,0
JSW,60,20220914,160000,38.43,38.45,37.8,38.02,54952,0
JSW,60,20220914,170000,38.02,38.27,37.79,38.21,75461,0
JSW,60,20220915,100000,38.51,38.51,37.5,37.62,120591,0
JSW,60,20220915,110000,37.68,37.84,37.22,37.56,93866,0
JSW,60,20220915,120000,37.55,37.66,37.3,37.31,60729,0
JSW,60,20220915,130000,37.35,37.79,37.3,37.52,70197,0
JSW,60,20220915,140000,37.53,37.82,37.4,37.71,59513,0
JSW,60,20220915,150000,37.73,38.03,37.46,37.85,74238,0
JSW,60,20220915,160000,37.85,38.4,37.52,38.4,127230,0
JSW,60,20220915,170000,38.43,38.5,37.7,37.7,145857,0
JSW,60,20220916,100000,37.5,37.6,36.52,37.25,138432,0
JSW,60,20220916,110000,37.22,37.24,36.72,37.07,53675,0
JSW,60,20220916,120000,37.05,37.14,36.68,36.98,42400,0
JSW,60,20220916,130000,36.9,37.12,36.71,36.86,40401,0
JSW,60,20220916,140000,36.78,36.9,36.62,36.88,40649,0
JSW,60,20220916,150000,36.89,36.9,36.3,36.3,75659,0
JSW,60,20220916,160000,36.35,36.7,36.26,36.54,133310,0
JSW,60,20220916,170000,36.59,37.26,36.5,36.63,718106,0
JSW,60,20220919,100000,37.19,37.9,36.66,37.49,85626,0
JSW,60,20220919,110000,37.49,38.19,37.3,37.3,59228,0
JSW,60,20220919,120000,37.41,37.72,37.17,37.52,21792,0
JSW,60,20220919,130000,37.52,37.78,37.35,37.75,19803,0
JSW,60,20220919,140000,37.74,37.9,37.41,37.59,16597,0
JSW,60,20220919,150000,37.5,37.77,37.36,37.52,37205,0
JSW,60,20220919,160000,37.53,38.16,37.28,38.01,70014,0
JSW,60,20220919,170000,37.91,38,37.67,38,395928,0
JSW,60,20220920,100000,38.84,39.4,38.02,38.04,152915,0
JSW,60,20220920,110000,38.11,38.25,37.51,37.51,76663,0
JSW,60,20220920,120000,37.5,38.06,37.42,37.66,51487,0
JSW,60,20220920,130000,37.66,37.79,37.46,37.52,43499,0
JSW,60,20220920,140000,37.53,37.74,37.43,37.49,33551,0
JSW,60,20220920,150000,37.5,37.64,37.11,37.5,47684,0
JSW,60,20220920,160000,37.48,37.56,37.05,37.28,83338,0
JSW,60,20220920,170000,37.19,37.59,37.07,37.29,87372,0
JSW,60,20220921,100000,37.29,38.12,37,38,165157,0
JSW,60,20220921,110000,37.96,37.99,36.8,36.93,64645,0
JSW,60,20220921,120000,36.97,37.48,36.77,37.48,61932,0
JSW,60,20220921,130000,37.48,37.53,37,37.53,29993,0
JSW,60,20220921,140000,37.53,37.68,37.41,37.56,32672,0
JSW,60,20220921,150000,37.55,37.82,37.53,37.74,38722,0
JSW,60,20220921,160000,37.74,37.76,37.3,37.44,64386,0
JSW,60,20220921,170000,37.49,37.8,37.43,37.75,87996,0
JSW,60,20220922,100000,37.7,38.64,37.12,38.33,105087,0
JSW,60,20220922,110000,38.27,39.28,38.14,38.88,100480,0
JSW,60,20220922,120000,38.9,39.05,38.6,38.78,33467,0
JSW,60,20220922,130000,38.71,39,38.62,38.92,41536,0
JSW,60,20220922,140000,38.85,39.08,38.6,38.95,24502,0
JSW,60,20220922,150000,38.9,39.22,38.63,39.22,35009,0
JSW,60,20220922,160000,39.16,39.22,38.59,38.71,37567,0
JSW,60,20220922,170000,38.8,38.96,38.5,38.72,94751,0
JSW,60,20220923,100000,38.5,38.5,37.69,37.9,118002,0
JSW,60,20220923,110000,37.93,38.06,37.51,37.77,69896,0
JSW,60,20220923,120000,37.77,38.32,37.7,37.82,114153,0
JSW,60,20220923,130000,37.8,38.2,37.6,37.93,31576,0
JSW,60,20220923,140000,37.92,38.13,37.82,38.1,19573,0
JSW,60,20220923,150000,38.12,38.34,37.9,37.9,26877,0
JSW,60,20220923,160000,37.9,38.23,37.47,37.57,84582,0
JSW,60,20220923,170000,37.55,37.98,37.3,37.6,84209,0
JSW,60,20220926,100000,36.5,36.5,34.91,35.15,283057,0
JSW,60,20220926,110000,35.16,35.57,34.93,35.25,88282,0
JSW,60,20220926,120000,35.25,35.53,35.2,35.24,45439,0
JSW,60,20220926,130000,35.24,35.4,35.12,35.31,50512,0
JSW,60,20220926,140000,35.27,35.35,33.74,33.98,222452,0
JSW,60,20220926,150000,33.98,34.5,33.79,34.1,163544,0
JSW,60,20220926,160000,34.1,34.1,33.37,33.69,215906,0
JSW,60,20220926,170000,33.69,34.84,33.62,33.94,433098,0
JSW,60,20220927,100000,34,34.8,33.76,33.8,276481,0
JSW,60,20220927,110000,33.85,34.12,33.09,33.22,174890,0
JSW,60,20220927,120000,33.17,33.56,32.82,32.96,177089,0
JSW,60,20220927,130000,32.97,33.63,32.97,33.53,182039,0
JSW,60,20220927,140000,33.54,34,33.28,33.66,73846,0
JSW,60,20220927,150000,33.61,33.79,33.25,33.3,75965,0
JSW,60,20220927,160000,33.25,33.82,33.13,33.7,84094,0
JSW,60,20220927,170000,33.64,33.69,33.43,33.54,204848,0
JSW,60,20220928,100000,33.51,33.64,32.66,33.18,111824,0
JSW,60,20220928,110000,33.29,33.3,32.52,32.7,107268,0
JSW,60,20220928,120000,32.65,32.9,32.5,32.9,122106,0
JSW,60,20220928,130000,32.91,33.54,32.88,33.5,88621,0
JSW,60,20220928,140000,33.5,33.72,33.19,33.42,90054,0
JSW,60,20220928,150000,33.43,34.3,33.43,33.87,85248,0
JSW,60,20220928,160000,33.87,34.02,33.46,33.8,74323,0
JSW,60,20220928,170000,33.83,34.07,33.6,33.82,96125,0
JSW,60,20220929,100000,34.2,34.63,33.57,34.56,144842,0
JSW,60,20220929,110000,34.53,34.6,33.96,34.29,28716,0
JSW,60,20220929,120000,34.28,34.76,34.22,34.32,55690,0
JSW,60,20220929,130000,34.37,34.6,34.32,34.32,44704,0
JSW,60,20220929,140000,34.32,34.4,33.96,34,44620,0
JSW,60,20220929,150000,34.02,34.1,33.04,33.1,80923,0
JSW,60,20220929,160000,33.1,33.27,32.65,32.81,85392,0
JSW,60,20220929,170000,32.88,33,32.4,33,102005,0
JSW,60,20220930,100000,33.23,33.81,32.95,33.3,154374,0
JSW,60,20220930,110000,33.32,33.5,32.52,32.86,69701,0
JSW,60,20220930,120000,32.87,33.12,32.68,33.1,38309,0
JSW,60,20220930,130000,33.12,33.29,32.8,32.8,34221,0
JSW,60,20220930,140000,32.83,33.15,32.55,32.7,72170,0
JSW,60,20220930,150000,32.73,33.02,32.53,32.88,57158,0
JSW,60,20220930,160000,32.87,33.3,32.71,33.3,57871,0
JSW,60,20220930,170000,33.3,33.34,33,33.34,61068,0
JSW,60,20221003,100000,33.35,33.68,33.02,33.12,80091,0
JSW,60,20221003,110000,33.11,33.2,32.72,32.76,84544,0
JSW,60,20221003,120000,32.82,33.21,32.61,33.16,33728,0
JSW,60,20221003,130000,33.1,33.1,32.79,32.91,26429,0
JSW,60,20221003,140000,32.86,32.86,32.33,32.51,38944,0
JSW,60,20221003,150000,32.49,33.1,32.32,32.92,57239,0
JSW,60,20221003,160000,32.93,33.24,32.88,33,57720,0
JSW,60,20221003,170000,33,35.14,33,35.14,200322,0
JSW,60,20221004,100000,36.5,36.62,35.5,35.76,148560,0
JSW,60,20221004,110000,35.76,36.04,35.32,35.55,63925,0
JSW,60,20221004,120000,35.67,35.83,35.15,35.75,56119,0
JSW,60,20221004,130000,35.75,35.87,34.91,35.02,56320,0
JSW,60,20221004,140000,34.97,35.35,34.97,35.26,34905,0
JSW,60,20221004,150000,35.34,35.49,35.1,35.49,38676,0
JSW,60,20221004,160000,35.5,36.08,35.43,35.84,62900,0
JSW,60,20221004,170000,35.89,36.6,35.89,36.6,164357,0
JSW,60,20221005,100000,36.2,36.46,35.53,35.99,119157,0
JSW,60,20221005,110000,36,36.1,35.67,35.95,25645,0
JSW,60,20221005,120000,35.93,36.35,35.89,36.09,18382,0
JSW,60,20221005,130000,36.15,36.31,36.02,36.18,15133,0
JSW,60,20221005,140000,36.3,36.4,36,36.11,21561,0
JSW,60,20221005,150000,36.07,36.31,35.96,36.18,20449,0
JSW,60,20221005,160000,36.28,36.6,36.08,36.6,41631,0
JSW,60,20221005,170000,36.54,36.54,35.85,36.06,86737,0
JSW,60,20221006,100000,36.47,36.68,36.26,36.38,52160,0
JSW,60,20221006,110000,36.31,36.34,35.89,35.95,41109,0
JSW,60,20221006,120000,35.95,36.08,35.58,35.6,18647,0
JSW,60,20221006,130000,35.72,35.83,35.3,35.34,21642,0
JSW,60,20221006,140000,35.31,35.92,35.3,35.66,22461,0
JSW,60,20221006,150000,35.76,36,35.61,35.87,21606,0
JSW,60,20221006,160000,35.9,36.12,35.73,35.81,15308,0
JSW,60,20221006,170000,35.81,35.95,35.5,35.7,51350,0
JSW,60,20221007,100000,35.7,35.98,35.42,35.56,32195,0
JSW,60,20221007,110000,35.68,36.17,35.54,35.94,30603,0
JSW,60,20221007,120000,35.94,36.58,35.89,36.53,59761,0
JSW,60,20221007,130000,36.53,36.65,36.26,36.42,39731,0
JSW,60,20221007,140000,36.42,36.62,36.38,36.52,29393,0
JSW,60,20221007,150000,36.52,36.6,35.79,36.13,50865,0
JSW,60,20221007,160000,36.25,36.45,35.93,35.99,25635,0
JSW,60,20221007,170000,35.98,36.49,35.93,36.3,51519,0
JSW,60,20221010,100000,36.02,36.3,35.66,35.66,47977,0
JSW,60,20221010,110000,35.63,35.63,34.9,34.94,58990,0
JSW,60,20221010,120000,34.98,35,34.81,34.89,52521,0
JSW,60,20221010,130000,34.97,34.97,34.3,34.31,39116,0
JSW,60,20221010,140000,34.26,34.65,34.24,34.63,22373,0
JSW,60,20221010,150000,34.63,35,34.47,35,19792,0
JSW,60,20221010,160000,35,35,34.39,34.4,48471,0
JSW,60,20221010,170000,34.43,34.62,33.82,33.89,111127,0
JSW,60,20221011,100000,33.7,34.52,33.38,34.18,93712,0
JSW,60,20221011,110000,34.2,34.5,33.78,33.93,39237,0
JSW,60,20221011,120000,33.98,34.17,33.86,34.17,39915,0
JSW,60,20221011,130000,34.17,34.4,34.11,34.3,52212,0
JSW,60,20221011,140000,34.3,34.3,34.2,34.27,57309,0
JSW,60,20221011,150000,34.21,35.36,34.21,34.83,99942,0
JSW,60,20221011,160000,34.86,35.12,34.23,34.29,34727,0
JSW,60,20221011,170000,34.23,34.6,34.11,34.56,56269,0
JSW,60,20221012,100000,35.01,35.06,33.87,33.87,56194,0
JSW,60,20221012,110000,33.87,34.46,33.84,34.46,14460,0
JSW,60,20221012,120000,34.46,34.77,34.27,34.46,15334,0
JSW,60,20221012,130000,34.49,34.79,34.44,34.48,19883,0
JSW,60,20221012,140000,34.51,34.58,34.08,34.15,18512,0
JSW,60,20221012,150000,34.07,35.4,34,35.3,156752,0
JSW,60,20221012,160000,35.32,35.4,35.02,35.4,129201,0
JSW,60,20221012,170000,35.34,35.98,35.27,35.62,205156,0
JSW,60,20221013,100000,35.63,36.18,35.22,35.9,46072,0
JSW,60,20221013,110000,35.93,36.31,35.85,36.17,24822,0
JSW,60,20221013,120000,36.13,36.28,35.81,36.2,49695,0
JSW,60,20221013,130000,36.15,36.18,35.86,36.14,56599,0
JSW,60,20221013,140000,36.16,36.55,36.05,36.34,45099,0
JSW,60,20221013,150000,36.35,36.63,35,35.18,201837,0
JSW,60,20221013,160000,35.15,36.16,35.04,35.9,78444,0
JSW,60,20221013,170000,36.05,36.57,35.82,36.4,141223,0
JSW,60,20221014,100000,37.22,37.97,36.97,37.65,193367,0
JSW,60,20221014,110000,37.56,38.08,37.44,37.67,105059,0
JSW,60,20221014,120000,37.67,37.67,36.92,37.06,110936,0
JSW,60,20221014,130000,37.06,37.4,36.82,37.13,56548,0
JSW,60,20221014,140000,37.14,37.14,36.51,36.54,54837,0
JSW,60,20221014,150000,36.57,37.26,36.52,37.2,30603,0
JSW,60,20221014,160000,37.24,37.75,36.88,36.9,91333,0
JSW,60,20221014,170000,36.84,37.2,36.7,37.18,102311,0
JSW,60,20221017,100000,37.3,37.67,36.9,37.36,58070,0
JSW,60,20221017,110000,37.25,37.29,36.95,37.23,13894,0
JSW,60,20221017,120000,37.28,37.54,37.17,37.54,28020,0
JSW,60,20221017,130000,37.5,37.64,37.02,37.1,28074,0
JSW,60,20221017,140000,37.12,37.2,37.1,37.2,19839,0
JSW,60,20221017,150000,37.2,38.1,37.15,37.74,73986,0
JSW,60,20221017,160000,37.75,38.16,37.75,37.93,25440,0
JSW,60,20221017,170000,37.93,38.1,37.41,37.75,51628,0
JSW,60,20221018,100000,38.12,38.44,37.84,37.84,72289,0
JSW,60,20221018,110000,37.8,37.99,36.85,37.25,50348,0
JSW,60,20221018,120000,37.25,37.34,36.83,37.32,30369,0
JSW,60,20221018,130000,37.26,37.26,36.36,36.74,34010,0
JSW,60,20221018,140000,36.68,36.95,36.68,36.82,18270,0
JSW,60,20221018,150000,36.88,37.32,36.83,37.25,26150,0
JSW,60,20221018,160000,37.2,37.2,36.63,36.66,31662,0
JSW,60,20221018,170000,36.65,36.81,36.17,36.25,84015,0
JSW,60,20221019,100000,36.57,36.6,36.07,36.23,37964,0
JSW,60,20221019,110000,36.23,36.73,35.89,36.7,23798,0
JSW,60,20221019,120000,36.65,37.36,36.65,37.35,44599,0
JSW,60,20221019,130000,37.35,37.36,36.65,36.75,41643,0
JSW,60,20221019,140000,36.72,36.95,36.66,36.95,13205,0
JSW,60,20221019,150000,36.84,36.94,36.46,36.56,22461,0
JSW,60,20221019,160000,36.5,37.03,36.5,36.75,26329,0
JSW,60,20221019,170000,36.75,36.79,36.16,36.36,54954,0
JSW,60,20221020,100000,36.49,36.56,35.77,35.84,44719,0
JSW,60,20221020,110000,35.78,36.72,35.78,36.3,30573,0
JSW,60,20221020,120000,36.33,36.86,36.21,36.8,28660,0
JSW,60,20221020,130000,36.8,37.05,36.52,36.88,27217,0
JSW,60,20221020,140000,36.88,36.98,36.61,36.98,13397,0
JSW,60,20221020,150000,37,37.02,36.65,36.65,20014,0
JSW,60,20221020,160000,36.64,37.05,36.5,37.05,40802,0
JSW,60,20221020,170000,37.03,37.55,37.02,37.29,77561,0
JSW,60,20221021,100000,37.01,37.29,36.71,36.72,34420,0
JSW,60,20221021,110000,36.72,36.73,36.07,36.17,39363,0
JSW,60,20221021,120000,36.17,36.54,36.02,36.17,34308,0
JSW,60,20221021,130000,36.1,36.29,35.9,36.14,20746,0
JSW,60,20221021,140000,36.14,36.24,35.91,36.05,15786,0
JSW,60,20221021,150000,36.09,36.09,35.68,35.83,23513,0
JSW,60,20221021,160000,35.79,36.5,35.7,36.38,27401,0
JSW,60,20221021,170000,36.46,36.71,36,36.12,55032,0
JSW,60,20221024,100000,36.9,36.98,35.65,35.89,39459,0
JSW,60,20221024,110000,35.86,35.94,35.53,35.75,37010,0
JSW,60,20221024,120000,35.73,36.15,35.73,36.1,21564,0
JSW,60,20221024,130000,36.12,36.37,35.9,36.22,23255,0
JSW,60,20221024,140000,36.15,36.72,36.12,36.64,27433,0
JSW,60,20221024,150000,36.64,36.66,36.3,36.5,23677,0
JSW,60,20221024,160000,36.54,36.77,36.32,36.75,35140,0
JSW,60,20221024,170000,36.63,37.3,36.4,37.3,115389,0
JSW,60,20221025,100000,37.66,37.9,37.1,37.74,79837,0
JSW,60,20221025,110000,37.74,38.1,37.65,37.81,53284,0
JSW,60,20221025,120000,37.76,37.81,36.94,37.2,59957,0
JSW,60,20221025,130000,37.11,37.11,36.8,36.8,38928,0
JSW,60,20221025,140000,36.86,37,36.71,36.9,27087,0
JSW,60,20221025,150000,36.93,36.95,36.69,36.92,31366,0
JSW,60,20221025,160000,36.93,37.47,36.93,37.45,37894,0
JSW,60,20221025,170000,37.5,37.76,37.19,37.71,94151,0
JSW,60,20221026,100000,37.95,39.46,37.5,39.3,260354,0
JSW,60,20221026,110000,39.27,39.87,39,39.8,110463,0
JSW,60,20221026,120000,39.87,39.87,39.15,39.32,50572,0
JSW,60,20221026,130000,39.27,39.66,39.25,39.51,52560,0
JSW,60,20221026,140000,39.56,39.69,39.2,39.33,51021,0
JSW,60,20221026,150000,39.38,39.38,38.68,39.01,66844,0
JSW,60,20221026,160000,39.12,40,38.9,39.71,138516,0
JSW,60,20221026,170000,39.79,40.49,39.79,40.49,164096,0
JSW,60,20221027,100000,40.1,40.6,39.37,40,163481,0
JSW,60,20221027,110000,39.91,41.4,39.88,40.42,116927,0
JSW,60,20221027,120000,40.33,40.42,40.01,40.04,37374,0
JSW,60,20221027,130000,40.04,40.6,39.92,40.17,36106,0
JSW,60,20221027,140000,40.26,40.26,39.61,39.61,44507,0
JSW,60,20221027,150000,39.7,40.25,39.64,40.08,27193,0
JSW,60,20221027,160000,40.06,40.2,39.8,39.91,55509,0
JSW,60,20221027,170000,39.99,40.98,39.9,40.41,104879,0
JSW,60,20221028,100000,39.8,40.17,39.4,39.83,56850,0
JSW,60,20221028,110000,39.8,39.94,39.52,39.7,30295,0
JSW,60,20221028,120000,39.68,39.85,39.47,39.8,45365,0
JSW,60,20221028,130000,39.86,40.32,39.86,40.22,51506,0
JSW,60,20221028,140000,40.22,40.49,40,40.19,31685,0
JSW,60,20221028,150000,40.15,41.58,40.09,41.27,136417,0
JSW,60,20221028,160000,41.3,42.01,41.15,41.73,107639,0
JSW,60,20221028,170000,41.67,41.88,41.02,41.22,90094,0
JSW,60,20221031,100000,41.48,42.98,41,41.7,124146,0
JSW,60,20221031,110000,41.7,43,41.62,42.2,111907,0
JSW,60,20221031,120000,42.2,42.45,41.82,42.12,43185,0
JSW,60,20221031,130000,42.1,42.39,41.62,41.7,32381,0
JSW,60,20221031,140000,41.7,41.98,41.41,41.49,35002,0
JSW,60,20221031,150000,41.57,41.81,41.26,41.45,51991,0
JSW,60,20221031,160000,41.37,41.74,41.37,41.45,25374,0
JSW,60,20221031,170000,41.51,41.65,41.12,41.54,79890,0
JSW,60,20221102,100000,41.71,42.67,41.63,42,139838,0
JSW,60,20221102,110000,41.99,42.21,41.49,42.15,89973,0
JSW,60,20221102,120000,42.12,43.25,42.08,42.92,196650,0
JSW,60,20221102,130000,42.89,43.45,42.84,42.98,128392,0
JSW,60,20221102,140000,42.93,43.2,42.6,43.08,44603,0
JSW,60,20221102,150000,43.08,43.34,42.88,43.2,67328,0
JSW,60,20221102,160000,43.26,43.3,42.27,42.35,75921,0
JSW,60,20221102,170000,42.37,43,42.35,43,96775,0
JSW,60,20221103,100000,42.4,42.96,42,42.78,92809,0
JSW,60,20221103,110000,42.78,43.26,42.57,42.7,142788,0
JSW,60,20221103,120000,42.74,42.9,42.6,42.89,47033,0
JSW,60,20221103,130000,42.84,42.99,42.68,42.92,41399,0
JSW,60,20221103,140000,42.9,43.29,42.8,42.9,67229,0
JSW,60,20221103,150000,42.9,44.35,42.8,44.2,134275,0
JSW,60,20221103,160000,44.2,45.1,43.88,45.1,166794,0
JSW,60,20221103,170000,45.07,45.35,44.55,45.35,211582,0
JSW,60,20221104,100000,45.71,47.81,45.7,47.39,389357,0
JSW,60,20221104,110000,47.48,48.38,47.1,47.89,134754,0
JSW,60,20221104,120000,47.89,48.29,47.55,47.92,114568,0
JSW,60,20221104,130000,47.9,47.94,47.25,47.39,110476,0
JSW,60,20221104,140000,47.45,47.99,47.25,47.57,58840,0
JSW,60,20221104,150000,47.57,47.87,47.25,47.58,57005,0
JSW,60,20221104,160000,47.51,48.2,47.05,47.88,97445,0
JSW,60,20221104,170000,47.89,48.04,47.41,47.58,105994,0
JSW,60,20221107,100000,47.58,49.49,47.29,48.99,321485,0
JSW,60,20221107,110000,48.95,49.29,48.55,48.55,86113,0
JSW,60,20221107,120000,48.51,48.9,46.11,46.31,278086,0
JSW,60,20221107,130000,46.4,47.19,45.08,47.1,363417,0
JSW,60,20221107,140000,47.1,47.29,46.01,46.42,67036,0
JSW,60,20221107,150000,46.4,46.72,46,46.19,44407,0
JSW,60,20221107,160000,46.25,46.42,45.65,45.7,86605,0
JSW,60,20221107,170000,45.71,46.28,45.7,45.7,91661,0
JSW,60,20221108,100000,45.5,47.92,45.4,47.83,194417,0
JSW,60,20221108,110000,47.88,48.28,47,47.9,124339,0
JSW,60,20221108,120000,47.84,47.94,47,47,59806,0
JSW,60,20221108,130000,47.01,47.2,46.74,46.97,50036,0
JSW,60,20221108,140000,47.07,47.19,46.61,46.69,50533,0
JSW,60,20221108,150000,46.79,47.2,46.76,46.99,40101,0
JSW,60,20221108,160000,46.99,47.47,46.84,47.29,43082,0
JSW,60,20221108,170000,47.29,47.9,47.27,47.9,110124,0
JSW,60,20221109,100000,48,48.7,47.22,47.4,128238,0
JSW,60,20221109,110000,47.55,47.98,47.06,47.58,46738,0
JSW,60,20221109,120000,47.67,48.37,47.64,48.16,43590,0
JSW,60,20221109,130000,48.16,48.24,47.73,47.76,14769,0
JSW,60,20221109,140000,47.71,47.98,47.42,47.8,20181,0
JSW,60,20221109,150000,47.72,48.25,47.6,48.2,28775,0
JSW,60,20221109,160000,48.16,48.59,47.7,47.82,85527,0
JSW,60,20221109,170000,47.87,48.48,47.84,48.38,85621,0
JSW,60,20221110,100000,47.4,47.89,46.13,46.37,255718,0
JSW,60,20221110,110000,46.36,46.73,46.2,46.24,62617,0
JSW,60,20221110,120000,46.31,46.5,46.01,46.3,76562,0
JSW,60,20221110,130000,46.24,46.38,45.62,45.97,130373,0
JSW,60,20221110,140000,45.97,46.22,45.88,46.01,54863,0
JSW,60,20221110,150000,46.01,48.1,46.01,47.79,220237,0
JSW,60,20221110,160000,47.63,47.86,46.83,47.13,133400,0
JSW,60,20221110,170000,47.13,47.69,47.09,47.2,195112,0
JSW,60,20221114,100000,47.07,48.2,46.52,46.58,321856,0
JSW,60,20221114,110000,46.53,46.77,45.84,46.24,252930,0
JSW,60,20221114,120000,46.23,46.75,45.84,46.58,99900,0
JSW,60,20221114,130000,46.64,46.8,46.4,46.45,56499,0
JSW,60,20221114,140000,46.4,47.18,46.28,47.18,80329,0
JSW,60,20221114,150000,47.19,47.47,46.82,47,128178,0
JSW,60,20221114,160000,47.02,47.3,46.43,47.1,118659,0
JSW,60,20221114,170000,47.06,47.4,46.78,46.87,173323,0
JSW,60,20221115,100000,46.9,47.28,46.2,46.5,94493,0
JSW,60,20221115,110000,46.5,46.58,46.1,46.2,38091,0
JSW,60,20221115,120000,46.17,46.47,46,46.42,59286,0
JSW,60,20221115,130000,46.37,46.45,45.92,46.07,118015,0
JSW,60,20221115,140000,46.14,46.85,46.14,46.79,68928,0
JSW,60,20221115,150000,46.8,47.74,46.67,47.65,167860,0
JSW,60,20221115,160000,47.62,47.74,47.1,47.5,67783,0
JSW,60,20221115,170000,47.5,47.6,47.03,47.21,93658,0
JSW,60,20221116,100000,46,48.1,45.95,47.24,230363,0
JSW,60,20221116,110000,47.24,47.36,46.54,47.06,57050,0
JSW,60,20221116,120000,47.05,47.1,46.54,46.7,30584,0
JSW,60,20221116,130000,46.7,46.7,46.05,46.05,84862,0
JSW,60,20221116,140000,46.05,46.22,45.94,46.09,103276,0
JSW,60,20221116,150000,46.06,46.37,46,46.08,43657,0
JSW,60,20221116,160000,46.15,46.64,46.12,46.5,36665,0
JSW,60,20221116,170000,46.52,46.74,46.4,46.56,57696,0
JSW,60,20221117,100000,46.4,46.99,46.3,46.4,47485,0
JSW,60,20221117,110000,46.45,46.45,46,46.06,43397,0
JSW,60,20221117,120000,46.06,46.28,45.94,45.95,59515,0
JSW,60,20221117,130000,45.95,46.14,45.94,46.02,35744,0
JSW,60,20221117,140000,46.02,46.2,45.8,45.95,57306,0
JSW,60,20221117,150000,45.97,46.09,45.55,46,93275,0
JSW,60,20221117,160000,46.03,46.3,45.82,45.94,59149,0
JSW,60,20221117,170000,46,46.1,45.33,45.86,182669,0
JSW,60,20221118,100000,46,46.59,45.6,46.5,93079,0
JSW,60,20221118,110000,46.55,47.08,46.44,46.66,82935,0
JSW,60,20221118,120000,46.58,46.81,46.38,46.5,32041,0
JSW,60,20221118,130000,46.54,46.87,46.5,46.6,25888,0
JSW,60,20221118,140000,46.63,46.78,46.37,46.49,26308,0
JSW,60,20221118,150000,46.48,46.69,46.23,46.25,50613,0
JSW,60,20221118,160000,46.35,46.39,45.86,46.3,60691,0
JSW,60,20221118,170000,46.32,46.45,46,46.37,67142,0
JSW,60,20221121,100000,46.34,46.34,44.44,45.63,217178,0
JSW,60,20221121,110000,45.63,45.63,44.9,45.09,79341,0
JSW,60,20221121,120000,45.05,45.47,44.51,45.35,315502,0
JSW,60,20221121,130000,45.4,45.86,45.28,45.49,48353,0
JSW,60,20221121,140000,45.47,45.9,45.42,45.9,41427,0
JSW,60,20221121,150000,45.9,46.11,45.8,46,62660,0
JSW,60,20221121,160000,46,46.11,45.41,45.59,51947,0
JSW,60,20221121,170000,45.57,45.75,45,45,106792,0
JSW,60,20221122,100000,45.3,46.29,45.3,46.15,95943,0
JSW,60,20221122,110000,46.2,46.96,46.2,46.57,106453,0
JSW,60,20221122,120000,46.6,46.89,46.48,46.83,25711,0
JSW,60,20221122,130000,46.89,47.17,46.73,46.82,102177,0
JSW,60,20221122,140000,46.8,46.99,46.6,46.86,36126,0
JSW,60,20221122,150000,46.84,47.19,46.84,47.03,87486,0
JSW,60,20221122,160000,47.03,47.03,46.49,46.52,65853,0
JSW,60,20221122,170000,46.49,46.63,46.15,46.4,139737,0
JSW,60,20221123,100000,46.77,47.8,46.49,46.49,154179,0
JSW,60,20221123,110000,46.51,47,46.3,47,65368,0
JSW,60,20221123,120000,46.97,46.97,46.68,46.7,19126,0
JSW,60,20221123,130000,46.7,46.77,46.56,46.7,18356,0
JSW,60,20221123,140000,46.7,46.98,46.62,46.88,23469,0
JSW,60,20221123,150000,46.84,46.87,46.37,46.47,32201,0
JSW,60,20221123,160000,46.51,46.7,46.25,46.65,46225,0
JSW,60,20221123,170000,46.59,46.85,46.49,46.54,46103,0
JSW,60,20221124,100000,46.71,47,45.94,46.03,59366,0
JSW,60,20221124,110000,46.07,46.77,46.07,46.36,38523,0
JSW,60,20221124,120000,46.36,46.68,46.29,46.49,27099,0
JSW,60,20221124,130000,46.38,46.47,46.26,46.47,21490,0
JSW,60,20221124,140000,46.4,46.8,46.4,46.73,58995,0
JSW,60,20221124,150000,46.7,46.79,46.28,46.65,70913,0
JSW,60,20221124,160000,46.66,47.07,46.66,47.06,64430,0
JSW,60,20221124,170000,47.04,47.45,46.99,47.45,101305,0
JSW,60,20221125,100000,47.48,47.8,46.9,46.99,47291,0
JSW,60,20221125,110000,47.09,47.64,47.09,47.32,33225,0
JSW,60,20221125,120000,47.41,47.77,47.25,47.64,24840,0
JSW,60,20221125,130000,47.6,47.7,47.23,47.34,33489,0
JSW,60,20221125,140000,47.39,47.48,47.03,47.03,12777,0
JSW,60,20221125,150000,47.06,47.21,46.9,47.12,40068,0
JSW,60,20221125,160000,47.11,47.5,47.07,47.5,39659,0
JSW,60,20221125,170000,47.5,47.64,47.19,47.34,72751,0
JSW,60,20221128,100000,47.32,49.65,47.11,49.55,327036,0
JSW,60,20221128,110000,49.48,49.8,48.94,48.94,85425,0
JSW,60,20221128,120000,48.98,49.7,48.68,49.35,46070,0
JSW,60,20221128,130000,49.35,49.66,49.2,49.52,29370,0
JSW,60,20221128,140000,49.6,49.92,49.38,49.6,57283,0
JSW,60,20221128,150000,49.73,49.78,49.42,49.55,29266,0
JSW,60,20221128,160000,49.48,49.48,49,49.18,53155,0
JSW,60,20221128,170000,49.17,49.47,49,49.47,83285,0
JSW,60,20221129,100000,51.6,54.24,51.6,53.5,707944,0
JSW,60,20221129,110000,53.5,53.74,52.68,53.52,242569,0
JSW,60,20221129,120000,53.5,55.2,53.44,55.2,276338,0
JSW,60,20221129,130000,55.16,55.94,54.76,55.06,347922,0
JSW,60,20221129,140000,55.2,55.92,54.88,54.98,152751,0
JSW,60,20221129,150000,54.98,55.86,54.28,55.6,179974,0
JSW,60,20221129,160000,55.54,56.9,55.26,56.86,285247,0
JSW,60,20221129,170000,56.86,57.4,56.2,57.4,375920,0
JSW,60,20221130,100000,57.4,58.74,56.14,57.7,427191,0
JSW,60,20221130,110000,57.66,59.2,57.46,58.86,236684,0
JSW,60,20221130,120000,58.86,59.58,57.96,59.58,127183,0
JSW,60,20221130,130000,59.58,60.96,59.5,60.62,272306,0
JSW,60,20221130,140000,60.68,60.92,60.24,60.82,108186,0
JSW,60,20221130,150000,60.82,60.92,59.76,60.58,146926,0
JSW,60,20221130,160000,60.62,61.68,59.76,59.76,234029,0
JSW,60,20221130,170000,59.76,60.42,58.84,60.06,351629,0
JSW,60,20221201,100000,61.92,62.3,60.16,61.64,389550,0
JSW,60,20221201,110000,61.62,62.6,61.02,61.3,208761,0
JSW,60,20221201,120000,61.4,61.54,59.22,59.72,327275,0
JSW,60,20221201,130000,59.86,60.46,58.98,59.26,147125,0
JSW,60,20221201,140000,59.22,59.8,57.82,58.2,234267,0
JSW,60,20221201,150000,58.2,58.48,57.04,57.5,253766,0
JSW,60,20221201,160000,57.62,58.8,57.58,58.54,143012,0
JSW,60,20221201,170000,58.54,58.74,57.76,58.02,195183,0
JSW,60,20221202,100000,57.8,58.2,56.42,57.7,292225,0
JSW,60,20221202,110000,57.8,58.8,57.6,58.64,84913,0
JSW,60,20221202,120000,58.52,58.68,57.6,57.64,48137,0
JSW,60,20221202,130000,57.64,57.7,57,57.12,63530,0
JSW,60,20221202,140000,57,57.76,56.7,57.48,52101,0
JSW,60,20221202,150000,57.64,57.76,56.56,57.04,94318,0
JSW,60,20221202,160000,57,57.38,56.88,57.24,53229,0
JSW,60,20221202,170000,57.24,58.08,57.24,57.44,76582,0
JSW,60,20221205,100000,57.44,59.12,57.44,58,111559,0
JSW,60,20221205,110000,58,58.28,57.72,57.94,44121,0
JSW,60,20221205,120000,58,58.44,57.86,58,38542,0
JSW,60,20221205,130000,58.06,58.44,57.72,58.12,32009,0
JSW,60,20221205,140000,58.1,58.12,57.8,58.08,16646,0
JSW,60,20221205,150000,58.08,58.18,57.46,57.56,30778,0
JSW,60,20221205,160000,57.74,58.26,57.42,57.7,44982,0
JSW,60,20221205,170000,57.72,57.92,57.38,57.5,62478,0
JSW,60,20221206,100000,57,57,55.5,56.24,177772,0
JSW,60,20221206,110000,56.28,56.44,55.8,56.3,56568,0
JSW,60,20221206,120000,56.32,56.36,55.62,55.8,54045,0
JSW,60,20221206,130000,55.92,56.5,55.78,56.46,35712,0
JSW,60,20221206,140000,56.46,57,56.42,56.76,48347,0
JSW,60,20221206,150000,56.76,56.86,56.02,56.34,47176,0
JSW,60,20221206,160000,56.2,57.2,56.2,56.62,58322,0
JSW,60,20221206,170000,56.62,56.88,56.1,56.3,94825,0
JSW,60,20221207,100000,55.86,56.8,55.74,56.44,71802,0
JSW,60,20221207,110000,56.4,56.8,56.06,56.26,30853,0
JSW,60,20221207,120000,56.24,56.3,55.86,56.02,45033,0
JSW,60,20221207,130000,56,56.08,55.88,55.92,26080,0
JSW,60,20221207,140000,55.96,56.1,55.9,56.06,12672,0
JSW,60,20221207,150000,56,56.72,55.98,56.5,24641,0
JSW,60,20221207,160000,56.5,56.86,56.24,56.52,37687,0
JSW,60,20221207,170000,56.54,56.84,56.16,56.36,99651,0
JSW,60,20221208,100000,56.24,56.58,55.88,56.18,52906,0
JSW,60,20221208,110000,56.1,56.24,55.76,55.82,47086,0
JSW,60,20221208,120000,55.76,55.9,55.14,55.5,70292,0
JSW,60,20221208,130000,55.46,55.82,55.28,55.6,36674,0
JSW,60,20221208,140000,55.62,55.94,55.52,55.82,24894,0
JSW,60,20221208,150000,55.82,55.86,55.12,55.4,52576,0
JSW,60,20221208,160000,55.38,55.7,55,55.52,68815,0
JSW,60,20221208,170000,55.6,55.96,55.28,55.52,88603,0
JSW,60,20221209,100000,55.6,56.14,55.36,55.72,75048,0
JSW,60,20221209,110000,55.76,55.76,55.02,55.4,90293,0
JSW,60,20221209,120000,55.4,55.94,55.04,55.78,40700,0
JSW,60,20221209,130000,55.78,55.78,55.5,55.58,10330,0
JSW,60,20221209,140000,55.58,56.56,55.56,56.16,40779,0
JSW,60,20221209,150000,56.2,56.74,55.82,56.32,49644,0
JSW,60,20221209,160000,56.22,56.38,55.62,56,50088,0
JSW,60,20221209,170000,56,56.72,55.96,56.72,71049,0
JSW,60,20221212,100000,56,56.8,55.78,55.82,43831,0
JSW,60,20221212,110000,55.82,56.4,55.82,56.38,19761,0
JSW,60,20221212,120000,56.32,56.78,56.24,56.66,27034,0
JSW,60,20221212,130000,56.68,57.7,56.1,57.5,53195,0
JSW,60,20221212,140000,57.48,58.2,57,58.16,108893,0
JSW,60,20221212,150000,58.1,59.34,58.1,58.22,255981,0
JSW,60,20221212,160000,58.32,58.96,58.24,58.72,71294,0
JSW,60,20221212,170000,58.76,59.28,58.24,58.4,167910,0
JSW,60,20221213,100000,58.9,59.2,57.54,57.8,103814,0
JSW,60,20221213,110000,57.92,58.4,57.36,57.6,61836,0
JSW,60,20221213,120000,57.58,58.18,57.46,57.82,22070,0
JSW,60,20221213,130000,57.84,57.9,57.6,57.7,10888,0
JSW,60,20221213,140000,57.78,58.2,57.64,57.92,14452,0
JSW,60,20221213,150000,57.92,60.08,57.7,59.44,195789,0
JSW,60,20221213,160000,59.38,59.92,58.6,59.06,125023,0
JSW,60,20221213,170000,59.1,59.12,58.18,58.3,85250,0
JSW,60,20221214,100000,58.04,58.7,57.72,58.64,83225,0
JSW,60,20221214,110000,58.6,58.8,57.9,58.34,94195,0
JSW,60,20221214,120000,58.28,58.32,57.94,58.02,60346,0
JSW,60,20221214,130000,58.02,58.12,57.66,57.82,38374,0
JSW,60,20221214,140000,57.82,57.96,57.48,57.56,52976,0
JSW,60,20221214,150000,57.64,58.12,57.62,58.1,30348,0
JSW,60,20221214,160000,58.14,58.16,57.6,57.7,34834,0
JSW,60,20221214,170000,57.8,57.86,57.12,57.24,93455,0
JSW,60,20221215,100000,57,57.8,56.66,57.04,98099,0
JSW,60,20221215,110000,57.1,57.34,56.64,57.1,25146,0
JSW,60,20221215,120000,57.2,57.96,57.06,57.96,35742,0
JSW,60,20221215,130000,57.86,58.04,57.66,58,50674,0
JSW,60,20221215,140000,58,58.14,57.92,58.04,34509,0
JSW,60,20221215,150000,58.04,58.1,57.84,58,72553,0
JSW,60,20221215,160000,57.92,58.38,57.76,57.86,58705,0
JSW,60,20221215,170000,57.86,58.48,57.76,58.36,142118,0
JSW,60,20221216,100000,57,57.66,56.22,56.36,148047,0
JSW,60,20221216,110000,56.46,56.74,55.66,56.74,111603,0
JSW,60,20221216,120000,56.78,56.98,56.08,56.4,59404,0
JSW,60,20221216,130000,56.38,56.86,56.22,56.44,19977,0
JSW,60,20221216,140000,56.42,57.22,56.4,56.9,36121,0
JSW,60,20221216,150000,56.9,57.06,56.6,56.88,19359,0
JSW,60,20221216,160000,56.8,57.38,56.6,57.14,48509,0
JSW,60,20221216,170000,57.14,57.28,56.6,56.86,263734,0
JSW,60,20221219,100000,56.5,57.64,56.32,56.84,45654,0
JSW,60,20221219,110000,56.94,57.42,56.94,57.1,22611,0
JSW,60,20221219,120000,57.1,57.14,56.5,56.62,13937,0
JSW,60,20221219,130000,56.68,56.68,56.24,56.58,12451,0
JSW,60,20221219,140000,56.56,56.56,56.26,56.36,5838,0
JSW,60,20221219,150000,56.36,56.42,56.22,56.24,10190,0
JSW,60,20221219,160000,56.26,57.02,56.22,56.66,22980,0
JSW,60,20221219,170000,56.68,57.12,56.46,56.46,37888,0
JSW,60,20221220,100000,56,56.32,55.5,56.14,57302,0
JSW,60,20221220,110000,56.28,56.32,55.62,56.26,54104,0
JSW,60,20221220,120000,56.28,56.68,56.14,56.54,28395,0
JSW,60,20221220,130000,56.54,56.66,56.02,56.02,16571,0
JSW,60,20221220,140000,56.1,56.32,56,56.2,12980,0
JSW,60,20221220,150000,56.18,56.18,55.82,55.92,24246,0
JSW,60,20221220,160000,55.9,56.98,55.9,56.98,69222,0
JSW,60,20221220,170000,56.88,57.3,56.74,57.16,124215,0
JSW,60,20221221,100000,57.4,57.7,56.68,57.24,32851,0
JSW,60,20221221,110000,57.2,57.5,56.84,57.02,44840,0
JSW,60,20221221,120000,57.02,57.02,56.62,56.76,23490,0
JSW,60,20221221,130000,56.78,56.84,56.58,56.6,17016,0
JSW,60,20221221,140000,56.6,56.62,56.32,56.46,26316,0
JSW,60,20221221,150000,56.44,57.12,56.38,57.12,24688,0
JSW,60,20221221,160000,57.02,57.04,56.58,56.76,15654,0
JSW,60,20221221,170000,56.84,57.7,56.54,57.7,79592,0
JSW,60,20221222,100000,57.7,58.1,57.2,57.64,70049,0
JSW,60,20221222,110000,57.6,57.6,57.34,57.42,12941,0
JSW,60,20221222,120000,57.36,57.36,56.8,57.04,44456,0
JSW,60,20221222,130000,57.06,57.06,56.56,56.76,37381,0
JSW,60,20221222,140000,56.74,57,56.56,56.7,30365,0
JSW,60,20221222,150000,56.7,56.96,56.54,56.7,26910,0
JSW,60,20221222,160000,56.72,57,56.6,56.64,21722,0
JSW,60,20221222,170000,56.66,57.22,56.52,56.52,47559,0
JSW,60,20221223,100000,56.5,56.94,56.1,56.7,57238,0
JSW,60,20221223,110000,56.7,57.1,56.66,56.84,36067,0
JSW,60,20221223,120000,56.84,57.1,56.66,57,30039,0
JSW,60,20221223,130000,57,57.04,56.54,56.68,17786,0
JSW,60,20221223,140000,56.74,56.82,56.4,56.5,18170,0
JSW,60,20221223,150000,56.54,56.74,56.14,56.36,45680,0
JSW,60,20221223,160000,56.42,56.52,56.2,56.52,35365,0
JSW,60,20221223,170000,56.52,56.8,56.4,56.62,58732,0
JSW,60,20221227,100000,57,57.02,56.4,56.52,34397,0
JSW,60,20221227,110000,56.52,56.52,56.18,56.26,39476,0
JSW,60,20221227,120000,56.24,56.46,56,56.22,23619,0
JSW,60,20221227,130000,56.22,56.22,55.5,55.56,53406,0
JSW,60,20221227,140000,55.58,55.7,55.28,55.62,43023,0
JSW,60,20221227,150000,55.66,56,55.58,55.98,27587,0
JSW,60,20221227,160000,55.9,56,55.44,55.44,48100,0
JSW,60,20221227,170000,55.44,55.5,55,55,175609,0
JSW,60,20221228,100000,54.5,55.4,53.5,55.4,120502,0
JSW,60,20221228,110000,55.28,55.84,55.28,55.62,42181,0
JSW,60,20221228,120000,55.7,55.96,55.62,55.66,28830,0
JSW,60,20221228,130000,55.68,55.86,55.64,55.68,31504,0
JSW,60,20221228,140000,55.78,56.02,55.7,55.94,47085,0
JSW,60,20221228,150000,55.98,56,55.68,55.8,25047,0
JSW,60,20221228,160000,55.78,55.94,55.7,55.74,48207,0
JSW,60,20221228,170000,55.72,55.84,54.76,54.78,126460,0
JSW,60,20221229,100000,54.76,55.68,54.5,55.52,51533,0
JSW,60,20221229,110000,55.46,55.82,55.4,55.56,15307,0
JSW,60,20221229,120000,55.56,56.28,55.42,56.1,58651,0
JSW,60,20221229,130000,56.24,56.7,56.2,56.58,42091,0
JSW,60,20221229,140000,56.54,56.7,56.3,56.4,24909,0
JSW,60,20221229,150000,56.32,56.68,56.14,56.62,39204,0
JSW,60,20221229,160000,56.6,56.8,56.44,56.76,43583,0
JSW,60,20221229,170000,56.8,56.98,56.32,56.62,77465,0
JSW,60,20221230,100000,56.5,57,56.3,56.76,35560,0
JSW,60,20221230,110000,56.66,56.72,56.48,56.5,19424,0
JSW,60,20221230,120000,56.6,57.26,56.5,56.94,45706,0
JSW,60,20221230,130000,56.96,56.96,56.62,56.66,12049,0
JSW,60,20221230,140000,56.62,56.66,56.5,56.6,8402,0
JSW,60,20221230,150000,56.52,57.04,56.44,57.04,20901,0
JSW,60,20221230,160000,57.06,58.1,57,57.82,166309,0
JSW,60,20221230,170000,57.92,58.2,57.76,58.16,174910,0
JSW,60,20230102,100000,58.1,58.96,57,58.2,225891,0
JSW,60,20230102,110000,58.2,58.22,57.56,57.7,38581,0
JSW,60,20230102,120000,57.78,57.98,57.32,57.44,33488,0
JSW,60,20230102,130000,57.54,57.78,57.52,57.56,5580,0
JSW,60,20230102,140000,57.64,58.16,57.54,58.08,32596,0
JSW,60,20230102,150000,58.18,58.24,57.76,57.98,23698,0
JSW,60,20230102,160000,57.98,58.22,57.8,58.18,30760,0
JSW,60,20230102,170000,58.16,58.3,57.92,57.98,51074,0
JSW,60,20230103,100000,58,58.18,57.52,57.76,43006,0
JSW,60,20230103,110000,57.76,58.7,57.7,58.52,119587,0
JSW,60,20230103,120000,58.4,59.44,58.4,58.6,120798,0
JSW,60,20230103,130000,58.56,58.56,58.1,58.24,36670,0
JSW,60,20230103,140000,58.22,58.24,57.8,58,47451,0
JSW,60,20230103,150000,58.04,58.3,57.9,58.12,27801,0
JSW,60,20230103,160000,58.18,58.18,57.66,57.74,79190,0
JSW,60,20230103,170000,57.72,57.78,55,55,533015,0
JSW,60,20230104,100000,55.1,58.38,55.1,57.92,503862,0
JSW,60,20230104,110000,57.98,58.22,57.1,57.84,149436,0
JSW,60,20230104,120000,57.8,57.8,56.52,56.7,78671,0
JSW,60,20230104,130000,56.7,57.22,56.64,57.22,30972,0
JSW,60,20230104,140000,57.18,57.2,56.66,56.84,22579,0
JSW,60,20230104,150000,56.86,57.16,56.4,56.88,48598,0
JSW,60,20230104,160000,56.92,56.98,56.38,56.5,82941,0
JSW,60,20230104,170000,56.44,57.5,56.3,57.5,140475,0
JSW,60,20230105,100000,57.2,57.74,56.52,57.12,91215,0
JSW,60,20230105,110000,57.06,57.96,56.8,57.44,57946,0
JSW,60,20230105,120000,57.54,57.82,57.2,57.34,25281,0
JSW,60,20230105,130000,57.38,57.58,57.08,57.42,31863,0
JSW,60,20230105,140000,57.44,57.54,56.72,56.74,69757,0
JSW,60,20230105,150000,56.7,56.9,55.82,56.32,69424,0
JSW,60,20230105,160000,56.2,56.6,56.06,56.42,37406,0
JSW,60,20230105,170000,56.42,56.9,56.22,56.52,54228,0
JSW,60,20230109,100000,57.5,58.66,57.5,57.88,150677,0
JSW,60,20230109,110000,57.88,58.3,57.6,57.76,73252,0
JSW,60,20230109,120000,57.76,58,57.64,58,19771,0
JSW,60,20230109,130000,58,58.08,57.66,57.8,43687,0
JSW,60,20230109,140000,57.78,57.9,57.3,57.32,24236,0
JSW,60,20230109,150000,57.32,57.8,57.28,57.58,29296,0
JSW,60,20230109,160000,57.56,57.74,57.22,57.64,38274,0
JSW,60,20230109,170000,57.62,58.08,57.58,58.08,106291,0
JSW,60,20230110,100000,57.8,58.36,57.4,58,53718,0
JSW,60,20230110,110000,58,58.04,57.56,57.58,15217,0
JSW,60,20230110,120000,57.7,57.98,57.66,57.8,25705,0
JSW,60,20230110,130000,57.78,57.92,57.68,57.68,16381,0
JSW,60,20230110,140000,57.68,57.8,57.68,57.8,11802,0
JSW,60,20230110,150000,57.8,58.1,57.72,58.06,18025,0
JSW,60,20230110,160000,58.06,58.58,57.8,58.58,70430,0
JSW,60,20230110,170000,58.56,58.64,57.9,58.48,93424,0
JSW,60,20230111,100000,58.48,59.76,58.08,59.7,241484,0
JSW,60,20230111,110000,59.78,60.6,59.7,59.94,235864,0
JSW,60,20230111,120000,60,60.28,59.4,59.4,70447,0
JSW,60,20230111,130000,59.44,60,59.4,59.62,51169,0
JSW,60,20230111,140000,59.62,59.98,59.3,59.58,42160,0
JSW,60,20230111,150000,59.58,59.58,58.48,59.26,82687,0
JSW,60,20230111,160000,59.3,59.96,59.3,59.7,70337,0
JSW,60,20230111,170000,59.7,59.92,59.3,59.46,86746,0
JSW,60,20230112,100000,60,60.08,59,59.44,86527,0
JSW,60,20230112,110000,59.48,59.48,58.32,58.7,64973,0
JSW,60,20230112,120000,58.7,58.76,58.3,58.62,81371,0
JSW,60,20230112,130000,58.64,58.86,58.34,58.76,27401,0
JSW,60,20230112,140000,58.8,59.18,58.42,58.64,27982,0
JSW,60,20230112,150000,58.7,59.44,58.3,59.42,57149,0
JSW,60,20230112,160000,59.46,59.6,58.4,58.88,44546,0
JSW,60,20230112,170000,58.88,59.2,58.4,58.4,47389,0
JSW,60,20230113,100000,58.42,58.66,57.78,57.96,70241,0
JSW,60,20230113,110000,57.96,58.08,57.78,57.86,23168,0
JSW,60,20230113,120000,57.86,58.58,57.78,58.44,42336,0
JSW,60,20230113,130000,58.4,58.6,57.98,58.04,12715,0
JSW,60,20230113,140000,58.02,58.08,57.78,57.86,19865,0
JSW,60,20230113,150000,57.9,58.04,57.78,57.88,10624,0
JSW,60,20230113,160000,57.88,58.48,57.78,58.16,38001,0
JSW,60,20230113,170000,58.14,58.32,57.9,57.9,39000,0
JSW,60,20230116,100000,57.5,57.5,56.42,56.52,90353,0
JSW,60,20230116,110000,56.44,56.6,55.9,56.46,55781,0
JSW,60,20230116,120000,56.44,56.7,56.06,56.7,23790,0
JSW,60,20230116,130000,56.62,56.66,56.24,56.32,17334,0
JSW,60,20230116,140000,56.26,56.68,56.14,56.68,18488,0
JSW,60,20230116,150000,56.68,56.88,56.28,56.36,12449,0
JSW,60,20230116,160000,56.38,56.76,56.2,56.32,32117,0
JSW,60,20230116,170000,56.28,56.36,56.08,56.08,100661,0
JSW,60,20230117,100000,56.06,56.74,55.98,56.3,57623,0
JSW,60,20230117,110000,56.3,56.78,56.1,56.2,24619,0
JSW,60,20230117,120000,56.24,56.34,56.06,56.22,28542,0
JSW,60,20230117,130000,56.14,56.5,55.9,56.5,36799,0
JSW,60,20230117,140000,56.54,56.96,56.4,56.72,37321,0
JSW,60,20230117,150000,56.76,56.9,56.64,56.74,23318,0
JSW,60,20230117,160000,56.74,56.84,56.46,56.76,33855,0
JSW,60,20230117,170000,56.74,56.8,56.04,56.38,66660,0
JSW,60,20230118,100000,56.5,57.5,56.5,57.1,67601,0
JSW,60,20230118,110000,57.14,57.48,56.86,57.26,47069,0
JSW,60,20230118,120000,57.3,57.68,57.1,57.5,40201,0
JSW,60,20230118,130000,57.52,57.68,57.5,57.6,11606,0
JSW,60,20230118,140000,57.54,58.5,57.44,58.34,56022,0
JSW,60,20230118,150000,58.46,59.22,58.44,58.9,72701,0
JSW,60,20230118,160000,58.9,59.24,58.58,58.84,62059,0
JSW,60,20230118,170000,58.9,58.9,58,58.1,109024,0
JSW,60,20230119,100000,57.4,57.98,57.04,57.06,40922,0
JSW,60,20230119,110000,57.14,57.66,57.1,57.24,25357,0
JSW,60,20230119,120000,57.12,57.16,56.7,57.1,58037,0
JSW,60,20230119,130000,57.1,57.1,56.5,56.66,31652,0
JSW,60,20230119,140000,56.62,56.96,56.54,56.62,14296,0
JSW,60,20230119,150000,56.68,56.96,56.54,56.94,13553,0
JSW,60,20230119,160000,56.84,57.58,56.78,57.48,46226,0
JSW,60,20230119,170000,57.4,57.76,57.34,57.38,45949,0
JSW,60,20230120,100000,57.5,58.62,57.5,58.56,79890,0
JSW,60,20230120,110000,58.42,58.82,58.24,58.5,31482,0
JSW,60,20230120,120000,58.5,58.82,58.16,58.7,30164,0
JSW,60,20230120,130000,58.7,58.94,58.5,58.72,65875,0
JSW,60,20230120,140000,58.76,59.42,58.66,59.2,147011,0
JSW,60,20230120,150000,59.2,59.5,58.94,59.24,40877,0
JSW,60,20230120,160000,59.18,59.4,58.9,59.24,60369,0
JSW,60,20230120,170000,59.18,59.3,58.68,58.8,65441,0
JSW,60,20230123,100000,59.38,60.84,59.38,59.92,177824,0
JSW,60,20230123,110000,59.96,60.5,59.7,60.36,43889,0
JSW,60,20230123,120000,60.32,60.96,60.32,60.78,105549,0
JSW,60,20230123,130000,60.76,61.14,60.5,61.08,66964,0
JSW,60,20230123,140000,61.1,61.68,61.04,61.28,83292,0
JSW,60,20230123,150000,61.3,61.48,61.22,61.38,30683,0
JSW,60,20230123,160000,61.4,61.46,60.82,60.86,47832,0
JSW,60,20230123,170000,60.98,61.34,60.66,61.28,90369,0
JSW,60,20230124,100000,61.52,64,61.52,63.7,300044,0
JSW,60,20230124,110000,63.7,64.74,63.7,64.52,201817,0
JSW,60,20230124,120000,64.5,65.86,64.4,65.66,237211,0
JSW,60,20230124,130000,65.52,65.6,64.66,65.24,58185,0
JSW,60,20230124,140000,65.26,65.38,64.34,64.34,43726,0
JSW,60,20230124,150000,64.42,64.86,63.98,64,46868,0
JSW,60,20230124,160000,64,64.46,63.14,63.98,118308,0
JSW,60,20230124,170000,63.98,64.42,63.34,64.42,147356,0
JSW,60,20230125,100000,64.42,64.6,63.2,64.02,110284,0
JSW,60,20230125,110000,63.9,64.14,63.38,63.56,45582,0
JSW,60,20230125,120000,63.6,63.7,63.16,63.68,45426,0
JSW,60,20230125,130000,63.7,64.16,63.42,63.46,52167,0
JSW,60,20230125,140000,63.44,63.66,63.42,63.52,15046,0
JSW,60,20230125,150000,63.66,64.3,63.66,63.9,25301,0
JSW,60,20230125,160000,63.9,64.62,63.76,64.22,43415,0
JSW,60,20230125,170000,64.04,64.62,63.88,64.48,50037,0
JSW,60,20230126,100000,64.8,66.34,64.7,65.1,173205,0
JSW,60,20230126,110000,65.02,65.3,64.5,65.28,91907,0
JSW,60,20230126,120000,65.3,65.3,64.84,65,15977,0
JSW,60,20230126,130000,65,65.2,64.96,65.16,13277,0
JSW,60,20230126,140000,65.16,65.68,64.78,65.6,46475,0
JSW,60,20230126,150000,65.6,65.8,65.1,65.44,37741,0
JSW,60,20230126,160000,65.46,65.46,64.54,64.7,38793,0
JSW,60,20230126,170000,64.7,65.12,64.5,64.96,87821,0
JSW,60,20230127,100000,65.4,65.4,64.22,64.38,103684,0
JSW,60,20230127,110000,64.5,64.98,64.26,64.98,30240,0
JSW,60,20230127,120000,64.98,65,64.4,64.56,31517,0
JSW,60,20230127,130000,64.56,64.88,64.52,64.66,9472,0
JSW,60,20230127,140000,64.76,64.88,64.44,64.5,14833,0
JSW,60,20230127,150000,64.58,64.9,64.58,64.76,16591,0
JSW,60,20230127,160000,64.78,65.2,64.52,64.82,56142,0
JSW,60,20230127,170000,64.8,65.08,64.32,64.32,53408,0
JSW,60,20230130,100000,64,64.56,62.26,64.18,103783,0
JSW,60,20230130,110000,64.18,64.28,63.38,63.46,39924,0
JSW,60,20230130,120000,63.52,64,63.5,64,19205,0
JSW,60,20230130,130000,64,64.22,63.78,63.92,26388,0
JSW,60,20230130,140000,63.92,64.18,63.9,63.9,17523,0
JSW,60,20230130,150000,63.98,64.16,63.74,63.84,19780,0
JSW,60,20230130,160000,63.82,64.1,63.78,63.78,39803,0
JSW,60,20230130,170000,63.86,64,63.54,63.84,61542,0
JSW,60,20230131,100000,63.26,63.8,62.8,63.6,86422,0
JSW,60,20230131,110000,63.58,63.72,62.92,63.26,49809,0
JSW,60,20230131,120000,63.26,64.54,63.2,64.44,62236,0
JSW,60,20230131,130000,64.5,64.94,64.4,64.86,54785,0
JSW,60,20230131,140000,64.86,65.4,64.78,65.1,70563,0
JSW,60,20230131,150000,65.16,66.02,65.14,65.6,110151,0
JSW,60,20230131,160000,65.52,66.08,65.4,65.8,63412,0
JSW,60,20230131,170000,65.8,67.24,65.52,67.24,265242,0
JSW,60,20230201,100000,67,67.98,65.5,65.7,163100,0
JSW,60,20230201,110000,65.7,66.24,64.74,65.94,145955,0
JSW,60,20230201,120000,66.02,66.14,64.28,64.4,122803,0
JSW,60,20230201,130000,64.5,64.72,63.34,63.76,131572,0
JSW,60,20230201,140000,63.76,63.84,61.92,62.22,208555,0
JSW,60,20230201,150000,62.24,62.36,61.3,61.64,241567,0
JSW,60,20230201,160000,61.62,62.14,59.66,60.88,378150,0
JSW,60,20230201,170000,60.86,60.86,59.42,59.42,469768,0
JSW,60,20230202,100000,63.2,63.8,61.9,62.1,488227,0
JSW,60,20230202,110000,62.04,62.08,60.6,61.24,178920,0
JSW,60,20230202,120000,61.26,61.42,60.46,60.82,124064,0
JSW,60,20230202,130000,60.86,61.38,60.2,61.14,74501,0
JSW,60,20230202,140000,61.2,61.84,60.92,61.7,62094,0
JSW,60,20230202,150000,61.78,62,61.4,61.72,58978,0
JSW,60,20230202,160000,61.7,61.88,60.54,60.74,83966,0
JSW,60,20230202,170000,60.7,60.8,60.12,60.5,149784,0
JSW,60,20230203,100000,60.7,60.8,58.18,59.12,305751,0
JSW,60,20230203,110000,59.12,59.58,58.66,59.16,74071,0
JSW,60,20230203,120000,59.16,59.44,58.84,59.32,37113,0
JSW,60,20230203,130000,59.38,59.48,57.8,57.98,125894,0
JSW,60,20230203,140000,57.92,58.32,57.76,57.86,109944,0
JSW,60,20230203,150000,57.88,57.88,57,57.12,131537,0
JSW,60,20230203,160000,57.12,57.66,56.6,57.36,215009,0
JSW,60,20230203,170000,57.34,58.22,57.16,57.62,192995,0
JSW,60,20230206,100000,57.6,58.9,57.02,58.06,189905,0
JSW,60,20230206,110000,58.08,58.24,57.52,57.68,68653,0
JSW,60,20230206,120000,57.6,57.96,57.4,57.82,34766,0
JSW,60,20230206,130000,57.94,58.46,57.8,58.28,33139,0
JSW,60,20230206,140000,58.3,58.66,58.18,58.66,22768,0
JSW,60,20230206,150000,58.68,58.68,57.86,58.12,19484,0
JSW,60,20230206,160000,58.12,58.2,57.5,57.76,27591,0
JSW,60,20230206,170000,57.88,57.94,57.2,57.5,68237,0
JSW,60,20230207,100000,58,58.46,57.2,57.54,63041,0
JSW,60,20230207,110000,57.5,58.22,57.38,58.14,30533,0
JSW,60,20230207,120000,58.14,58.42,57.94,58.2,36114,0
JSW,60,20230207,130000,58.24,58.24,57.56,57.78,23339,0
JSW,60,20230207,140000,57.84,57.9,57.42,57.66,18586,0
JSW,60,20230207,150000,57.62,58.02,57.56,57.62,22628,0
JSW,60,20230207,160000,57.66,57.76,57.38,57.66,26573,0
JSW,60,20230207,170000,57.7,57.76,57.44,57.6,42237,0
JSW,60,20230208,100000,58.46,58.56,57.66,57.98,60712,0
JSW,60,20230208,110000,58.12,58.2,57.94,58.06,23826,0
JSW,60,20230208,120000,58.1,58.5,58.06,58.1,33242,0
JSW,60,20230208,130000,58.08,58.12,57.72,57.9,47764,0
JSW,60,20230208,140000,57.86,57.96,57.72,57.76,28239,0
JSW,60,20230208,150000,57.78,58.18,57.52,57.64,32898,0
JSW,60,20230208,160000,57.6,57.6,56.88,57.24,105378,0
JSW,60,20230208,170000,57.28,60.1,57.02,59.66,296488,0
JSW,60,20230209,100000,60.48,60.48,59.02,59.2,118814,0
JSW,60,20230209,110000,59.2,59.5,58.82,59.5,34811,0
JSW,60,20230209,120000,59.6,60.1,59.4,59.9,39221,0
JSW,60,20230209,130000,59.98,59.98,59.3,59.36,17477,0
JSW,60,20230209,140000,59.36,59.38,58.86,58.86,39121,0
JSW,60,20230209,150000,58.94,59,58.32,58.58,72852,0
JSW,60,20230209,160000,58.58,58.58,57.5,57.58,99335,0
JSW,60,20230209,170000,57.56,57.86,57.3,57.42,116927,0
JSW,60,20230210,100000,57.16,57.98,57,57.52,125649,0
JSW,60,20230210,110000,57.56,57.98,56.92,56.94,77100,0
JSW,60,20230210,120000,56.92,57.02,56.08,56.16,136897,0
JSW,60,20230210,130000,56.16,56.38,55.44,56.28,108019,0
JSW,60,20230210,140000,56.26,56.6,56.06,56.28,38691,0
JSW,60,20230210,150000,56.24,56.6,56.1,56.46,32344,0
JSW,60,20230210,160000,56.4,56.62,56.2,56.46,43545,0
JSW,60,20230210,170000,56.44,56.58,56.12,56.44,96785,0
JSW,60,20230213,100000,56.44,56.88,55.44,55.68,143874,0
JSW,60,20230213,110000,55.7,55.94,55.06,55.2,95383,0
JSW,60,20230213,120000,55.2,55.3,51.02,53.18,599574,0
JSW,60,20230213,130000,53.2,53.56,52.5,52.9,129798,0
JSW,60,20230213,140000,52.9,53.26,52.44,53,114917,0
JSW,60,20230213,150000,53,53.38,52.82,53.06,60499,0
JSW,60,20230213,160000,52.98,53.26,52.5,53.08,109242,0
JSW,60,20230213,170000,53.22,53.86,52.9,53.72,155858,0
JSW,60,20230214,100000,54,55.2,53.2,54.38,154390,0
JSW,60,20230214,110000,54.38,55.26,54.38,54.56,69098,0
JSW,60,20230214,120000,54.58,55.02,54.02,54.68,69956,0
JSW,60,20230214,130000,54.72,55.46,54.72,55.18,85184,0
JSW,60,20230214,140000,55.12,55.5,55,55.44,41815,0
JSW,60,20230214,150000,55.4,55.62,54.78,55.12,61231,0
JSW,60,20230214,160000,55.08,55.14,53.82,54.6,91617,0
JSW,60,20230214,170000,54.66,55.08,54.56,54.88,60074,0
JSW,60,20230215,100000,54.5,55.58,54.16,55.28,66342,0
JSW,60,20230215,110000,55.38,55.44,55.02,55.02,16811,0
JSW,60,20230215,120000,55.02,56.2,54.96,56.2,55350,0
JSW,60,20230215,130000,56.18,56.34,55.98,56.18,49480,0
JSW,60,20230215,140000,56.18,56.36,56,56.1,17385,0
JSW,60,20230215,150000,56.04,56.06,55.54,55.8,31348,0
JSW,60,20230215,160000,55.8,55.94,55.58,55.58,19813,0
JSW,60,20230215,170000,55.66,55.96,55.64,55.94,42795,0
JSW,60,20230216,100000,56.2,56.48,55.76,55.9,63667,0
JSW,60,20230216,110000,55.92,55.94,54.9,55.34,84231,0
JSW,60,20230216,120000,55.32,55.78,55.28,55.72,21025,0
JSW,60,20230216,130000,55.78,55.78,55.52,55.56,17823,0
JSW,60,20230216,140000,55.66,55.68,55.54,55.6,9880,0
JSW,60,20230216,150000,55.68,55.82,54.84,55.24,71125,0
JSW,60,20230216,160000,55.24,55.7,55.06,55.64,31592,0
JSW,60,20230216,170000,55.56,55.8,55.42,55.6,21796,0
JSW,60,20230217,100000,55.5,56,55.02,55.84,36652,0
JSW,60,20230217,110000,55.8,55.8,55.1,55.4,23773,0
JSW,60,20230217,120000,55.36,55.4,55.08,55.32,17006,0
JSW,60,20230217,130000,55.36,55.46,55.08,55.26,20917,0
JSW,60,20230217,140000,55.28,55.88,55.22,55.6,11728,0
JSW,60,20230217,150000,55.66,55.74,55.32,55.38,7475,0
JSW,60,20230217,160000,55.5,55.66,55.38,55.5,26199,0
JSW,60,20230217,170000,55.54,55.96,55.54,55.9,28210,0
JSW,60,20230220,100000,55.68,56.5,55.58,55.74,39685,0
JSW,60,20230220,110000,55.74,55.92,55.3,55.46,24136,0
JSW,60,20230220,120000,55.5,55.6,55.36,55.46,11663,0
JSW,60,20230220,130000,55.42,55.76,55.28,55.72,18151,0
JSW,60,20230220,140000,55.68,55.68,55.46,55.62,7344,0
JSW,60,20230220,150000,55.62,56.2,55.6,56.12,20629,0
JSW,60,20230220,160000,56.14,56.3,55.88,56.02,14790,0
JSW,60,20230220,170000,56.02,56.1,55.78,56.1,18725,0
JSW,60,20230221,100000,56,56.2,55.14,55.3,48084,0
JSW,60,20230221,110000,55.24,55.5,55.04,55.42,36857,0
JSW,60,20230221,120000,55.48,55.7,55.3,55.6,5759,0
JSW,60,20230221,130000,55.6,55.74,55.5,55.58,4070,0
JSW,60,20230221,140000,55.58,55.6,55.22,55.54,9535,0
JSW,60,20230221,150000,55.48,55.5,54.88,55,26471,0
JSW,60,20230221,160000,54.98,55.24,54.8,55.08,34605,0
JSW,60,20230221,170000,55.18,55.5,55.18,55.34,25843,0
JSW,60,20230222,100000,55.44,55.46,53.5,53.94,101998,0
JSW,60,20230222,110000,53.86,53.94,53.34,53.74,38161,0
JSW,60,20230222,120000,53.74,53.86,53.54,53.7,22485,0
JSW,60,20230222,130000,53.66,53.8,52.94,53.06,49960,0
JSW,60,20230222,140000,53.06,53.64,52.96,53.36,34548,0
JSW,60,20230222,150000,53.42,53.64,53.28,53.64,23108,0
JSW,60,20230222,160000,53.64,53.84,53.58,53.7,18023,0
JSW,60,20230222,170000,53.66,53.68,53.14,53.28,93156,0
JSW,60,20230223,100000,53.52,54.5,53.5,54.4,76769,0
JSW,60,20230223,110000,54.4,54.74,54.2,54.4,33409,0
JSW,60,20230223,120000,54.5,54.9,54.5,54.74,38878,0
JSW,60,20230223,130000,54.74,55.4,54.56,55.34,55780,0
JSW,60,20230223,140000,55.32,55.6,55.16,55.48,23329,0
JSW,60,20230223,150000,55.48,55.94,55.34,55.56,30646,0
JSW,60,20230223,160000,55.58,55.98,55.58,55.82,30244,0
JSW,60,20230223,170000,55.88,55.9,55.34,55.76,63931,0
JSW,60,20230224,100000,55.26,55.5,54.72,54.84,60099,0
JSW,60,20230224,110000,54.84,55.18,54.4,54.46,49047,0
JSW,60,20230224,120000,54.46,54.98,54.46,54.94,25832,0
JSW,60,20230224,130000,54.98,55,54.5,54.58,11219,0
JSW,60,20230224,140000,54.56,54.64,54.46,54.48,21836,0
JSW,60,20230224,150000,54.46,54.46,53.44,53.94,72451,0
JSW,60,20230224,160000,53.9,53.98,53.62,53.9,21595,0
JSW,60,20230224,170000,53.84,54.3,53.8,54.06,48018,0
JSW,60,20230227,100000,54.96,55.16,54.2,54.56,35355,0
JSW,60,20230227,110000,54.62,54.74,54.18,54.36,14519,0
JSW,60,20230227,120000,54.3,54.52,54.1,54.42,10631,0
JSW,60,20230227,130000,54.4,54.8,54.34,54.48,19252,0
JSW,60,20230227,140000,54.52,54.7,54.4,54.56,12158,0
JSW,60,20230227,150000,54.5,55.24,54.42,55.08,34801,0
JSW,60,20230227,160000,55.1,55.1,54.74,55.02,19011,0
JSW,60,20230227,170000,55.06,55.2,54.5,54.8,29806,0
JSW,60,20230228,100000,54.3,54.3,53.44,54.04,88076,0
JSW,60,20230228,110000,54.08,54.4,54.08,54.34,21788,0
JSW,60,20230228,120000,54.38,54.44,54.02,54.24,16653,0
JSW,60,20230228,130000,54.24,54.66,54,54.44,22933,0
JSW,60,20230228,140000,54.4,54.66,54.34,54.58,25671,0
JSW,60,20230228,150000,54.52,54.7,54.44,54.6,25442,0
JSW,60,20230228,160000,54.6,55.12,54.48,54.86,36028,0
JSW,60,20230228,170000,54.92,54.94,54.54,54.66,140190,0
JSW,60,20230301,100000,55,56.42,54.76,55.76,157708,0
JSW,60,20230301,110000,55.8,56.28,55.6,56.26,46899,0
JSW,60,20230301,120000,56.24,56.6,55.7,55.84,72345,0
JSW,60,20230301,130000,55.82,56,55.56,55.72,21189,0
JSW,60,20230301,140000,55.72,55.88,55.4,55.44,23447,0
JSW,60,20230301,150000,55.46,55.5,55.1,55.18,30173,0
JSW,60,20230301,160000,55.12,55.76,55.1,55.6,34047,0
JSW,60,20230301,170000,55.56,55.72,55.2,55.54,42318,0
JSW,60,20230302,100000,55,55.08,51.62,52.5,494194,0
JSW,60,20230302,110000,52.5,52.94,52.08,52.68,121986,0
JSW,60,20230302,120000,52.66,52.74,52.32,52.48,122825,0
JSW,60,20230302,130000,52.46,52.68,52.32,52.46,85919,0
JSW,60,20230302,140000,52.46,52.74,52.4,52.62,52915,0
JSW,60,20230302,150000,52.6,52.74,52.28,52.34,76724,0
JSW,60,20230302,160000,52.38,52.76,52.26,52.36,59537,0
JSW,60,20230302,170000,52.32,52.7,52.24,52.24,90435,0
JSW,60,20230303,100000,52.52,53.5,52.52,53.18,87912,0
JSW,60,20230303,110000,53.16,53.3,52.9,53,32168,0
JSW,60,20230303,120000,53,53.32,52.96,53.28,24295,0
JSW,60,20230303,130000,53.26,53.44,53.12,53.14,25752,0
JSW,60,20230303,140000,53.18,53.2,52.64,52.9,21354,0
JSW,60,20230303,150000,52.88,52.94,52.54,52.88,18926,0
JSW,60,20230303,160000,52.86,53.04,52.76,52.98,18958,0
JSW,60,20230303,170000,52.94,53.22,52.88,53,50803,0
JSW,60,20230306,100000,53.4,53.94,53.08,53.34,72062,0
JSW,60,20230306,110000,53.34,53.56,53.12,53.38,19921,0
JSW,60,20230306,120000,53.42,53.8,53.4,53.64,24356,0
JSW,60,20230306,130000,53.66,53.68,53.18,53.28,21299,0
JSW,60,20230306,140000,53.24,53.42,53.04,53.4,17534,0
JSW,60,20230306,150000,53.4,53.64,53.22,53.58,20140,0
JSW,60,20230306,160000,53.6,53.7,53.2,53.34,17778,0
JSW,60,20230306,170000,53.36,53.84,53.36,53.78,65462,0
JSW,60,20230307,100000,53.74,53.74,53.16,53.24,28945,0
JSW,60,20230307,110000,53.26,53.62,53.14,53.48,20063,0
JSW,60,20230307,120000,53.5,53.62,53.26,53.4,9726,0
JSW,60,20230307,130000,53.4,53.48,53.3,53.36,10844,0
JSW,60,20230307,140000,53.38,53.44,53.22,53.26,10000,0
JSW,60,20230307,150000,53.3,53.6,53.22,53.3,16592,0
JSW,60,20230307,160000,53.3,53.34,52.9,53.06,33075,0
JSW,60,20230307,170000,53.04,53.04,52.6,52.6,65932,0
JSW,60,20230308,100000,52.5,52.84,52.02,52.3,52219,0
JSW,60,20230308,110000,52.28,52.72,52.14,52.48,21051,0
JSW,60,20230308,120000,52.48,52.82,52.4,52.78,30608,0
JSW,60,20230308,130000,52.76,52.86,52.5,52.66,19374,0
JSW,60,20230308,140000,52.66,52.72,52.5,52.62,12045,0
JSW,60,20230308,150000,52.62,52.76,52.54,52.7,18225,0
JSW,60,20230308,160000,52.68,53.04,52.5,53.04,25392,0
JSW,60,20230308,170000,53.04,53.28,52.82,53.04,40099,0
JSW,60,20230309,100000,53,53,52.34,52.52,34278,0
JSW,60,20230309,110000,52.48,52.48,51.88,52.18,54067,0
JSW,60,20230309,120000,52.18,52.46,52.12,52.34,13271,0
JSW,60,20230309,130000,52.36,52.4,52.22,52.28,10001,0
JSW,60,20230309,140000,52.24,52.3,52.12,52.26,15740,0
JSW,60,20230309,150000,52.26,52.66,52.16,52.66,14896,0
JSW,60,20230309,160000,52.68,52.72,52.38,52.56,26023,0
JSW,60,20230309,170000,52.5,52.54,52.08,52.16,55726,0
JSW,60,20230310,100000,51.2,51.28,50.54,50.76,104696,0
JSW,60,20230310,110000,50.74,51,50.52,50.7,53979,0
JSW,60,20230310,120000,50.7,50.8,50.3,50.44,52628,0
JSW,60,20230310,130000,50.38,50.48,50.36,50.46,34539,0
JSW,60,20230310,140000,50.48,50.48,50.14,50.34,60666,0
JSW,60,20230310,150000,50.34,50.4,49.89,50.26,131558,0
JSW,60,20230310,160000,50.22,50.4,49.84,50.06,51215,0
JSW,60,20230310,170000,50.1,51,50.1,50.66,115859,0
JSW,60,20230313,100000,50.6,51.54,49.14,49.43,269367,0
JSW,60,20230313,110000,49.53,49.58,48.52,49.1,172339,0
JSW,60,20230313,120000,49.16,49.2,48.53,48.9,89902,0
JSW,60,20230313,130000,48.91,49.18,48.36,48.37,60862,0
JSW,60,20230313,140000,48.35,48.44,47.6,47.76,128647,0
JSW,60,20230313,150000,47.76,47.84,46.73,47.6,203079,0
JSW,60,20230313,160000,47.55,48.4,47.28,48.39,129183,0
JSW,60,20230313,170000,48.39,49,48.1,48.15,176967,0
JSW,60,20230314,100000,47.8,48.33,47.04,47.85,105324,0
JSW,60,20230314,110000,47.89,47.89,47.1,47.17,51625,0
JSW,60,20230314,120000,47.18,47.38,46.71,46.91,74404,0
JSW,60,20230314,130000,46.93,47.28,46.8,46.96,35009,0
JSW,60,20230314,140000,46.96,47.74,46.87,47.66,64138,0
JSW,60,20230314,150000,47.59,47.74,47.11,47.65,54067,0
JSW,60,20230314,160000,47.65,48.16,47.38,47.39,76293,0
JSW,60,20230314,170000,47.36,47.56,47.24,47.37,64334,0
JSW,60,20230315,100000,47.4,47.89,46.76,46.9,74000,0
JSW,60,20230315,110000,46.9,47.03,46.22,46.38,81215,0
JSW,60,20230315,120000,46.44,46.48,45.4,45.44,144305,0
JSW,60,20230315,130000,45.49,45.76,45.27,45.53,101425,0
JSW,60,20230315,140000,45.45,45.5,44.51,44.58,120008,0
JSW,60,20230315,150000,44.56,44.86,44.4,44.52,126832,0
JSW,60,20230315,160000,44.52,45.18,44.48,44.97,100127,0
JSW,60,20230315,170000,44.87,45.13,44.05,44.1,200020,0
JSW,60,20230316,100000,45,45.44,42.6,43.79,332204,0
JSW,60,20230316,110000,43.77,43.88,43.29,43.73,66430,0
JSW,60,20230316,120000,43.73,44,43.08,43.09,47185,0
JSW,60,20230316,130000,43.03,43.73,42.76,43.66,96300,0
JSW,60,20230316,140000,43.66,45.95,43.24,45.87,223549,0
JSW,60,20230316,150000,45.76,45.89,43.97,44.41,154032,0
JSW,60,20230316,160000,44.37,44.73,43.6,44.73,87758,0
JSW,60,20230316,170000,44.79,45.58,44.56,45.55,187628,0
JSW,60,20230317,100000,46.97,48.48,46.75,47.5,359160,0
JSW,60,20230317,110000,47.48,47.8,47.28,47.8,63101,0
JSW,60,20230317,120000,47.85,47.85,47.1,47.17,58783,0
JSW,60,20230317,130000,47.12,47.21,46.03,46.44,135452,0
JSW,60,20230317,140000,46.44,46.44,44.84,45.41,152823,0
JSW,60,20230317,150000,45.51,45.78,45.4,45.4,69835,0
JSW,60,20230317,160000,45.4,45.5,44.53,44.7,131075,0
JSW,60,20230317,170000,44.7,45.18,44.57,44.9,328953,0
JSW,60,20230320,100000,44,45.76,43.6,45.18,149634,0
JSW,60,20230320,110000,45.18,46.1,44.89,45.28,73661,0
JSW,60,20230320,120000,45.3,45.83,45.16,45.8,56409,0
JSW,60,20230320,130000,45.8,45.87,45.15,45.37,41911,0
JSW,60,20230320,140000,45.35,45.88,45.19,45.79,23651,0
JSW,60,20230320,150000,45.8,45.86,45.43,45.8,24672,0
JSW,60,20230320,160000,45.81,46.2,45.37,46.09,33965,0
JSW,60,20230320,170000,46.11,46.75,46.11,46.71,129270,0
JSW,60,20230321,100000,47,48.2,46.5,47.79,132505,0
JSW,60,20230321,110000,47.79,48.03,47.29,47.87,120345,0
JSW,60,20230321,120000,47.92,47.97,47.53,47.7,66429,0
JSW,60,20230321,130000,47.69,47.78,47.42,47.65,39483,0
JSW,60,20230321,140000,47.71,48.02,47.71,48,39514,0
JSW,60,20230321,150000,47.94,48.02,47.55,47.87,62075,0
JSW,60,20230321,160000,47.85,48.01,46.94,47.13,90694,0
JSW,60,20230321,170000,47.11,47.5,46.8,47.5,101414,0
JSW,60,20230322,100000,47,48.48,45.51,45.54,465486,0
JSW,60,20230322,110000,45.58,46.68,45.58,46.67,75163,0
JSW,60,20230322,120000,46.66,47.48,46.5,47.47,56630,0
JSW,60,20230322,130000,47.43,47.49,47,47.2,74121,0
JSW,60,20230322,140000,47.23,47.55,46.52,46.63,56184,0
JSW,60,20230322,150000,46.64,47.25,46.5,47.22,50941,0
JSW,60,20230322,160000,47.19,47.22,46.65,46.65,46680,0
JSW,60,20230322,170000,46.73,46.87,46.43,46.68,62456,0
JSW,60,20230323,100000,46.7,46.7,45.71,46.23,113119,0
JSW,60,20230323,110000,46.22,46.22,44.99,45.03,73227,0
JSW,60,20230323,120000,45.01,45.1,44,44.78,192694,0
JSW,60,20230323,130000,44.78,45.25,44.77,44.96,43468,0
JSW,60,20230323,140000,44.87,45.4,44.83,45.4,29873,0
JSW,60,20230323,150000,45.39,45.78,45.09,45.6,47734,0
JSW,60,20230323,160000,45.64,46.5,45.5,46.5,49927,0
JSW,60,20230323,170000,46.51,46.64,46.24,46.45,79177,0
JSW,60,20230324,100000,46.42,46.44,45.33,45.65,72564,0
JSW,60,20230324,110000,45.57,45.8,45.1,45.19,52698,0
JSW,60,20230324,120000,45.2,45.26,44.88,45.01,66054,0
JSW,60,20230324,130000,44.95,45.18,44.84,45.03,29225,0
JSW,60,20230324,140000,45.05,45.2,44.84,45.2,38864,0
JSW,60,20230324,150000,45.13,45.32,45.04,45.13,44205,0
JSW,60,20230324,160000,45.12,45.33,45.1,45.32,38853,0
JSW,60,20230324,170000,45.33,45.44,45.15,45.44,96000,0
JSW,60,20230327,100000,46.52,47.24,45.22,45.23,150440,0
JSW,60,20230327,110000,45.22,45.71,45.22,45.58,29907,0
JSW,60,20230327,120000,45.61,46,45.61,45.96,16942,0
JSW,60,20230327,130000,45.99,46.3,45.96,46.24,29434,0
JSW,60,20230327,140000,46.24,46.4,46,46.02,37166,0
JSW,60,20230327,150000,46.06,46.06,45.53,45.59,26027,0
JSW,60,20230327,160000,45.58,45.81,45.14,45.31,45157,0
JSW,60,20230327,170000,45.3,45.67,45.2,45.46,44321,0
JSW,60,20230328,100000,46,46.4,45.81,46.09,64740,0
JSW,60,20230328,110000,46.11,46.19,45.68,46.01,67977,0
JSW,60,20230328,120000,46.04,46.15,45.6,45.66,43643,0
JSW,60,20230328,130000,45.69,46.08,45.65,45.74,20554,0
JSW,60,20230328,140000,45.74,45.83,45.6,45.65,16556,0
JSW,60,20230328,150000,45.61,45.69,45.41,45.48,32966,0
JSW,60,20230328,160000,45.43,45.78,45.41,45.71,34852,0
JSW,60,20230328,170000,45.66,45.72,45.37,45.37,106399,0
JSW,60,20230329,100000,46.15,46.2,45.27,45.55,64839,0
JSW,60,20230329,110000,45.56,46.09,45.38,46,41116,0
JSW,60,20230329,120000,46.04,46.13,45.85,46.09,31328,0
JSW,60,20230329,130000,46.06,46.66,46.01,46.48,117835,0
JSW,60,20230329,140000,46.5,47.05,46.38,46.6,62818,0
JSW,60,20230329,150000,46.62,46.63,46.31,46.37,49705,0
JSW,60,20230329,160000,46.3,46.58,46.1,46.45,43622,0
JSW,60,20230329,170000,46.45,47.24,46.18,46.91,136388,0
JSW,60,20230330,100000,47.23,48.08,47.2,47.4,119647,0
JSW,60,20230330,110000,47.35,47.44,46.92,47.31,70008,0
JSW,60,20230330,120000,47.19,47.3,46.83,47.04,36640,0
JSW,60,20230330,130000,46.97,47.3,46.9,47.3,36725,0
JSW,60,20230330,140000,47.29,47.3,46.87,46.87,48959,0
JSW,60,20230330,150000,46.84,46.97,46.62,46.67,50885,0
JSW,60,20230330,160000,46.67,47.15,46.49,47.02,74975,0
JSW,60,20230330,170000,47.02,47.95,46.7,47.78,189739,0
JSW,60,20230331,100000,48,48.2,46.8,47,96889,0
JSW,60,20230331,110000,46.97,47.16,46.55,46.7,67935,0
JSW,60,20230331,120000,46.7,47.16,46.7,46.8,56816,0
JSW,60,20230331,130000,46.81,46.99,46.75,46.96,25171,0
JSW,60,20230331,140000,46.91,47.09,46.8,46.81,37991,0
JSW,60,20230331,150000,46.8,47.26,46.8,46.96,28935,0
JSW,60,20230331,160000,46.93,47.26,46.85,47.19,28857,0
JSW,60,20230331,170000,47.18,47.4,47.1,47.11,45027,0
JSW,60,20230403,100000,47.34,47.99,46.96,47.64,93607,0
JSW,60,20230403,110000,47.64,47.8,47.48,47.56,36102,0
JSW,60,20230403,120000,47.5,47.84,47.25,47.77,48847,0
JSW,60,20230403,130000,47.77,47.77,47.47,47.55,28911,0
JSW,60,20230403,140000,47.51,47.51,47,47.31,88278,0
JSW,60,20230403,150000,47.3,47.35,46.82,46.89,20583,0
JSW,60,20230403,160000,46.89,47.53,46.65,47.31,24241,0
JSW,60,20230403,170000,47.29,47.32,47,47,41151,0
JSW,60,20230404,100000,47,47.33,46.38,46.44,38551,0
JSW,60,20230404,110000,46.47,46.86,46.47,46.77,22325,0
JSW,60,20230404,120000,46.77,47.22,46.6,47.2,26739,0
JSW,60,20230404,130000,47.25,47.88,47.16,47.54,74285,0
JSW,60,20230404,140000,47.52,47.6,47.23,47.24,12262,0
JSW,60,20230404,150000,47.22,47.24,46.96,47.08,15427,0
JSW,60,20230404,160000,47.04,47.11,45.92,46.03,112643,0
JSW,60,20230404,170000,46.05,46.27,45.53,45.78,132535,0
JSW,60,20230405,100000,45.78,46.1,45.23,45.54,75494,0
JSW,60,20230405,110000,45.68,45.91,45.58,45.73,29233,0
JSW,60,20230405,120000,45.72,45.76,45.43,45.57,24694,0
JSW,60,20230405,130000,45.57,45.66,45.48,45.61,53533,0
JSW,60,20230405,140000,45.61,45.67,44.94,45.16,55782,0
JSW,60,20230405,150000,45.13,45.14,44.52,44.78,81338,0
JSW,60,20230405,160000,44.72,45.02,44.6,44.94,52002,0
JSW,60,20230405,170000,44.97,44.98,44.4,44.47,94056,0
JSW,60,20230406,100000,44.62,45.1,44.52,44.52,42443,0
JSW,60,20230406,110000,44.52,44.78,44.52,44.75,16541,0
JSW,60,20230406,120000,44.78,45.11,44.58,45.09,23105,0
JSW,60,20230406,130000,45.08,45.2,44.89,45.01,26637,0
JSW,60,20230406,140000,45.03,45.19,45,45.12,11292,0
JSW,60,20230406,150000,45.16,45.18,44.69,44.74,12917,0
JSW,60,20230406,160000,44.72,44.8,44.54,44.8,27691,0
JSW,60,20230406,170000,44.76,44.89,44.64,44.75,35629,0
JSW,60,20230411,100000,44.92,45.86,44.92,45.42,65578,0
JSW,60,20230411,110000,45.31,46.01,45.25,45.85,41400,0
JSW,60,20230411,120000,45.84,45.89,45.57,45.75,15279,0
JSW,60,20230411,130000,45.78,46,45.65,45.9,25725,0
JSW,60,20230411,140000,45.86,45.92,45.62,45.79,12502,0
JSW,60,20230411,150000,45.75,45.77,45.45,45.47,19655,0
JSW,60,20230411,160000,45.4,45.76,45.35,45.7,23519,0
JSW,60,20230411,170000,45.66,45.96,45.27,45.49,42006,0
JSW,60,20230412,100000,46,46,44.97,45.31,86381,0
JSW,60,20230412,110000,45.3,45.74,45.3,45.65,51997,0
JSW,60,20230412,120000,45.68,45.84,45.55,45.79,27081,0
JSW,60,20230412,130000,45.84,48.77,45.84,47.13,317071,0
JSW,60,20230412,140000,47.14,48.2,47.08,47.21,139909,0
JSW,60,20230412,150000,47.2,48.07,47.1,47.99,78959,0
JSW,60,20230412,160000,47.9,47.9,47.15,47.15,46674,0
JSW,60,20230412,170000,47.2,47.56,47.09,47.29,73857,0
JSW,60,20230413,100000,47.33,47.43,46.6,47.03,87157,0
JSW,60,20230413,110000,47.03,48.04,47.03,47.24,180623,0
JSW,60,20230413,120000,47.19,47.35,46.93,47.25,49408,0
JSW,60,20230413,130000,47.25,47.31,47,47.2,20496,0
JSW,60,20230413,140000,47.2,47.97,47.14,47.84,58346,0
JSW,60,20230413,150000,47.84,47.84,47.47,47.57,61730,0
JSW,60,20230413,160000,47.65,47.65,47.05,47.1,80529,0
JSW,60,20230413,170000,47.15,47.47,46.94,47.24,185284,0
JSW,60,20230414,100000,47.2,47.6,46.33,46.7,209277,0
JSW,60,20230414,110000,46.82,46.96,46.55,46.74,38624,0
JSW,60,20230414,120000,46.76,46.81,46.45,46.45,37259,0
JSW,60,20230414,130000,46.45,46.79,46.42,46.72,40281,0
JSW,60,20230414,140000,46.75,46.9,46.64,46.7,25854,0
JSW,60,20230414,150000,46.69,46.83,46.57,46.57,19683,0
JSW,60,20230414,160000,46.57,46.84,46.56,46.8,28619,0
JSW,60,20230414,170000,46.76,46.83,46.16,46.17,110207,0
JSW,60,20230417,100000,46.66,47.16,46.24,46.43,65487,0
JSW,60,20230417,110000,46.41,46.54,46.16,46.24,34783,0
JSW,60,20230417,120000,46.22,46.25,45.92,46.24,50555,0
JSW,60,20230417,130000,46.26,46.37,46.18,46.24,19264,0
JSW,60,20230417,140000,46.29,46.57,46.29,46.43,16762,0
JSW,60,20230417,150000,46.46,46.59,46.33,46.45,20342,0
JSW,60,20230417,160000,46.43,46.47,46.07,46.28,34534,0
JSW,60,20230417,170000,46.26,46.47,46.23,46.43,29415,0
JSW,60,20230418,100000,46.6,47.15,46.4,46.6,85367,0
JSW,60,20230418,110000,46.58,47.82,46.52,47.41,143373,0
JSW,60,20230418,120000,47.4,47.65,47.17,47.2,56347,0
JSW,60,20230418,130000,47.23,48.3,47.2,47.85,118222,0
JSW,60,20230418,140000,47.8,47.99,47.3,47.46,42207,0
JSW,60,20230418,150000,47.48,47.51,47.17,47.19,40405,0
JSW,60,20230418,160000,47.17,47.46,47.1,47.15,35007,0
JSW,60,20230418,170000,47.2,47.25,46.86,47.01,106717,0
JSW,60,20230419,100000,46.88,46.88,45.85,45.98,140489,0
JSW,60,20230419,110000,45.97,46.02,45.61,45.8,96656,0
JSW,60,20230419,120000,45.8,45.95,45.67,45.84,58055,0
JSW,60,20230419,130000,45.84,46.23,45.77,46.2,29773,0
JSW,60,20230419,140000,46.2,46.55,46.13,46.39,34418,0
JSW,60,20230419,150000,46.36,46.36,45.99,46.04,23360,0
JSW,60,20230419,160000,46.02,46.25,45.99,46.1,27734,0
JSW,60,20230419,170000,46.1,46.19,46,46.01,61455,0
JSW,60,20230420,100000,45.75,46.65,45.7,46.56,77613,0
JSW,60,20230420,110000,46.56,47.06,46.33,46.82,73167,0
JSW,60,20230420,120000,46.79,46.79,46,46.45,101105,0
JSW,60,20230420,130000,46.45,46.74,46.45,46.51,49686,0
JSW,60,20230420,140000,46.53,46.88,46.4,46.56,32321,0
JSW,60,20230420,150000,46.56,46.56,46.18,46.22,28979,0
JSW,60,20230420,160000,46.26,46.34,46,46.15,45738,0
JSW,60,20230420,170000,46.18,46.29,46.05,46.16,65973,0
JSW,60,20230421,100000,45.97,45.97,45.07,45.29,118236,0
JSW,60,20230421,110000,45.31,45.76,45.15,45.23,39360,0
JSW,60,20230421,120000,45.2,45.48,45.13,45.18,46330,0
JSW,60,20230421,130000,45.18,45.32,45.06,45.15,34036,0
JSW,60,20230421,140000,45.11,45.11,44.91,44.93,57914,0
JSW,60,20230421,150000,44.92,45,44.81,44.88,42593,0
JSW,60,20230421,160000,44.87,45.07,44.5,44.5,142998,0
JSW,60,20230421,170000,44.58,44.98,44.5,44.74,124773,0
JSW,60,20230424,100000,44.71,45.1,44.2,44.92,61022,0
JSW,60,20230424,110000,45,45.2,44.65,45.08,30196,0
JSW,60,20230424,120000,45.08,45.54,45.03,45.32,40061,0
JSW,60,20230424,130000,45.32,45.76,45.14,45.6,101546,0
JSW,60,20230424,140000,45.6,45.76,45.52,45.55,28577,0
JSW,60,20230424,150000,45.57,45.71,45.29,45.5,33485,0
JSW,60,20230424,160000,45.49,45.6,45.37,45.51,61105,0
JSW,60,20230424,170000,45.55,45.96,45.14,45.38,105351,0
JSW,60,20230425,100000,45.37,45.37,44.85,45.31,63533,0
JSW,60,20230425,110000,45.31,45.4,45.04,45.21,28872,0
JSW,60,20230425,120000,45.17,45.22,44.92,45.17,27405,0
JSW,60,20230425,130000,45.21,45.32,44.98,45.03,16488,0
JSW,60,20230425,140000,45,45.12,44.95,45.11,14503,0
JSW,60,20230425,150000,45.11,45.15,45,45.11,20995,0
JSW,60,20230425,160000,45.14,45.31,44.55,44.55,63580,0
JSW,60,20230425,170000,44.58,44.72,44.18,44.24,107974,0
JSW,60,20230426,100000,44.11,44.58,43.27,43.71,120373,0
JSW,60,20230426,110000,43.75,44.1,43.27,43.95,64416,0
JSW,60,20230426,120000,43.94,44.12,43.6,43.72,35304,0
JSW,60,20230426,130000,43.72,44.1,43.68,44.04,28542,0
JSW,60,20230426,140000,44.06,44.27,44.01,44.17,33363,0
JSW,60,20230426,150000,44.2,44.28,43.74,43.87,26252,0
JSW,60,20230426,160000,43.87,44.37,43.71,44,50401,0
JSW,60,20230426,170000,43.96,44,43.76,43.84,83116,0
JSW,60,20230427,100000,43.98,44.6,43.8,44.46,95163,0
JSW,60,20230427,110000,44.44,44.45,44.04,44.31,21080,0
JSW,60,20230427,120000,44.36,44.47,44.2,44.24,25608,0
JSW,60,20230427,130000,44.24,44.32,44.11,44.3,10391,0
JSW,60,20230427,140000,44.29,44.3,44.08,44.19,19668,0
JSW,60,20230427,150000,44.17,44.79,44.17,44.5,274497,0
JSW,60,20230427,160000,44.51,44.62,44.35,44.4,27909,0
JSW,60,20230427,170000,44.41,44.81,44.4,44.71,70791,0
JSW,60,20230428,100000,44.86,45,43.77,43.8,124048,0
JSW,60,20230428,110000,43.77,43.77,43.03,43.29,181654,0
JSW,60,20230428,120000,43.24,43.27,42.66,43.13,105468,0
JSW,60,20230428,130000,43.13,43.46,42.94,43.02,66120,0
JSW,60,20230428,140000,43.05,43.5,42.98,43.5,40308,0
JSW,60,20230428,150000,43.48,43.51,43.04,43.09,58756,0
JSW,60,20230428,160000,43.09,43.33,43.06,43.29,45079,0
JSW,60,20230428,170000,43.29,43.34,42.83,42.9,150677,0
JSW,60,20230502,100000,42.71,43.51,42.01,43.07,96076,0
JSW,60,20230502,110000,43.19,43.2,42.06,42.45,122615,0
JSW,60,20230502,120000,42.4,42.86,42.25,42.8,25417,0
JSW,60,20230502,130000,42.75,42.76,42.5,42.59,21905,0
JSW,60,20230502,140000,42.59,42.86,42.59,42.61,52236,0
JSW,60,20230502,150000,42.59,42.93,42.46,42.65,48948,0
JSW,60,20230502,160000,42.63,42.89,42.4,42.41,67519,0
JSW,60,20230502,170000,42.48,42.48,41.85,41.87,132601,0
JSW,60,20230504,100000,41.4,42.08,40.95,41.9,173096,0
JSW,60,20230504,110000,41.87,41.94,41.44,41.54,47419,0
JSW,60,20230504,120000,41.49,41.86,41.33,41.78,35122,0
JSW,60,20230504,130000,41.62,41.75,41.41,41.46,22711,0
JSW,60,20230504,140000,41.44,41.67,41.35,41.39,18723,0
JSW,60,20230504,150000,41.37,41.42,41.11,41.11,27825,0
JSW,60,20230504,160000,41.14,41.2,40.94,41.14,75719,0
JSW,60,20230504,170000,41.14,41.19,40.42,40.68,164932,0
JSW,60,20230505,100000,40.88,40.95,40.32,40.85,70949,0
JSW,60,20230505,110000,40.86,41,40.36,40.97,47564,0
JSW,60,20230505,120000,41.04,41.37,40.88,41.24,37924,0
JSW,60,20230505,130000,41.25,41.48,41.25,41.35,31526,0
JSW,60,20230505,140000,41.33,41.4,40.89,41.02,73192,0
JSW,60,20230505,150000,41.03,41.3,41,41.2,29324,0
JSW,60,20230505,160000,41.18,41.43,41.15,41.39,31898,0
JSW,60,20230505,170000,41.39,41.79,41.3,41.55,115440,0
JSW,60,20230508,100000,41.7,42.06,41.33,42.01,58179,0
JSW,60,20230508,110000,42.04,42.12,41.91,41.97,28075,0
JSW,60,20230508,120000,41.97,43.06,41.9,42.56,123628,0
JSW,60,20230508,130000,42.54,42.68,42.3,42.46,36835,0
JSW,60,20230508,140000,42.46,42.55,42.25,42.5,29367,0
JSW,60,20230508,150000,42.5,42.61,42.22,42.31,25354,0
JSW,60,20230508,160000,42.29,42.5,42.02,42.07,33632,0
JSW,60,20230508,170000,42.08,42.11,41.86,42,72022,0
JSW,60,20230509,100000,42.39,42.39,41.45,41.55,34610,0
JSW,60,20230509,110000,41.51,41.72,41.44,41.72,11717,0
JSW,60,20230509,120000,41.75,41.97,41.51,41.7,24150,0
JSW,60,20230509,130000,41.77,42,41.62,41.85,26123,0
JSW,60,20230509,140000,41.87,41.93,41.7,41.72,6028,0
JSW,60,20230509,150000,41.72,41.98,41.72,41.85,16620,0
JSW,60,20230509,160000,41.85,42.18,41.85,42,41861,0
JSW,60,20230509,170000,42.01,42.08,41.88,41.9,79854,0
JSW,60,20230510,100000,42.2,42.32,41.7,41.79,52101,0
JSW,60,20230510,110000,41.78,41.88,41.65,41.69,31530,0
JSW,60,20230510,120000,41.72,41.85,41.58,41.76,17063,0
JSW,60,20230510,130000,41.66,42.05,41.5,41.96,29650,0
JSW,60,20230510,140000,42,42.29,41.94,42.25,20532,0
JSW,60,20230510,150000,42.22,42.87,42.2,42.72,75229,0
JSW,60,20230510,160000,42.68,43.16,42.02,42.21,132270,0
JSW,60,20230510,170000,42.21,42.38,41.99,42.2,96701,0
JSW,60,20230511,100000,42.1,42.45,41.82,42.24,39467,0
JSW,60,20230511,110000,42.31,42.33,41.85,41.88,43044,0
JSW,60,20230511,120000,41.89,42,41.6,41.89,41821,0
JSW,60,20230511,130000,41.9,41.98,41.75,41.84,15660,0
JSW,60,20230511,140000,41.86,42.22,41.76,41.81,44901,0
JSW,60,20230511,150000,41.87,41.96,41.65,41.68,18674,0
JSW,60,20230511,160000,41.68,41.71,41,41.06,73060,0
JSW,60,20230511,170000,41.08,41.45,41.05,41.25,62331,0
JSW,60,20230512,100000,41.41,41.5,40.8,41.05,54260,0
JSW,60,20230512,110000,41.02,41.49,40.94,41.38,37776,0
JSW,60,20230512,120000,41.38,41.51,41.12,41.3,22115,0
JSW,60,20230512,130000,41.28,41.45,41.2,41.34,12277,0
JSW,60,20230512,140000,41.34,41.37,41.1,41.18,18348,0
JSW,60,20230512,150000,41.2,41.32,41.08,41.15,16189,0
JSW,60,20230512,160000,41.15,41.44,41.02,41.2,48498,0
JSW,60,20230512,170000,41.15,41.15,40.87,40.91,77068,0
JSW,60,20230515,100000,41.23,41.4,40.84,41.28,64578,0
JSW,60,20230515,110000,41.28,41.7,41.28,41.53,83055,0
JSW,60,20230515,120000,41.48,41.79,41.42,41.7,21274,0
JSW,60,20230515,130000,41.73,41.78,41.61,41.64,6866,0
JSW,60,20230515,140000,41.64,41.8,41.42,41.71,37968,0
JSW,60,20230515,150000,41.68,41.93,41.42,41.45,26711,0
JSW,60,20230515,160000,41.45,41.74,41.34,41.74,16059,0
JSW,60,20230515,170000,41.74,41.74,41.47,41.7,47924,0
JSW,60,20230516,100000,41.7,41.7,40.89,41.19,126713,0
JSW,60,20230516,110000,41.13,41.4,41.03,41.3,53985,0
JSW,60,20230516,120000,41.27,41.31,41.18,41.24,25535,0
JSW,60,20230516,130000,41.21,41.21,40.93,40.98,49561,0
JSW,60,20230516,140000,40.98,41.15,40.91,41.11,18204,0
JSW,60,20230516,150000,41.13,41.15,40.82,40.86,59124,0
JSW,60,20230516,160000,40.86,41,40.7,40.89,38234,0
JSW,60,20230516,170000,40.85,40.87,40.65,40.76,54530,0
JSW,60,20230517,100000,40.46,40.46,39.3,39.38,198046,0
JSW,60,20230517,110000,39.39,39.89,39.21,39.78,98126,0
JSW,60,20230517,120000,39.78,39.78,39.34,39.45,61220,0
JSW,60,20230517,130000,39.46,39.47,39.29,39.4,31564,0
JSW,60,20230517,140000,39.43,39.5,39.22,39.45,43064,0
JSW,60,20230517,150000,39.42,39.44,39.14,39.18,53908,0
JSW,60,20230517,160000,39.18,41.47,39.09,40.64,235790,0
JSW,60,20230517,170000,40.64,40.99,40.06,40.13,98827,0
JSW,60,20230518,100000,40.93,41.3,40.5,40.96,103161,0
JSW,60,20230518,110000,40.87,41.28,40.78,41.03,61899,0
JSW,60,20230518,120000,41.02,41.28,40.89,40.94,32685,0
JSW,60,20230518,130000,40.93,41.15,40.72,41.14,16291,0
JSW,60,20230518,140000,41.16,41.24,41.02,41.07,16121,0
JSW,60,20230518,150000,41.07,41.1,40.75,40.88,18930,0
JSW,60,20230518,160000,40.84,40.88,40.4,40.6,47330,0
JSW,60,20230518,170000,40.57,40.74,40.41,40.51,46096,0
JSW,60,20230519,100000,40.66,40.97,40.4,40.8,42938,0
JSW,60,20230519,110000,40.81,41.48,40.7,41.38,70835,0
JSW,60,20230519,120000,41.34,41.63,41.34,41.39,60418,0
JSW,60,20230519,130000,41.38,41.48,41.17,41.17,23059,0
JSW,60,20230519,140000,41.24,41.53,41.23,41.3,55551,0
JSW,60,20230519,150000,41.3,41.5,41.14,41.38,32968,0
JSW,60,20230519,160000,41.38,41.42,41.05,41.17,52282,0
JSW,60,20230519,170000,41.18,41.31,40.96,41.06,183784,0
JSW,60,20230522,100000,41.58,41.64,40.75,41.05,111129,0
JSW,60,20230522,110000,41.03,41.35,40.9,41.1,369336,0
JSW,60,20230522,120000,41.09,41.34,40.61,41.12,244115,0
JSW,60,20230522,130000,41.11,41.48,41.01,41.09,50750,0
JSW,60,20230522,140000,41.1,41.11,40.74,40.86,34081,0
JSW,60,20230522,150000,40.89,41.12,40.76,40.8,60945,0
JSW,60,20230522,160000,40.82,40.85,40.52,40.63,98790,0
JSW,60,20230522,170000,40.61,40.78,40.5,40.56,129617,0
JSW,60,20230523,100000,41.5,42.38,40.94,41.77,734268,0
JSW,60,20230523,110000,41.8,42.12,41.06,41.07,219225,0
JSW,60,20230523,120000,41.06,41.06,40.28,40.81,170726,0
JSW,60,20230523,130000,40.8,40.85,40.47,40.52,61793,0
JSW,60,20230523,140000,40.53,40.64,40.33,40.51,45002,0
JSW,60,20230523,150000,40.5,40.82,40.44,40.67,58429,0
JSW,60,20230523,160000,40.66,40.94,40.45,40.51,81686,0
JSW,60,20230523,170000,40.52,41.12,40.5,40.88,100165,0
JSW,60,20230524,100000,40.88,42.99,40.5,42.34,402863,0
JSW,60,20230524,110000,42.35,42.84,42.25,42.52,184525,0
JSW,60,20230524,120000,42.53,42.8,40.86,41.76,160464,0
JSW,60,20230524,130000,41.76,41.88,41.34,41.68,81902,0
JSW,60,20230524,140000,41.67,42.42,41.67,42.3,56635,0
JSW,60,20230524,150000,42.34,42.6,42.31,42.4,60507,0
JSW,60,20230524,160000,42.35,42.5,42.2,42.37,41738,0
JSW,60,20230524,170000,42.35,42.6,42.2,42.42,91737,0
JSW,60,20230525,100000,42.9,42.9,40.55,40.91,317275,0
JSW,60,20230525,110000,40.89,41.15,40.6,40.65,91851,0
JSW,60,20230525,120000,40.63,40.8,40.45,40.7,100025,0
JSW,60,20230525,130000,40.7,41.05,40.65,40.84,67065,0
JSW,60,20230525,140000,40.83,41.1,40.8,41.07,32690,0
JSW,60,20230525,150000,41.03,41.08,40.7,40.79,41383,0
JSW,60,20230525,160000,40.77,40.91,40.6,40.7,79092,0
JSW,60,20230525,170000,40.76,40.76,40.13,40.13,193136,0
JSW,60,20230526,100000,40.11,40.72,39.52,40.32,177909,0
JSW,60,20230526,110000,40.32,40.67,40.25,40.25,46049,0
JSW,60,20230526,120000,40.26,40.5,40.21,40.3,31416,0
JSW,60,20230526,130000,40.29,40.77,40.27,40.7,28090,0
JSW,60,20230526,140000,40.7,40.77,40.57,40.7,21237,0
JSW,60,20230526,150000,40.7,41.03,40.54,40.92,51380,0
JSW,60,20230526,160000,40.96,41.04,40.58,40.83,35074,0
JSW,60,20230526,170000,40.87,40.97,40.5,40.73,92732,0
JSW,60,20230529,100000,41.02,41.35,40.76,40.94,60994,0
JSW,60,20230529,110000,40.97,41.31,40.94,40.94,18313,0
JSW,60,20230529,120000,40.9,41.12,40.88,40.92,13676,0
JSW,60,20230529,130000,40.91,41.26,40.91,41.18,19265,0
JSW,60,20230529,140000,41.2,41.25,40.92,40.97,18755,0
JSW,60,20230529,150000,40.99,41.22,40.9,40.96,34535,0
JSW,60,20230529,160000,40.98,41.06,40.78,40.9,28604,0
JSW,60,20230529,170000,40.87,41.25,40.87,41.04,57833,0
JSW,60,20230530,100000,41.03,41.03,40.09,40.25,82515,0
JSW,60,20230530,110000,40.26,40.41,40.18,40.19,23897,0
JSW,60,20230530,120000,40.18,40.7,40.15,40.45,14228,0
JSW,60,20230530,130000,40.5,40.65,40.47,40.54,8240,0
JSW,60,20230530,140000,40.52,40.64,40.47,40.47,15947,0
JSW,60,20230530,150000,40.46,40.48,40.14,40.21,25473,0
JSW,60,20230530,160000,40.24,40.29,39.77,39.8,227847,0
JSW,60,20230530,170000,39.8,39.93,39.62,39.7,115950,0
JSW,60,20230531,100000,39.5,39.7,38.7,39.13,166558,0
JSW,60,20230531,110000,39.13,39.4,39.02,39.11,65223,0
JSW,60,20230531,120000,39.1,39.18,38.88,38.99,35331,0
JSW,60,20230531,130000,39,39.1,38.9,39.03,43819,0
JSW,60,20230531,140000,39.04,39.1,38.9,39.08,30996,0
JSW,60,20230531,150000,39.09,39.36,39,39.12,33575,0
JSW,60,20230531,160000,39.11,39.2,38.73,38.77,76324,0
JSW,60,20230531,170000,38.75,38.88,38.2,38.45,283416,0
