<TICKER>,<PER>,<DATE>,<TIME>,<OPEN>,<HIGH>,<LOW>,<CLOSE>,<VOL>,<OPENINT>
KGH,60,20220804,100000,110,110.55,108.35,109.15,44935,0
KGH,60,20220804,110000,108.95,109.65,108.9,109.65,23549,0
KGH,60,20220804,120000,109.65,110.4,109.65,110,20130,0
KGH,60,20220804,130000,110,111.75,109.6,111.2,39183,0
KGH,60,20220804,140000,111,111.35,110.2,110.2,19646,0
KGH,60,20220804,150000,110.25,110.55,109.5,109.7,20042,0
KGH,60,20220804,160000,109.6,109.6,108.65,109.2,58313,0
KGH,60,20220804,170000,109.2,110.25,108.6,109.5,129386,0
KGH,60,20220805,100000,111.5,111.9,110.15,110.75,43314,0
KGH,60,20220805,110000,110.75,110.9,108.8,109,39888,0
KGH,60,20220805,120000,109,109.05,108.1,108.4,25351,0
KGH,60,20220805,130000,108.4,108.4,107.4,107.5,22427,0
KGH,60,20220805,140000,107.5,108.6,107.4,108.3,26737,0
KGH,60,20220805,150000,108.3,109.2,106.6,106.9,45345,0
KGH,60,20220805,160000,106.9,107.4,106.25,107.4,37037,0
KGH,60,20220805,170000,107.4,109.35,107.4,109,142640,0
KGH,60,20220808,100000,110.15,111.55,109.6,110.65,40117,0
KGH,60,20220808,110000,110.95,110.95,109.7,110.05,15228,0
KGH,60,20220808,120000,110.15,111.5,110.15,111.35,19756,0
KGH,60,20220808,130000,111.3,112,111.3,111.6,35529,0
KGH,60,20220808,140000,111.6,112,111.25,111.95,27100,0
KGH,60,20220808,150000,111.9,114.3,111.55,114.25,64779,0
KGH,60,20220808,160000,114.35,114.55,113.8,114.4,44745,0
KGH,60,20220808,170000,114.4,115,113.55,115,137273,0
KGH,60,20220809,100000,114.75,114.8,113.1,113.65,44318,0
KGH,60,20220809,110000,113.55,114.55,113.45,114.45,18017,0
KGH,60,20220809,120000,114.45,114.9,114.35,114.6,25147,0
KGH,60,20220809,130000,114.45,114.6,112.95,113.25,21202,0
KGH,60,20220809,140000,113.25,113.55,112.3,112.8,26413,0
KGH,60,20220809,150000,112.7,113.5,112.6,112.9,22011,0
KGH,60,20220809,160000,112.85,113.95,112.45,113.6,26627,0
KGH,60,20220809,170000,113.4,113.8,113.2,113.45,63909,0
KGH,60,20220810,100000,112,112.3,111.2,111.75,33300,0
KGH,60,20220810,110000,111.7,111.9,110.6,111.85,27779,0
KGH,60,20220810,120000,111.7,111.8,111.4,111.55,8948,0
KGH,60,20220810,130000,111.5,111.5,109.9,110.4,43638,0
KGH,60,20220810,140000,110.35,110.4,109.35,109.65,46997,0
KGH,60,20220810,150000,109.75,114.7,109.3,113.35,138484,0
KGH,60,20220810,160000,113.05,113.75,111.65,112.55,72459,0
KGH,60,20220810,170000,112.55,113.4,112.45,113.35,106053,0
KGH,60,20220811,100000,114.5,115.55,113.7,114.1,55005,0
KGH,60,20220811,110000,113.9,114.85,113.05,114.65,27326,0
KGH,60,20220811,120000,114.65,114.9,114.2,114.75,51032,0
KGH,60,20220811,130000,114.75,114.8,114.4,114.5,13472,0
KGH,60,20220811,140000,114.5,114.9,114.45,114.8,20564,0
KGH,60,20220811,150000,114.9,115.1,114.5,114.85,65610,0
KGH,60,20220811,160000,114.75,114.8,113.35,114.35,34851,0
KGH,60,20220811,170000,114.3,115.9,114.1,115.9,276937,0
KGH,60,20220812,100000,115.3,115.75,113.35,114.15,54103,0
KGH,60,20220812,110000,114.2,115.3,113.65,113.65,45282,0
KGH,60,20220812,120000,113.65,114.4,113.6,114.2,18847,0
KGH,60,20220812,130000,114.05,114.05,112.6,112.75,59608,0
KGH,60,20220812,140000,112.7,112.75,112,112.55,39328,0
KGH,60,20220812,150000,112.45,112.7,111.95,112.45,40641,0
KGH,60,20220812,160000,112.5,113.15,112.4,113,47972,0
KGH,60,20220812,170000,113,113.55,112.65,113.55,98213,0
KGH,60,20220816,100000,113.25,114.4,112,114.05,59240,0
KGH,60,20220816,110000,114.05,115.15,113.95,114.05,59037,0
KGH,60,20220816,120000,114.05,114.45,113.65,113.8,22521,0
KGH,60,20220816,130000,114,114.05,113.2,113.7,14241,0
KGH,60,20220816,140000,113.7,114.55,113.25,114.2,24421,0
KGH,60,20220816,150000,114.3,114.65,113.5,114,26402,0
KGH,60,20220816,160000,114.05,114.9,113.6,113.9,56666,0
KGH,60,20220816,170000,113.8,114,112.5,112.8,160766,0
KGH,60,20220817,100000,113,113.05,110.8,111,42514,0
KGH,60,20220817,110000,111,111.65,110.2,110.5,25079,0
KGH,60,20220817,120000,110.8,110.9,109.65,110.5,39743,0
KGH,60,20220817,130000,110.5,110.85,110.1,110.35,15170,0
KGH,60,20220817,140000,110.3,110.4,109.5,109.65,23409,0
KGH,60,20220817,150000,109.65,109.95,109.15,109.15,25284,0
KGH,60,20220817,160000,109.15,109.5,108.4,109.35,44089,0
KGH,60,20220817,170000,109.2,109.35,108.5,108.75,108014,0
KGH,60,20220818,100000,107,108.6,102.55,103.1,271526,0
KGH,60,20220818,110000,103.1,103.35,101,101.9,217351,0
KGH,60,20220818,120000,101.95,104.35,101.9,103.8,151876,0
KGH,60,20220818,130000,103.75,105,103.75,104,106104,0
KGH,60,20220818,140000,103.95,105.4,103.25,105.4,90066,0
KGH,60,20220818,150000,105.4,106,104.8,105.5,74478,0
KGH,60,20220818,160000,105.15,106.75,105,106.05,87746,0
KGH,60,20220818,170000,106,106.65,105.15,106.2,177764,0
KGH,60,20220819,100000,105,105.65,104,105.35,45627,0
KGH,60,20220819,110000,105.45,105.45,103.3,104.3,52337,0
KGH,60,20220819,120000,104.05,104.25,102.85,104,68400,0
KGH,60,20220819,130000,104.1,104.3,102.9,103.2,76212,0
KGH,60,20220819,140000,103.1,103.65,102.55,103.3,81206,0
KGH,60,20220819,150000,103.25,103.3,102.5,103.1,56930,0
KGH,60,20220819,160000,103.1,104.1,102.3,102.5,77613,0
KGH,60,20220819,170000,102.5,102.85,101.7,101.7,194317,0
KGH,60,20220822,100000,101.6,101.8,99.5,100.15,131335,0
KGH,60,20220822,110000,100.3,100.35,99.1,100.25,85353,0
KGH,60,20220822,120000,100.35,100.5,99.42,100.5,45872,0
KGH,60,20220822,130000,100.5,102.05,100.5,101.8,35267,0
KGH,60,20220822,140000,101.75,101.8,100.65,101,24200,0
KGH,60,20220822,150000,101.05,102,100.85,101.95,32549,0
KGH,60,20220822,160000,101.9,102.2,101.05,101.1,29282,0
KGH,60,20220822,170000,101.15,102.4,101,102,88395,0
KGH,60,20220823,100000,102,103.15,101.6,102.6,57531,0
KGH,60,20220823,110000,102.7,102.95,101.2,101.3,41043,0
KGH,60,20220823,120000,101.25,101.65,101.1,101.4,40633,0
KGH,60,20220823,130000,101.55,102.5,101.15,102.2,44776,0
KGH,60,20220823,140000,102.25,102.35,101.2,101.4,35967,0
KGH,60,20220823,150000,101.3,102.2,101.2,101.7,44940,0
KGH,60,20220823,160000,101.6,103,101.4,102.95,103555,0
KGH,60,20220823,170000,102.95,105.3,102.85,104.2,257192,0
KGH,60,20220824,100000,103.45,103.45,101.1,102.1,64470,0
KGH,60,20220824,110000,102.25,103.15,101.95,102.7,26973,0
KGH,60,20220824,120000,102.75,103,101.8,102,48773,0
KGH,60,20220824,130000,102.2,102.2,100.55,100.75,37424,0
KGH,60,20220824,140000,100.75,101.15,100.45,100.8,28413,0
KGH,60,20220824,150000,100.85,101.3,99.8,100.3,75105,0
KGH,60,20220824,160000,100.3,100.8,99.96,100.3,34380,0
KGH,60,20220824,170000,100.3,100.8,100.05,100.8,98301,0
KGH,60,20220825,100000,101.95,103.5,101.95,102.1,70247,0
KGH,60,20220825,110000,102.15,102.5,101.8,102.2,27687,0
KGH,60,20220825,120000,102.05,102.05,99.86,99.94,98255,0
KGH,60,20220825,130000,99.92,100.45,99.9,100.1,22293,0
KGH,60,20220825,140000,100.05,100.65,100,100.4,23394,0
KGH,60,20220825,150000,100.4,100.45,99.6,99.7,54685,0
KGH,60,20220825,160000,99.7,100.8,99.6,100.65,63605,0
KGH,60,20220825,170000,100.65,102.2,100.55,102,146760,0
KGH,60,20220826,100000,102.8,103.8,101.35,102.7,112193,0
KGH,60,20220826,110000,102.7,103.2,102.5,103.1,84874,0
KGH,60,20220826,120000,103.1,103.4,103,103.3,64695,0
KGH,60,20220826,130000,103.25,103.75,103.1,103.7,80425,0
KGH,60,20220826,140000,103.65,103.7,103.05,103.35,47181,0
KGH,60,20220826,150000,103.35,103.6,103.05,103.45,54383,0
KGH,60,20220826,160000,103.4,104.55,102.9,103.3,150873,0
KGH,60,20220826,170000,103.25,103.25,101.85,102.95,230054,0
KGH,60,20220829,100000,99.9,99.9,96.62,97.3,256272,0
KGH,60,20220829,110000,97.24,97.62,96.54,96.62,90724,0
KGH,60,20220829,120000,96.62,96.72,95.3,96.16,94418,0
KGH,60,20220829,130000,96.16,96.54,95.7,95.98,55433,0
KGH,60,20220829,140000,95.84,96.84,95.32,96.82,71015,0
KGH,60,20220829,150000,96.8,97.1,95.82,96,58708,0
KGH,60,20220829,160000,96.04,96.86,95.72,96,64677,0
KGH,60,20220829,170000,96,96.88,95.9,96.24,138956,0
KGH,60,20220830,100000,96.46,96.5,94.5,95.28,152291,0
KGH,60,20220830,110000,95.28,96.4,95.28,96.2,55956,0
KGH,60,20220830,120000,96.3,96.66,95.84,96.08,55256,0
KGH,60,20220830,130000,96.04,96.52,95.9,96.08,48005,0
KGH,60,20220830,140000,96.08,96.84,95.9,96.7,38937,0
KGH,60,20220830,150000,96.6,97.2,95.98,96.3,59933,0
KGH,60,20220830,160000,96.22,96.3,95.26,95.56,57155,0
KGH,60,20220830,170000,95.68,95.68,93.76,93.76,234089,0
KGH,60,20220831,100000,94.02,94.5,91.74,92.02,103388,0
KGH,60,20220831,110000,92.04,92.2,90.34,91.86,113341,0
KGH,60,20220831,120000,91.86,91.86,90.66,91.4,52279,0
KGH,60,20220831,130000,91.4,91.4,89.56,89.76,105242,0
KGH,60,20220831,140000,89.88,90.28,89.4,89.72,58421,0
KGH,60,20220831,150000,89.64,90.86,89.62,90.02,60658,0
KGH,60,20220831,160000,90.02,90.26,88.96,89.3,128206,0
KGH,60,20220831,170000,89.3,89.4,88.42,88.5,572997,0
KGH,60,20220901,100000,87.5,87.58,85.28,85.58,172925,0
KGH,60,20220901,110000,85.62,85.84,84.44,84.84,136580,0
KGH,60,20220901,120000,84.84,85.6,84.52,85.02,122848,0
KGH,60,20220901,130000,85.08,86.4,84.9,86.2,84718,0
KGH,60,20220901,140000,86.28,87.38,86.16,86.5,389637,0
KGH,60,20220901,150000,86.48,86.54,85.56,85.8,41700,0
KGH,60,20220901,160000,85.68,86.36,84.7,84.9,72858,0
KGH,60,20220901,170000,84.9,85.38,84.22,84.22,211462,0
KGH,60,20220902,100000,86,86.22,83.7,85.18,122341,0
KGH,60,20220902,110000,85.28,86.8,84.9,86.32,67055,0
KGH,60,20220902,120000,86.3,86.36,85.02,85.92,43967,0
KGH,60,20220902,130000,86,86.22,85.36,85.56,40822,0
KGH,60,20220902,140000,85.4,85.58,84.8,85.14,32423,0
KGH,60,20220902,150000,85.22,85.94,84.68,85.64,44509,0
KGH,60,20220902,160000,85.48,86.46,85.22,85.84,65148,0
KGH,60,20220902,170000,85.88,87.62,85.18,87.62,122291,0
KGH,60,20220905,100000,87,88.34,86.08,87.3,57084,0
KGH,60,20220905,110000,87.08,87.36,85.84,87.12,38122,0
KGH,60,20220905,120000,87.02,88.9,86.5,88.86,48608,0
KGH,60,20220905,130000,88.9,88.94,88,88.06,118552,0
KGH,60,20220905,140000,88.16,88.68,88.02,88.68,18251,0
KGH,60,20220905,150000,88.54,89.34,88.26,89.04,118725,0
KGH,60,20220905,160000,89.12,89.3,88.18,88.5,37639,0
KGH,60,20220905,170000,88.42,89.36,88.38,88.66,102005,0
KGH,60,20220906,100000,89.8,91.8,89.8,90.78,66612,0
KGH,60,20220906,110000,90.78,91,88.06,88.06,216356,0
KGH,60,20220906,120000,88.06,88.06,86.76,87.72,208764,0
KGH,60,20220906,130000,87.72,87.88,86.76,86.88,40272,0
KGH,60,20220906,140000,86.8,87.24,86.5,87.24,25293,0
KGH,60,20220906,150000,87.24,87.68,87,87.62,22573,0
KGH,60,20220906,160000,87.46,88.4,86.1,86.44,49962,0
KGH,60,20220906,170000,86.4,86.44,84.88,86,144778,0
KGH,60,20220907,100000,84.94,86.18,83.8,84.88,92930,0
KGH,60,20220907,110000,84.9,85.86,84.62,85.14,68762,0
KGH,60,20220907,120000,85.16,85.24,84.1,85,41075,0
KGH,60,20220907,130000,85.14,85.3,84.66,84.68,40937,0
KGH,60,20220907,140000,84.68,85.1,84.4,84.58,33447,0
KGH,60,20220907,150000,84.64,84.72,83.22,83.42,96374,0
KGH,60,20220907,160000,83.42,84.02,83.12,83.5,69897,0
KGH,60,20220907,170000,83.44,84.66,83,84.5,183867,0
KGH,60,20220908,100000,86,86.38,84.7,85.08,73841,0
KGH,60,20220908,110000,85.14,85.76,84.66,85.54,63144,0
KGH,60,20220908,120000,85.54,85.96,85.5,85.56,44373,0
KGH,60,20220908,130000,85.68,86.98,85.5,86.98,60261,0
KGH,60,20220908,140000,86.9,87.34,86.2,87.32,37606,0
KGH,60,20220908,150000,87.38,87.5,85.82,86.3,106696,0
KGH,60,20220908,160000,86.3,86.7,85.1,85.56,61440,0
KGH,60,20220908,170000,85.64,86.18,85.16,85.8,151307,0
KGH,60,20220909,100000,89,94,88.66,93.5,350287,0
KGH,60,20220909,110000,93.5,94.28,92.44,94,106098,0
KGH,60,20220909,120000,93.96,94.38,93.26,93.26,181639,0
KGH,60,20220909,130000,93.32,94,93.08,93.54,85966,0
KGH,60,20220909,140000,93.68,93.68,92.68,93,56170,0
KGH,60,20220909,150000,93.02,93.38,92.74,93.16,65538,0
KGH,60,20220909,160000,93.06,93.16,91.38,91.94,143114,0
KGH,60,20220909,170000,92,92.98,92,92.94,154041,0
KGH,60,20220912,100000,95.22,96.82,94.28,96.28,118898,0
KGH,60,20220912,110000,96.1,97.98,96.04,97.76,145798,0
KGH,60,20220912,120000,97.7,97.88,96.42,96.42,65634,0
KGH,60,20220912,130000,96.42,96.84,96.04,96.04,36853,0
KGH,60,20220912,140000,96.08,96.56,95.72,96.46,38298,0
KGH,60,20220912,150000,96.46,96.72,95.28,96.3,46432,0
KGH,60,20220912,160000,96.28,96.44,95.46,95.7,46309,0
KGH,60,20220912,170000,95.72,95.92,94.98,95.64,204501,0
KGH,60,20220913,100000,97.1,97.3,95.6,96.18,43613,0
KGH,60,20220913,110000,96.14,96.24,95.2,95.68,27561,0
KGH,60,20220913,120000,95.68,96.5,95.44,96,24306,0
KGH,60,20220913,130000,96,96.46,95.96,96.38,17471,0
KGH,60,20220913,140000,96.48,97.18,96.36,96.86,32768,0
KGH,60,20220913,150000,96.82,97.46,93.52,93.74,94826,0
KGH,60,20220913,160000,93.54,93.72,92.24,92.44,109964,0
KGH,60,20220913,170000,92.46,93.26,91.82,92.06,251411,0
KGH,60,20220914,100000,91,93.04,90,92.1,55768,0
KGH,60,20220914,110000,92.24,92.24,90.68,91.6,46309,0
KGH,60,20220914,120000,91.6,92.38,91.22,91.8,26194,0
KGH,60,20220914,130000,91.8,91.8,91,91.42,20919,0
KGH,60,20220914,140000,91.46,91.6,89.5,89.72,65451,0
KGH,60,20220914,150000,89.72,91.58,89.72,91.16,32946,0
KGH,60,20220914,160000,91.3,91.46,90.06,90.64,51209,0
KGH,60,20220914,170000,90.64,90.68,89.04,89.6,332678,0
KGH,60,20220915,100000,90.5,92.14,90.02,91.22,63147,0
KGH,60,20220915,110000,91.2,91.76,90.76,91.36,44725,0
KGH,60,20220915,120000,91.46,91.82,91.14,91.5,33405,0
KGH,60,20220915,130000,91.52,92.1,91.2,91.5,35065,0
KGH,60,20220915,140000,91.5,91.7,91,91.4,24259,0
KGH,60,20220915,150000,91.48,91.82,91.14,91.38,44293,0
KGH,60,20220915,160000,91.32,92.3,91,91.96,88764,0
KGH,60,20220915,170000,92,92.26,91.04,91.04,211386,0
KGH,60,20220916,100000,89.5,89.9,87.74,89.22,189896,0
KGH,60,20220916,110000,89.22,89.42,88.16,88.5,46362,0
KGH,60,20220916,120000,88.46,89.1,88.3,89.04,62874,0
KGH,60,20220916,130000,88.9,88.96,87.92,88.02,49223,0
KGH,60,20220916,140000,87.98,88.04,87.34,87.84,72386,0
KGH,60,20220916,150000,87.84,87.96,87.3,87.66,49398,0
KGH,60,20220916,160000,87.66,88.64,87.3,87.96,154027,0
KGH,60,20220916,170000,87.96,90.02,87.94,88.92,951904,0
KGH,60,20220919,100000,88.62,89.6,88.52,89.34,43200,0
KGH,60,20220919,110000,89.48,90.78,88.7,88.82,76477,0
KGH,60,20220919,120000,88.86,89.74,88.68,89.66,12910,0
KGH,60,20220919,130000,89.74,89.82,89.2,89.52,14105,0
KGH,60,20220919,140000,89.52,89.78,89,89,14222,0
KGH,60,20220919,150000,89.06,89.26,88.16,88.52,39449,0
KGH,60,20220919,160000,88.52,89.82,88.22,89.68,41455,0
KGH,60,20220919,170000,89.7,90.22,89.4,89.8,242345,0
KGH,60,20220920,100000,90.56,91.4,89.78,89.98,62200,0
KGH,60,20220920,110000,89.76,90.24,89.2,89.2,26067,0
KGH,60,20220920,120000,89.34,89.72,88.66,88.98,27800,0
KGH,60,20220920,130000,88.98,89.08,88.04,88.28,37029,0
KGH,60,20220920,140000,88.28,88.78,88.12,88.44,49955,0
KGH,60,20220920,150000,88.44,88.84,87.82,87.96,46700,0
KGH,60,20220920,160000,87.88,88.52,86.5,86.94,70924,0
KGH,60,20220920,170000,86.94,87.34,86.7,86.84,141631,0
KGH,60,20220921,100000,87.14,88.92,86.8,88.6,62131,0
KGH,60,20220921,110000,88.6,88.66,87.78,87.92,36011,0
KGH,60,20220921,120000,87.78,88.96,87.38,88.96,49068,0
KGH,60,20220921,130000,88.92,89.9,88.8,89.84,41936,0
KGH,60,20220921,140000,89.78,90.18,89.44,89.7,38880,0
KGH,60,20220921,150000,89.72,90.7,89.58,90.5,38357,0
KGH,60,20220921,160000,90.48,90.72,89.96,90.48,43456,0
KGH,60,20220921,170000,90.4,90.98,90.1,90.1,225231,0
KGH,60,20220922,100000,88.5,89.56,87.8,88.8,71565,0
KGH,60,20220922,110000,88.82,90.82,88.78,90.08,61629,0
KGH,60,20220922,120000,90.1,90.48,89.14,89.62,30808,0
KGH,60,20220922,130000,89.6,90.4,89.36,90.16,25045,0
KGH,60,20220922,140000,90.2,90.96,89.7,90.92,44892,0
KGH,60,20220922,150000,90.7,91.58,90.16,91.34,39284,0
KGH,60,20220922,160000,91.34,91.46,89.58,90.02,29975,0
KGH,60,20220922,170000,90.04,90.94,89.82,90.48,143628,0
KGH,60,20220923,100000,90,90,87.54,87.82,284229,0
KGH,60,20220923,110000,87.84,88.46,87.2,87.94,84858,0
KGH,60,20220923,120000,87.74,88.28,87.12,87.58,55292,0
KGH,60,20220923,130000,87.5,87.5,85.8,86,154087,0
KGH,60,20220923,140000,86.22,87.28,86.2,87,53736,0
KGH,60,20220923,150000,87,87.04,86.1,86.4,60424,0
KGH,60,20220923,160000,86.28,86.56,85.6,85.72,84516,0
KGH,60,20220923,170000,85.62,85.78,85,85,227255,0
KGH,60,20220926,100000,83.18,83.84,81.26,82.34,230954,0
KGH,60,20220926,110000,82.34,83.24,82,83.02,70070,0
KGH,60,20220926,120000,83.08,84.4,83.08,83.56,60652,0
KGH,60,20220926,130000,83.4,84.4,83.4,83.72,57607,0
KGH,60,20220926,140000,83.64,83.92,82.02,82.5,81390,0
KGH,60,20220926,150000,82.44,84.2,82.28,83.46,68040,0
KGH,60,20220926,160000,83.42,84.5,82.18,84.38,104032,0
KGH,60,20220926,170000,84.52,85.86,84.42,84.42,329810,0
KGH,60,20220927,100000,85,86.68,84.96,85.78,107207,0
KGH,60,20220927,110000,85.78,86.48,85.74,85.8,59635,0
KGH,60,20220927,120000,85.8,86.16,85.28,85.82,37185,0
KGH,60,20220927,130000,85.82,86.42,85.74,86.06,70638,0
KGH,60,20220927,140000,86.16,86.7,86.16,86.36,38179,0
KGH,60,20220927,150000,86.24,86.42,85.4,85.66,81926,0
KGH,60,20220927,160000,85.64,85.64,84.7,85.14,197099,0
KGH,60,20220927,170000,85.14,85.3,84.3,85.16,252476,0
KGH,60,20220928,100000,82.5,83.44,81.1,81.6,352693,0
KGH,60,20220928,110000,81.58,82.2,81.06,81.26,283933,0
KGH,60,20220928,120000,81.4,81.42,80.68,81.28,98155,0
KGH,60,20220928,130000,81.24,82.32,80.82,82.02,224284,0
KGH,60,20220928,140000,82,82.06,81.14,81.9,80950,0
KGH,60,20220928,150000,81.9,84,81.9,83.5,151048,0
KGH,60,20220928,160000,83.6,84.64,82.92,84.36,133955,0
KGH,60,20220928,170000,84.34,84.64,83.86,84.22,325870,0
KGH,60,20220929,100000,84.9,85.32,83.36,84.78,136803,0
KGH,60,20220929,110000,84.78,85.46,84.34,85.14,99021,0
KGH,60,20220929,120000,85.22,86.66,85.2,86.62,123178,0
KGH,60,20220929,130000,86.62,88.04,86.6,87.2,188742,0
KGH,60,20220929,140000,87.22,87.86,86.74,87.48,77421,0
KGH,60,20220929,150000,87.48,87.52,84.94,85.58,133900,0
KGH,60,20220929,160000,85.54,85.98,84.32,84.98,100594,0
KGH,60,20220929,170000,85,85,83.52,84.36,290663,0
KGH,60,20220930,100000,86.54,87.8,85.76,86.88,108061,0
KGH,60,20220930,110000,86.88,87,85.78,86.7,47287,0
KGH,60,20220930,120000,86.74,87.54,86.26,87.04,49870,0
KGH,60,20220930,130000,87.12,87.7,86.96,87.22,46008,0
KGH,60,20220930,140000,87.1,87.46,85.52,86.16,36555,0
KGH,60,20220930,150000,86.16,87.4,85.54,87.26,51413,0
KGH,60,20220930,160000,87.26,87.94,86.2,87.94,67236,0
KGH,60,20220930,170000,87.94,87.94,87.12,87.66,143487,0
KGH,60,20221003,100000,86.4,87.48,86.18,87.42,56365,0
KGH,60,20221003,110000,87.2,88.32,86.68,87.68,48374,0
KGH,60,20221003,120000,87.66,88.24,87,87.68,40023,0
KGH,60,20221003,130000,87.68,87.88,87.38,87.54,17703,0
KGH,60,20221003,140000,87.42,88.06,86.88,87.78,59304,0
KGH,60,20221003,150000,87.74,88.7,87.54,88.38,58722,0
KGH,60,20221003,160000,88.4,89.58,88.34,89.46,77302,0
KGH,60,20221003,170000,89.46,92.98,89.36,92.92,310538,0
KGH,60,20221004,100000,96.5,97.94,95.9,96.26,191820,0
KGH,60,20221004,110000,96.28,96.6,94.42,94.5,86553,0
KGH,60,20221004,120000,94.5,96,94.26,95.82,74836,0
KGH,60,20221004,130000,95.72,96,94.64,94.64,42251,0
KGH,60,20221004,140000,94.68,95.32,94.6,95.32,36204,0
KGH,60,20221004,150000,95.34,95.38,94.02,94.84,39932,0
KGH,60,20221004,160000,94.82,96,94.56,95.9,62592,0
KGH,60,20221004,170000,95.9,97,95.86,97,157610,0
KGH,60,20221005,100000,97,97,94.44,94.44,69449,0
KGH,60,20221005,110000,94.62,94.94,93.54,94.44,56706,0
KGH,60,20221005,120000,94.46,94.5,93.42,93.42,33289,0
KGH,60,20221005,130000,93.54,94.34,93.42,94.08,21612,0
KGH,60,20221005,140000,94.1,94.64,93.6,93.82,25123,0
KGH,60,20221005,150000,93.82,94.92,93.56,94.78,41617,0
KGH,60,20221005,160000,94.68,95.18,93.9,95.04,39994,0
KGH,60,20221005,170000,95.04,95.04,92.94,93.56,134530,0
KGH,60,20221006,100000,96,96.32,94.72,95.46,47001,0
KGH,60,20221006,110000,95.3,95.38,93.6,93.88,36674,0
KGH,60,20221006,120000,94,94.08,92.8,92.86,37831,0
KGH,60,20221006,130000,92.86,93.1,92.1,92.32,24450,0
KGH,60,20221006,140000,92.32,93.04,92.28,92.4,22227,0
KGH,60,20221006,150000,92.38,93.52,92.12,92.7,28215,0
KGH,60,20221006,160000,92.9,93.34,92.32,92.34,33181,0
KGH,60,20221006,170000,92.32,92.56,91.26,92.2,137274,0
KGH,60,20221007,100000,91.36,92.2,90.6,91.06,53437,0
KGH,60,20221007,110000,91.28,91.9,90.74,91.5,21196,0
KGH,60,20221007,120000,91.46,92.76,91.46,91.98,17524,0
KGH,60,20221007,130000,91.98,92.28,91.36,91.68,11557,0
KGH,60,20221007,140000,91.72,92.12,91.54,91.76,8521,0
KGH,60,20221007,150000,91.98,92.68,90.5,90.76,39437,0
KGH,60,20221007,160000,90.76,91.38,90.06,90.36,58832,0
KGH,60,20221007,170000,90.22,91.16,89.92,91,142871,0
KGH,60,20221010,100000,90.8,91.58,90.3,90.94,31861,0
KGH,60,20221010,110000,90.8,90.8,89.14,89.32,33450,0
KGH,60,20221010,120000,89.36,90.76,89.36,90.46,41685,0
KGH,60,20221010,130000,90.4,90.62,89.72,89.8,20996,0
KGH,60,20221010,140000,89.8,90.7,89.8,90.5,12504,0
KGH,60,20221010,150000,90.5,91.46,90.4,91.24,54260,0
KGH,60,20221010,160000,91.24,91.5,90.1,90.7,42065,0
KGH,60,20221010,170000,90.54,90.98,89.82,89.88,149117,0
KGH,60,20221011,100000,89,89,87.98,88.4,57330,0
KGH,60,20221011,110000,88.46,88.68,87.42,87.5,54885,0
KGH,60,20221011,120000,87.5,88.44,87.1,87.3,90868,0
KGH,60,20221011,130000,87.26,88.5,87.02,88.16,68153,0
KGH,60,20221011,140000,88.16,89.82,88.02,89.3,51825,0
KGH,60,20221011,150000,89.3,90.92,89.3,89.54,52728,0
KGH,60,20221011,160000,89.54,89.74,87.4,87.4,81422,0
KGH,60,20221011,170000,87.4,89.2,87.4,89.08,190865,0
KGH,60,20221012,100000,89.78,90.9,88.58,88.58,81141,0
KGH,60,20221012,110000,88.76,89.82,88.76,89.04,34438,0
KGH,60,20221012,120000,89.06,90.16,88.84,89.7,34025,0
KGH,60,20221012,130000,89.64,90,88.54,88.7,37432,0
KGH,60,20221012,140000,88.62,88.66,87.8,87.82,43309,0
KGH,60,20221012,150000,87.8,88.74,87.3,88.16,91179,0
KGH,60,20221012,160000,88.04,88.04,86.64,86.94,83637,0
KGH,60,20221012,170000,86.94,87.54,86.7,87.54,351999,0
KGH,60,20221013,100000,87.06,88.46,86.62,88.02,35982,0
KGH,60,20221013,110000,88.16,89.46,87.86,89.18,45305,0
KGH,60,20221013,120000,89.2,89.6,88.38,89,36695,0
KGH,60,20221013,130000,89,89.08,88,88.5,20223,0
KGH,60,20221013,140000,88.5,88.94,88.3,88.72,25287,0
KGH,60,20221013,150000,88.6,89.08,85.9,86.24,141623,0
KGH,60,20221013,160000,86.5,87.98,86.08,87.88,69140,0
KGH,60,20221013,170000,87.88,88.4,87,87.92,135995,0
KGH,60,20221014,100000,91.2,91.68,89.08,89.38,105097,0
KGH,60,20221014,110000,89.16,89.9,88.9,89.6,53700,0
KGH,60,20221014,120000,89.6,89.86,89.32,89.66,31920,0
KGH,60,20221014,130000,89.56,89.78,89.2,89.6,43548,0
KGH,60,20221014,140000,89.54,89.7,88.3,88.6,59550,0
KGH,60,20221014,150000,88.68,90.14,88.4,90.06,66053,0
KGH,60,20221014,160000,90.14,91.18,90,90.6,171861,0
KGH,60,20221014,170000,90.52,90.76,88.28,88.54,267811,0
KGH,60,20221017,100000,89.78,90.28,88.22,89.12,33086,0
KGH,60,20221017,110000,88.82,88.94,87.82,88.34,25892,0
KGH,60,20221017,120000,88.34,88.34,87.54,87.68,49303,0
KGH,60,20221017,130000,87.68,87.9,87.12,87.22,45521,0
KGH,60,20221017,140000,87.24,87.66,87.1,87.66,43334,0
KGH,60,20221017,150000,87.64,89.58,87.64,89.1,37522,0
KGH,60,20221017,160000,89.1,90.26,89,90.06,81082,0
KGH,60,20221017,170000,90,90.88,90,90.6,153822,0
KGH,60,20221018,100000,91.1,91.88,90,91.88,119240,0
KGH,60,20221018,110000,91.88,92.3,89.82,90.1,144225,0
KGH,60,20221018,120000,90.08,91.02,89.98,90.6,59710,0
KGH,60,20221018,130000,90.58,90.94,90.14,90.32,33772,0
KGH,60,20221018,140000,90.42,91.58,90.3,91.5,63999,0
KGH,60,20221018,150000,91.48,92.22,91.42,92.1,74061,0
KGH,60,20221018,160000,92.16,92.16,90.26,90.4,68028,0
KGH,60,20221018,170000,90.4,90.8,89.32,90.22,145808,0
KGH,60,20221019,100000,89,89.74,88.06,88.1,73792,0
KGH,60,20221019,110000,88.1,89,87.62,88.84,62666,0
KGH,60,20221019,120000,89.06,89.06,88.1,89.06,26710,0
KGH,60,20221019,130000,89.04,89.04,88.12,88.3,32052,0
KGH,60,20221019,140000,88.3,88.92,88.14,88.74,24872,0
KGH,60,20221019,150000,88.74,89.1,88.02,88.36,46906,0
KGH,60,20221019,160000,88.4,89.22,88,88.64,43862,0
KGH,60,20221019,170000,88.76,89.78,88.54,88.54,139612,0
KGH,60,20221020,100000,88.74,89.08,88,88.54,51266,0
KGH,60,20221020,110000,88.54,89.2,88.42,88.56,21650,0
KGH,60,20221020,120000,88.62,89.12,88.52,88.88,16856,0
KGH,60,20221020,130000,88.94,89.76,88.8,89.76,19048,0
KGH,60,20221020,140000,89.62,90.34,89.62,90.24,41988,0
KGH,60,20221020,150000,90.3,90.38,89.32,89.32,26716,0
KGH,60,20221020,160000,89.4,90.86,89.28,90.76,42801,0
KGH,60,20221020,170000,90.7,92.4,90.68,92.08,189042,0
KGH,60,20221021,100000,90.58,90.58,89.3,89.42,65361,0
KGH,60,20221021,110000,89.32,89.54,88.9,89.26,44016,0
KGH,60,20221021,120000,89.26,89.46,88.28,88.44,63330,0
KGH,60,20221021,130000,88.58,89.26,88.48,89.08,24793,0
KGH,60,20221021,140000,89.3,89.34,88.64,88.68,18011,0
KGH,60,20221021,150000,88.68,88.98,88.32,88.98,35814,0
KGH,60,20221021,160000,88.96,89.88,88.84,89.74,51576,0
KGH,60,20221021,170000,89.88,90.66,89.62,89.84,164100,0
KGH,60,20221024,100000,90.9,91.5,89.9,90.14,51378,0
KGH,60,20221024,110000,90.14,90.7,89.1,90.7,42568,0
KGH,60,20221024,120000,90.7,91.46,90.62,91.2,75064,0
KGH,60,20221024,130000,91.2,91.24,90.02,90.38,60348,0
KGH,60,20221024,140000,90.36,91.1,90.12,90.96,33341,0
KGH,60,20221024,150000,91,91,90.5,90.66,41598,0
KGH,60,20221024,160000,90.66,90.94,90.2,90.58,76876,0
KGH,60,20221024,170000,90.6,90.74,89.7,90,182251,0
KGH,60,20221025,100000,90.5,90.68,89.3,90,50259,0
KGH,60,20221025,110000,89.98,90.5,89.38,90.02,60377,0
KGH,60,20221025,120000,90.04,90.04,88.5,88.64,62093,0
KGH,60,20221025,130000,88.7,88.88,88.4,88.58,59558,0
KGH,60,20221025,140000,88.56,88.9,88.4,88.54,44399,0
KGH,60,20221025,150000,88.56,88.82,87.98,88.32,72792,0
KGH,60,20221025,160000,88.4,91.36,88.32,91.16,78897,0
KGH,60,20221025,170000,91.16,91.16,90.28,90.88,167563,0
KGH,60,20221026,100000,91,92.48,90.4,92.44,116097,0
KGH,60,20221026,110000,92.48,93.46,92,93.36,97414,0
KGH,60,20221026,120000,93.36,93.38,92.32,92.52,32314,0
KGH,60,20221026,130000,92.38,93.12,92.32,93.1,21455,0
KGH,60,20221026,140000,93.1,93.3,92.48,92.74,21109,0
KGH,60,20221026,150000,92.68,93.3,92.38,92.88,23547,0
KGH,60,20221026,160000,92.88,94.3,92.8,93.94,84048,0
KGH,60,20221026,170000,94.08,95.38,94.08,95.38,211144,0
KGH,60,20221027,100000,95,95.4,93.7,94.56,76683,0
KGH,60,20221027,110000,94.52,95.12,94.06,94.32,26308,0
KGH,60,20221027,120000,94.24,94.38,93.12,93.9,51338,0
KGH,60,20221027,130000,93.98,94.46,93.46,93.84,31868,0
KGH,60,20221027,140000,93.9,94.28,93.72,94.28,24394,0
KGH,60,20221027,150000,94.18,95.08,94.14,94.96,47520,0
KGH,60,20221027,160000,95,95.98,94.14,94.78,95636,0
KGH,60,20221027,170000,94.78,96.34,94.74,96.34,221270,0
KGH,60,20221028,100000,93.5,94.26,92.76,92.98,166379,0
KGH,60,20221028,110000,92.94,93.18,92.18,92.68,129696,0
KGH,60,20221028,120000,92.68,92.98,92.1,92.92,73992,0
KGH,60,20221028,130000,92.94,93.92,92.94,93.82,49324,0
KGH,60,20221028,140000,93.84,94.6,93.48,94.22,43501,0
KGH,60,20221028,150000,94.2,94.48,93.54,94.2,56425,0
KGH,60,20221028,160000,94.1,95.44,94,95.16,76964,0
KGH,60,20221028,170000,95.16,95.34,93.88,94.72,214443,0
KGH,60,20221031,100000,94.36,96.28,93.7,95.06,147058,0
KGH,60,20221031,110000,95.06,96.22,95.06,95.86,80239,0
KGH,60,20221031,120000,95.78,95.88,95.1,95.3,102225,0
KGH,60,20221031,130000,95.4,95.76,94.64,94.86,33830,0
KGH,60,20221031,140000,94.86,95.28,94.14,94.38,43615,0
KGH,60,20221031,150000,94.4,95.38,94.18,95.18,80268,0
KGH,60,20221031,160000,95.08,95.74,94.62,94.76,77403,0
KGH,60,20221031,170000,94.76,95.66,94.6,95.66,671298,0
KGH,60,20221102,100000,97.12,100.45,97.1,99.78,295717,0
KGH,60,20221102,110000,99.8,101.75,99.5,101.3,166000,0
KGH,60,20221102,120000,101.3,101.3,99.46,99.78,103084,0
KGH,60,20221102,130000,99.76,100,98.74,98.8,69280,0
KGH,60,20221102,140000,98.8,99.3,98.22,98.92,70878,0
KGH,60,20221102,150000,98.9,99.4,97.96,98.78,66286,0
KGH,60,20221102,160000,98.78,98.98,96.68,97.14,160467,0
KGH,60,20221102,170000,97.14,99.06,97.04,98.74,315233,0
KGH,60,20221103,100000,96.8,97,95.42,96.98,108970,0
KGH,60,20221103,110000,97,97.5,96.5,96.84,62684,0
KGH,60,20221103,120000,96.82,96.86,95.06,95.1,110679,0
KGH,60,20221103,130000,95.1,95.4,94.6,94.96,86589,0
KGH,60,20221103,140000,94.94,95.72,94.74,94.88,53275,0
KGH,60,20221103,150000,94.88,96.2,94.82,95.2,59159,0
KGH,60,20221103,160000,95.26,97.36,94.94,97.36,72571,0
KGH,60,20221103,170000,97.18,97.6,96.38,97.6,190868,0
KGH,60,20221104,100000,99.9,107,99.8,107,535026,0
KGH,60,20221104,110000,106.6,107.7,105.5,107,240775,0
KGH,60,20221104,120000,107,108.15,106.55,107.75,168464,0
KGH,60,20221104,130000,107.8,108.05,106.2,107,118047,0
KGH,60,20221104,140000,107,107.35,106.2,106.65,151758,0
KGH,60,20221104,150000,106.55,107.95,106.45,107.95,152864,0
KGH,60,20221104,160000,107.9,109.65,107.3,109.2,172214,0
KGH,60,20221104,170000,109.2,109.9,108.6,109,301879,0
KGH,60,20221107,100000,108.95,114.15,107,111,349418,0
KGH,60,20221107,110000,111,113.5,110.9,112.2,117600,0
KGH,60,20221107,120000,112.25,113.2,110.5,111.65,134379,0
KGH,60,20221107,130000,111.65,112.55,110.55,112.5,86263,0
KGH,60,20221107,140000,112.45,112.6,111.3,111.9,51929,0
KGH,60,20221107,150000,111.75,112.4,110.3,110.5,53081,0
KGH,60,20221107,160000,110.55,110.95,108.6,109,142219,0
KGH,60,20221107,170000,109.2,110.55,108.7,109.75,217630,0
KGH,60,20221108,100000,109.45,111.75,109.1,111.1,65046,0
KGH,60,20221108,110000,111.2,111.45,109.65,110.75,47806,0
KGH,60,20221108,120000,110.8,111,109.45,109.6,39018,0
KGH,60,20221108,130000,109.6,110.4,109.6,110.4,30012,0
KGH,60,20221108,140000,110.3,110.6,109.85,110.6,18811,0
KGH,60,20221108,150000,110.65,111.7,110.45,111.3,59604,0
KGH,60,20221108,160000,111.4,111.6,110.5,111.35,66492,0
KGH,60,20221108,170000,111.3,113.9,111.2,113.9,233134,0
KGH,60,20221109,100000,113.7,114.35,112.2,113.3,91428,0
KGH,60,20221109,110000,113.45,114,112.6,113.3,39099,0
KGH,60,20221109,120000,113.4,114,113.05,113.85,35374,0
KGH,60,20221109,130000,113.75,113.95,113.35,113.45,22666,0
KGH,60,20221109,140000,113.45,113.8,112.55,113.25,50755,0
KGH,60,20221109,150000,113.25,114.9,112.95,114.55,90024,0
KGH,60,20221109,160000,114.55,115.5,114,114.75,89962,0
KGH,60,20221109,170000,114.85,115.8,114.5,114.6,184248,0
KGH,60,20221110,100000,113.55,113.85,112.25,112.35,115124,0
KGH,60,20221110,110000,112.4,112.4,111.3,111.9,46576,0
KGH,60,20221110,120000,111.8,112.1,110.5,111.35,40979,0
KGH,60,20221110,130000,111.35,111.8,109.9,110.6,50008,0
KGH,60,20221110,140000,110.5,111.2,110.35,111.15,18894,0
KGH,60,20221110,150000,111.15,116.65,111.15,115.25,145127,0
KGH,60,20221110,160000,115.3,117,114.4,117,87287,0
KGH,60,20221110,170000,117,118.9,116.7,118.9,294876,0
KGH,60,20221114,100000,122.25,128.2,122.25,127.1,406460,0
KGH,60,20221114,110000,127.1,127.3,123.7,124,161279,0
KGH,60,20221114,120000,123.95,124.55,122.65,124.05,117738,0
KGH,60,20221114,130000,124.05,124.5,123.3,123.75,112450,0
KGH,60,20221114,140000,123.75,124.9,122.9,124.9,131397,0
KGH,60,20221114,150000,124.9,125.15,123,124.65,120543,0
KGH,60,20221114,160000,124.65,126.9,123.6,126.7,160864,0
KGH,60,20221114,170000,126.7,127.8,125.65,127.2,443699,0
KGH,60,20221115,100000,128.85,129.75,124.1,124.2,183667,0
KGH,60,20221115,110000,124.3,125.4,122.3,122.45,164896,0
KGH,60,20221115,120000,122.75,123.55,121.35,123.15,77651,0
KGH,60,20221115,130000,123.2,123.95,121.5,122.45,67177,0
KGH,60,20221115,140000,122.45,123.95,122.05,123.95,44222,0
KGH,60,20221115,150000,123.9,126.65,123.55,125.1,147397,0
KGH,60,20221115,160000,125.15,126.05,123.7,125.55,89730,0
KGH,60,20221115,170000,125.55,126,124.2,124.75,167122,0
KGH,60,20221116,100000,121,124.65,118,123.8,261930,0
KGH,60,20221116,110000,123.8,124.25,122,123.9,84514,0
KGH,60,20221116,120000,123.95,124,123,123.15,47868,0
KGH,60,20221116,130000,123.25,123.3,122.35,122.65,39884,0
KGH,60,20221116,140000,122.6,123.45,121.9,123.45,34957,0
KGH,60,20221116,150000,123.4,123.4,121.15,121.45,100563,0
KGH,60,20221116,160000,121.45,122.3,121.25,121.85,78901,0
KGH,60,20221116,170000,121.85,122.6,121.7,122.6,178210,0
KGH,60,20221117,100000,123,124.4,118.55,119.2,130488,0
KGH,60,20221117,110000,119.15,119.15,117.5,118.3,99221,0
KGH,60,20221117,120000,118.15,118.9,117.7,117.7,35638,0
KGH,60,20221117,130000,117.75,118.5,117.4,117.95,37656,0
KGH,60,20221117,140000,117.9,117.9,116.65,116.8,51785,0
KGH,60,20221117,150000,116.75,117.35,116.4,117.25,63337,0
KGH,60,20221117,160000,117.25,117.7,116.55,116.9,73825,0
KGH,60,20221117,170000,116.75,117.3,115.1,115.1,323913,0
KGH,60,20221118,100000,115.6,117.2,113.7,115.3,165563,0
KGH,60,20221118,110000,115.35,117,115,115,112181,0
KGH,60,20221118,120000,115,115.45,113.8,114.15,78044,0
KGH,60,20221118,130000,114.15,115.2,114,114.65,46842,0
KGH,60,20221118,140000,114.65,115.7,114.3,114.6,33003,0
KGH,60,20221118,150000,114.65,115.75,114.4,114.85,37183,0
KGH,60,20221118,160000,114.95,115.05,113.1,113.95,71863,0
KGH,60,20221118,170000,113.95,114.2,112.5,113.95,282884,0
KGH,60,20221121,100000,113,113,110.6,111.05,166533,0
KGH,60,20221121,110000,111,111.5,110.25,110.95,69198,0
KGH,60,20221121,120000,110.95,111.8,110.65,111.65,25263,0
KGH,60,20221121,130000,111.65,111.85,110.25,110.4,33710,0
KGH,60,20221121,140000,110.45,111,110.1,110.35,26334,0
KGH,60,20221121,150000,110.25,111.25,110.2,111.1,51709,0
KGH,60,20221121,160000,110.85,111,109.95,110.8,54063,0
KGH,60,20221121,170000,110.8,111.3,109.7,109.7,153018,0
KGH,60,20221122,100000,110,112.2,110,112,98909,0
KGH,60,20221122,110000,112.05,113.95,111.9,113.7,79450,0
KGH,60,20221122,120000,113.75,114.6,112.9,114.35,128310,0
KGH,60,20221122,130000,114.3,114.75,113.6,114.15,64823,0
KGH,60,20221122,140000,114.15,115.15,114.1,114.5,59039,0
KGH,60,20221122,150000,114.7,116.3,114.7,116.2,76670,0
KGH,60,20221122,160000,116.2,116.2,114,114,100801,0
KGH,60,20221122,170000,114.05,114.5,113.95,114.35,191762,0
KGH,60,20221123,100000,116,117,114.75,115,73115,0
KGH,60,20221123,110000,114.95,115.85,114.85,115.65,26017,0
KGH,60,20221123,120000,115.65,116.1,114.8,115.4,60065,0
KGH,60,20221123,130000,115.4,115.85,114.8,115.7,33170,0
KGH,60,20221123,140000,115.6,116.7,115.4,116.3,87315,0
KGH,60,20221123,150000,116.3,116.3,114.8,115,60209,0
KGH,60,20221123,160000,115,116.25,114.5,115.85,87469,0
KGH,60,20221123,170000,116,116.1,115.05,115.4,116598,0
KGH,60,20221124,100000,116.7,116.75,115.5,115.65,53580,0
KGH,60,20221124,110000,115.65,116.7,115.6,116.1,25619,0
KGH,60,20221124,120000,116.05,116.3,115.65,116.2,73595,0
KGH,60,20221124,130000,116.15,116.2,115.8,116.2,25160,0
KGH,60,20221124,140000,116.15,116.35,115.85,115.85,22916,0
KGH,60,20221124,150000,115.85,116.5,115.7,116.25,48217,0
KGH,60,20221124,160000,116.25,116.6,116.05,116.25,29715,0
KGH,60,20221124,170000,116.2,117,115.95,117,89855,0
KGH,60,20221125,100000,116.9,116.9,115.2,116.05,60891,0
KGH,60,20221125,110000,116.2,117.2,115.65,116.35,35364,0
KGH,60,20221125,120000,116.35,117.2,116,116.8,99525,0
KGH,60,20221125,130000,116.75,116.75,115.75,115.9,33079,0
KGH,60,20221125,140000,116,116.2,115.6,115.9,13343,0
KGH,60,20221125,150000,115.85,115.9,115.1,115.4,29279,0
KGH,60,20221125,160000,115.25,116.4,115.25,116.1,40099,0
KGH,60,20221125,170000,116.1,116.45,115.3,115.6,90805,0
KGH,60,20221128,100000,114.4,114.65,112.65,114.3,124655,0
KGH,60,20221128,110000,114.2,114.5,113.15,113.15,58280,0
KGH,60,20221128,120000,113.1,114,112.8,113.85,34444,0
KGH,60,20221128,130000,113.9,114,113.2,113.55,27234,0
KGH,60,20221128,140000,113.55,113.85,113.2,113.65,19710,0
KGH,60,20221128,150000,113.65,114.6,113.15,113.8,45463,0
KGH,60,20221128,160000,113.75,114,113,113.15,70095,0
KGH,60,20221128,170000,113.15,113.55,112.4,112.4,186764,0
KGH,60,20221129,100000,113.3,115.8,113.15,115.1,218490,0
KGH,60,20221129,110000,115,115.15,113.45,114.2,83016,0
KGH,60,20221129,120000,114.2,116.75,113.95,116.2,117976,0
KGH,60,20221129,130000,116.45,116.5,114.3,114.8,51570,0
KGH,60,20221129,140000,114.8,114.85,113.8,113.95,34712,0
KGH,60,20221129,150000,114,114.9,113.65,113.75,65791,0
KGH,60,20221129,160000,113.75,115.65,113.7,115.65,97025,0
KGH,60,20221129,170000,115.6,116,114.85,115.4,207356,0
KGH,60,20221130,100000,115.2,116,112.6,113.9,158837,0
KGH,60,20221130,110000,113.9,116.7,113.7,116.05,146877,0
KGH,60,20221130,120000,116.05,118.15,115.5,118.1,273106,0
KGH,60,20221130,130000,118.1,118.6,117.65,118.45,111530,0
KGH,60,20221130,140000,118.3,120,118.25,119.75,129819,0
KGH,60,20221130,150000,119.75,119.85,117.75,117.9,87219,0
KGH,60,20221130,160000,118,119.45,116.7,116.9,111454,0
KGH,60,20221130,170000,116.8,116.8,114.2,115.8,907294,0
KGH,60,20221201,100000,119.8,119.8,116.8,118.45,143390,0
KGH,60,20221201,110000,118.55,119.45,118.55,119.1,75552,0
KGH,60,20221201,120000,119.15,119.3,118.15,118.5,30934,0
KGH,60,20221201,130000,118.5,118.9,117.5,117.6,47446,0
KGH,60,20221201,140000,117.6,118.1,117.35,117.5,25636,0
KGH,60,20221201,150000,117.45,118.35,117.1,118.25,60646,0
KGH,60,20221201,160000,118.25,120.9,118.25,120.3,194504,0
KGH,60,20221201,170000,120.35,120.65,119,119.95,197309,0
KGH,60,20221202,100000,119.85,119.85,117.55,118.25,96066,0
KGH,60,20221202,110000,118.35,119.25,117.9,119.05,26504,0
KGH,60,20221202,120000,119.2,119.45,118.05,118.95,44689,0
KGH,60,20221202,130000,118.6,119,118.3,118.4,24362,0
KGH,60,20221202,140000,118.3,118.9,118.15,118.8,21315,0
KGH,60,20221202,150000,118.65,119.5,116.25,117.25,99876,0
KGH,60,20221202,160000,117.4,118.75,117.15,118.55,47657,0
KGH,60,20221202,170000,118.35,119.05,117.7,118.2,106795,0
KGH,60,20221205,100000,118.85,122.2,118.85,122,137617,0
KGH,60,20221205,110000,121.9,122.8,121.6,122.55,62074,0
KGH,60,20221205,120000,122.5,123.35,122.3,122.8,74017,0
KGH,60,20221205,130000,122.8,122.8,122.05,122.15,34443,0
KGH,60,20221205,140000,122.3,122.3,121.35,122.15,39717,0
KGH,60,20221205,150000,122.1,122.95,121.55,121.75,43701,0
KGH,60,20221205,160000,121.75,122.8,121.2,121.7,51568,0
KGH,60,20221205,170000,121.6,121.6,120.65,121.25,114342,0
KGH,60,20221206,100000,120,120.4,118.25,118.95,110229,0
KGH,60,20221206,110000,118.95,119.1,118.3,118.85,45369,0
KGH,60,20221206,120000,118.8,118.8,117.6,118.15,54990,0
KGH,60,20221206,130000,118.2,119.4,118.05,119.4,20860,0
KGH,60,20221206,140000,119.5,120.35,119.25,120,50349,0
KGH,60,20221206,150000,120,120.6,119.15,119.65,30442,0
KGH,60,20221206,160000,119.8,120.95,119.65,120.8,46032,0
KGH,60,20221206,170000,120.8,120.8,119.6,120.4,120734,0
KGH,60,20221207,100000,118.8,119.4,118,119.25,42469,0
KGH,60,20221207,110000,119.25,119.6,118.2,118.3,34754,0
KGH,60,20221207,120000,118.3,118.8,117.6,117.75,63027,0
KGH,60,20221207,130000,117.8,118.6,117.75,117.85,16960,0
KGH,60,20221207,140000,117.85,118.75,117.85,118.45,18430,0
KGH,60,20221207,150000,118.45,119.35,118.45,118.9,36165,0
KGH,60,20221207,160000,119.1,119.75,118.7,119.4,50181,0
KGH,60,20221207,170000,119.45,120.65,119.35,120.15,121824,0
KGH,60,20221208,100000,120.5,120.5,118.8,119.9,36667,0
KGH,60,20221208,110000,119.9,120.55,119.2,119.75,25435,0
KGH,60,20221208,120000,119.75,119.85,119.35,119.45,21661,0
KGH,60,20221208,130000,119.5,120.5,119.25,120.35,25449,0
KGH,60,20221208,140000,120.55,121.8,120.35,121.15,58395,0
KGH,60,20221208,150000,121.05,121.95,120.8,121.35,40353,0
KGH,60,20221208,160000,121.25,122.5,120.85,122.5,69200,0
KGH,60,20221208,170000,122.5,122.5,121.45,122.2,141309,0
KGH,60,20221209,100000,123.5,123.7,121.95,122.3,76451,0
KGH,60,20221209,110000,122.3,122.4,121,121.9,153665,0
KGH,60,20221209,120000,122.1,122.85,121.85,122.15,20299,0
KGH,60,20221209,130000,122.1,122.6,121.7,122.1,22571,0
KGH,60,20221209,140000,122.1,122.3,121.75,121.9,12779,0
KGH,60,20221209,150000,121.8,122.65,121.05,121.9,113897,0
KGH,60,20221209,160000,121.95,121.95,121.1,121.35,51675,0
KGH,60,20221209,170000,121.45,121.95,120.95,121.55,217338,0
KGH,60,20221212,100000,121.5,121.5,119.05,119.15,168700,0
KGH,60,20221212,110000,119.15,120.4,119.1,120.25,116511,0
KGH,60,20221212,120000,120.3,120.95,120.2,120.45,28545,0
KGH,60,20221212,130000,120.45,121.25,120.25,121.2,32641,0
KGH,60,20221212,140000,121.2,121.2,120,120.45,69757,0
KGH,60,20221212,150000,120.4,121.1,120.4,120.5,40395,0
KGH,60,20221212,160000,120.6,121.3,120.1,121.3,39223,0
KGH,60,20221212,170000,121.2,121.35,120.3,120.5,265062,0
KGH,60,20221213,100000,121,121.6,119.9,120.4,102061,0
KGH,60,20221213,110000,120.45,120.5,119.35,119.7,50231,0
KGH,60,20221213,120000,119.75,120.55,119.45,119.65,90453,0
KGH,60,20221213,130000,119.75,120.35,119.55,120,51982,0
KGH,60,20221213,140000,120,121.15,119.85,121,39738,0
KGH,60,20221213,150000,121,126.85,120.3,126.8,202423,0
KGH,60,20221213,160000,126.8,128.5,126.1,128.3,291177,0
KGH,60,20221213,170000,128.4,129.1,127.4,127.8,367383,0
KGH,60,20221214,100000,127.5,129.4,126,129.4,162888,0
KGH,60,20221214,110000,129.25,129.6,128.3,128.35,63265,0
KGH,60,20221214,120000,128.35,128.95,127.45,128.3,64320,0
KGH,60,20221214,130000,128.3,128.5,127.4,127.95,48737,0
KGH,60,20221214,140000,127.9,128.5,127.1,127.8,43509,0
KGH,60,20221214,150000,127.7,129.5,127.5,128.95,69269,0
KGH,60,20221214,160000,128.95,129.1,127.9,128.95,66401,0
KGH,60,20221214,170000,129,129.05,127.15,128.25,376244,0
KGH,60,20221215,100000,125.75,126.9,124,125.15,118754,0
KGH,60,20221215,110000,125.25,125.5,124.3,125,54927,0
KGH,60,20221215,120000,125,126.2,124.55,125.95,46166,0
KGH,60,20221215,130000,125.75,126.5,125.65,126.5,22857,0
KGH,60,20221215,140000,126.4,126.7,125.6,125.9,19315,0
KGH,60,20221215,150000,125.85,125.9,124.5,125.3,44766,0
KGH,60,20221215,160000,125.05,125.4,124.2,125,61825,0
KGH,60,20221215,170000,125,125.95,124.8,125.95,354922,0
KGH,60,20221216,100000,124,124.3,122.1,122.85,107933,0
KGH,60,20221216,110000,122.7,122.75,121.75,122.15,52063,0
KGH,60,20221216,120000,122.25,123.1,121.55,122.8,160126,0
KGH,60,20221216,130000,122.65,124,122.65,123.5,27215,0
KGH,60,20221216,140000,123.5,124.45,123.5,123.85,24837,0
KGH,60,20221216,150000,123.85,124.6,123.75,124.15,36315,0
KGH,60,20221216,160000,124,126.7,123.9,125.2,141411,0
KGH,60,20221216,170000,125.4,125.4,124.15,124.35,722263,0
KGH,60,20221219,100000,125,126.25,124.3,125.5,40324,0
KGH,60,20221219,110000,125.5,125.95,124.8,125.2,22314,0
KGH,60,20221219,120000,125.05,125.8,124.95,125.2,13535,0
KGH,60,20221219,130000,125.25,125.25,124.1,124.65,18536,0
KGH,60,20221219,140000,124.75,124.8,124.4,124.6,5462,0
KGH,60,20221219,150000,124.6,124.65,124.1,124.15,14845,0
KGH,60,20221219,160000,124.25,125.45,124.15,124.15,38517,0
KGH,60,20221219,170000,124.35,125,123.8,123.8,66241,0
KGH,60,20221220,100000,122.1,123.6,121.35,123.1,50885,0
KGH,60,20221220,110000,123.2,123.75,122.85,123.75,22628,0
KGH,60,20221220,120000,123.8,124.8,123.55,124.45,62768,0
KGH,60,20221220,130000,124.4,125.05,124.05,124.5,69887,0
KGH,60,20221220,140000,124.5,124.9,124.25,124.55,37200,0
KGH,60,20221220,150000,124.6,124.6,123.45,123.45,26641,0
KGH,60,20221220,160000,123.45,124.9,123.3,124.7,39862,0
KGH,60,20221220,170000,124.85,125.8,124.85,125.6,140174,0
KGH,60,20221221,100000,125.95,126.1,125.1,125.5,23261,0
KGH,60,20221221,110000,125.55,127,125.55,126.05,37478,0
KGH,60,20221221,120000,126,126.35,125.5,126.05,9754,0
KGH,60,20221221,130000,125.75,126.35,125.6,126.3,6961,0
KGH,60,20221221,140000,126.25,126.9,125.8,126.85,30349,0
KGH,60,20221221,150000,126.75,128.2,126.75,127.5,82037,0
KGH,60,20221221,160000,127.7,128.2,127.3,128.05,36500,0
KGH,60,20221221,170000,128.05,128.7,127.85,128.7,119854,0
KGH,60,20221222,100000,127.9,128.4,126.15,127,136740,0
KGH,60,20221222,110000,127.1,127.35,126.1,126.55,49668,0
KGH,60,20221222,120000,126.45,126.45,125.5,125.95,48187,0
KGH,60,20221222,130000,125.8,125.9,124.7,124.9,66225,0
KGH,60,20221222,140000,124.9,125.25,124.2,124.7,46682,0
KGH,60,20221222,150000,124.7,124.95,124.1,124.55,41629,0
KGH,60,20221222,160000,124.7,124.95,123.65,124.1,60681,0
KGH,60,20221222,170000,124.1,124.85,123.55,123.8,149454,0
KGH,60,20221223,100000,123.5,124.9,122.4,124.75,49338,0
KGH,60,20221223,110000,124.75,125.15,124.15,125,39198,0
KGH,60,20221223,120000,125,125.25,124.2,124.8,35728,0
KGH,60,20221223,130000,124.85,124.9,123.9,124.6,33340,0
KGH,60,20221223,140000,124.55,124.65,123.9,124,20490,0
KGH,60,20221223,150000,124,124.2,123.05,123.3,39729,0
KGH,60,20221223,160000,123.3,123.55,123,123.25,41562,0
KGH,60,20221223,170000,123.2,124.5,123.15,124.1,60691,0
KGH,60,20221227,100000,127,127.1,125.75,126.45,68963,0
KGH,60,20221227,110000,126.4,127.1,126.2,127,56224,0
KGH,60,20221227,120000,127,127.35,126.75,126.85,19018,0
KGH,60,20221227,130000,126.85,126.95,126.15,126.2,19327,0
KGH,60,20221227,140000,126.15,126.3,125.6,126.15,17042,0
KGH,60,20221227,150000,126.2,126.8,126.2,126.55,28576,0
KGH,60,20221227,160000,126.5,126.8,125.3,125.3,50601,0
KGH,60,20221227,170000,125.3,125.85,125.05,125.4,57561,0
KGH,60,20221228,100000,125.3,126.6,124.7,126.55,40313,0
KGH,60,20221228,110000,126.45,126.45,125.75,126.2,14920,0
KGH,60,20221228,120000,126.05,126.75,125.95,126.15,40869,0
KGH,60,20221228,130000,126,126.4,125.95,126.1,26270,0
KGH,60,20221228,140000,126.15,127.1,126.05,126.75,43056,0
KGH,60,20221228,150000,126.8,126.95,126.45,126.7,28343,0
KGH,60,20221228,160000,126.45,127.15,126.45,126.8,44545,0
KGH,60,20221228,170000,126.75,126.9,125.2,125.35,105053,0
KGH,60,20221229,100000,125.8,126.4,124.5,126.2,21693,0
KGH,60,20221229,110000,126.1,126.9,126.05,126.7,16797,0
KGH,60,20221229,120000,126.8,127.85,126.7,127.85,63405,0
KGH,60,20221229,130000,127.85,128.75,127.65,128.3,56172,0
KGH,60,20221229,140000,128.3,128.65,128,128.5,28561,0
KGH,60,20221229,150000,128.45,128.85,128.1,128.7,36403,0
KGH,60,20221229,160000,128.65,129.4,128.4,129.25,62579,0
KGH,60,20221229,170000,129.35,129.45,127.3,128.35,129023,0
KGH,60,20221230,100000,127.7,128.3,126.8,127.3,40435,0
KGH,60,20221230,110000,127.5,127.85,127.3,127.7,17888,0
KGH,60,20221230,120000,127.6,128.45,127.55,127.9,11601,0
KGH,60,20221230,130000,127.9,127.9,127.05,127.25,28316,0
KGH,60,20221230,140000,127.25,127.4,126.9,127.2,17617,0
KGH,60,20221230,150000,127.1,128.1,127,128.1,31053,0
KGH,60,20221230,160000,128.15,128.15,126.9,127.05,20099,0
KGH,60,20221230,170000,127.05,127.3,126.35,126.75,100748,0
KGH,60,20230102,100000,126.75,128.5,126.75,128.35,19188,0
KGH,60,20230102,110000,128.25,128.35,127.1,127.5,12399,0
KGH,60,20230102,120000,127.55,127.7,127.2,127.4,5104,0
KGH,60,20230102,130000,127.4,127.85,127.35,127.7,4570,0
KGH,60,20230102,140000,127.7,127.8,127.3,127.6,7524,0
KGH,60,20230102,150000,127.6,127.8,127,127.45,10921,0
KGH,60,20230102,160000,127.45,127.55,127.1,127.3,12307,0
KGH,60,20230102,170000,127.3,127.65,127.3,127.65,17028,0
KGH,60,20230103,100000,128.1,131.1,128.1,130.8,120374,0
KGH,60,20230103,110000,130.9,132.05,130.9,131.75,77887,0
KGH,60,20230103,120000,131.75,131.8,131,131,31288,0
KGH,60,20230103,130000,131,131.05,129.75,129.75,56215,0
KGH,60,20230103,140000,129.75,130.4,129.5,129.95,81139,0
KGH,60,20230103,150000,129.95,130.5,129.55,130.15,35698,0
KGH,60,20230103,160000,130.3,131.1,129.65,129.7,54661,0
KGH,60,20230103,170000,129.9,130.95,129.05,130.5,130169,0
KGH,60,20230104,100000,131,131.75,130.15,131.4,51806,0
KGH,60,20230104,110000,131.4,131.65,130.25,131.3,50926,0
KGH,60,20230104,120000,131.3,131.6,130.75,131.15,22899,0
KGH,60,20230104,130000,131.2,131.3,130,130.25,32095,0
KGH,60,20230104,140000,130.25,130.25,129.05,129.6,31785,0
KGH,60,20230104,150000,129.6,131.45,129.6,131.45,47196,0
KGH,60,20230104,160000,131.45,132.45,131.25,132.4,71559,0
KGH,60,20230104,170000,132.3,132.85,131.5,132.5,210710,0
KGH,60,20230105,100000,132,134,130.95,134,69276,0
KGH,60,20230105,110000,133.6,136.65,133.5,136.4,57985,0
KGH,60,20230105,120000,136.45,137.85,136.2,137.35,73203,0
KGH,60,20230105,130000,137.35,138.6,137.05,138,70772,0
KGH,60,20230105,140000,137.9,138.7,137.35,137.55,56839,0
KGH,60,20230105,150000,137.6,137.6,136.2,136.5,71715,0
KGH,60,20230105,160000,136.65,137.4,135.45,136.85,70825,0
KGH,60,20230105,170000,136.95,137.3,135.85,136.5,135733,0
KGH,60,20230109,100000,141.5,143.3,141,142.5,201072,0
KGH,60,20230109,110000,142.4,143.85,142.3,143.5,178201,0
KGH,60,20230109,120000,143.5,144.7,143.5,144.35,82426,0
KGH,60,20230109,130000,144.35,144.9,143,143.85,59156,0
KGH,60,20230109,140000,143.8,144.1,143.3,143.8,57039,0
KGH,60,20230109,150000,143.65,144.85,143.45,144.7,59632,0
KGH,60,20230109,160000,144.6,146.5,144.5,146.3,120458,0
KGH,60,20230109,170000,146.3,148.1,146.15,148.1,424713,0
KGH,60,20230110,100000,146.9,149.1,144,147.75,138373,0
KGH,60,20230110,110000,147.75,148.4,147.35,147.6,78470,0
KGH,60,20230110,120000,147.7,148,146.5,146.55,76919,0
KGH,60,20230110,130000,146.55,147.1,146.45,146.9,77275,0
KGH,60,20230110,140000,147.1,147.35,146.7,146.8,93032,0
KGH,60,20230110,150000,146.8,147.25,146,147.25,54340,0
KGH,60,20230110,160000,147.3,149.6,147.3,149.6,91549,0
KGH,60,20230110,170000,149.6,150.85,149.05,150.85,320882,0
KGH,60,20230111,100000,151.9,154.7,150.35,153.5,143690,0
KGH,60,20230111,110000,153.5,154.4,152.9,153.75,79952,0
KGH,60,20230111,120000,153.85,154.5,152.7,152.9,85757,0
KGH,60,20230111,130000,152.85,152.85,150.5,150.85,90768,0
KGH,60,20230111,140000,150.75,151.3,149.3,149.8,87373,0
KGH,60,20230111,150000,149.8,151.5,149.6,150.9,46540,0
KGH,60,20230111,160000,151,152.3,150.7,151.2,111908,0
KGH,60,20230111,170000,151.35,151.7,149.85,150.55,152534,0
KGH,60,20230112,100000,150.8,152.4,149.8,150.6,92013,0
KGH,60,20230112,110000,150.65,152.6,150.65,152.4,48046,0
KGH,60,20230112,120000,152.35,153,151.75,152.9,40475,0
KGH,60,20230112,130000,152.8,153.25,152.2,153.2,54912,0
KGH,60,20230112,140000,153.1,153.3,152.4,152.85,52700,0
KGH,60,20230112,150000,152.85,154.7,151.25,154.1,104536,0
KGH,60,20230112,160000,154.15,154.35,151.5,152.85,79807,0
KGH,60,20230112,170000,152.9,153.85,150.2,151.1,204915,0
KGH,60,20230113,100000,151,152.7,150.2,152.15,63013,0
KGH,60,20230113,110000,152.05,153.7,151.85,153.4,61598,0
KGH,60,20230113,120000,153.25,154.4,152.8,154.25,75397,0
KGH,60,20230113,130000,154.25,154.25,153.4,153.6,37305,0
KGH,60,20230113,140000,153.45,153.6,152.15,152.3,52550,0
KGH,60,20230113,150000,152.3,152.9,151.8,152.5,54721,0
KGH,60,20230113,160000,152.5,154.2,151.9,154,52229,0
KGH,60,20230113,170000,153.9,154.25,153.5,153.8,109903,0
KGH,60,20230116,100000,154,154.25,150,150,134962,0
KGH,60,20230116,110000,150.05,150.95,149,150.3,65251,0
KGH,60,20230116,120000,150.25,150.35,149.4,150.35,78418,0
KGH,60,20230116,130000,150.35,151.25,150.15,150.65,27680,0
KGH,60,20230116,140000,150.6,151.1,149.8,150.95,23369,0
KGH,60,20230116,150000,150.95,151.25,150.2,150.7,28660,0
KGH,60,20230116,160000,150.7,152.1,150.6,150.8,51156,0
KGH,60,20230116,170000,150.7,150.8,149.8,150.3,124183,0
KGH,60,20230117,100000,149.1,150.1,147.95,149.1,99399,0
KGH,60,20230117,110000,149.15,149.55,148.2,148.5,53661,0
KGH,60,20230117,120000,148.5,149,148,148.4,54178,0
KGH,60,20230117,130000,148.65,149.3,148,149.3,42893,0
KGH,60,20230117,140000,149.4,149.4,148.6,148.75,23715,0
KGH,60,20230117,150000,148.8,150.2,148.75,149.5,46689,0
KGH,60,20230117,160000,149.5,151.6,149.5,151.45,53934,0
KGH,60,20230117,170000,151.55,151.8,148.85,148.85,241080,0
KGH,60,20230118,100000,151,152.2,149.5,149.7,111570,0
KGH,60,20230118,110000,149.75,150.55,149.25,150.35,35077,0
KGH,60,20230118,120000,150.3,150.5,149.25,149.3,38381,0
KGH,60,20230118,130000,149.25,149.9,149.25,149.8,17342,0
KGH,60,20230118,140000,149.85,151.3,149.5,151.05,52494,0
KGH,60,20230118,150000,151.1,152.85,151.1,152.5,64596,0
KGH,60,20230118,160000,152.5,153.75,152.35,153.4,114691,0
KGH,60,20230118,170000,153.25,153.5,152.1,152.65,257517,0
KGH,60,20230119,100000,149.6,149.6,146.45,146.55,212209,0
KGH,60,20230119,110000,146.65,147.15,145.8,145.85,98309,0
KGH,60,20230119,120000,145.9,146,143.9,144.75,121123,0
KGH,60,20230119,130000,145,145.3,144.05,144.6,53035,0
KGH,60,20230119,140000,144.65,145.3,144.15,144.45,49540,0
KGH,60,20230119,150000,144.45,144.8,143.8,144.8,63054,0
KGH,60,20230119,160000,144.9,146.85,144.35,146.75,102937,0
KGH,60,20230119,170000,146.65,147.5,146.4,146.4,198889,0
KGH,60,20230120,100000,147,148.15,145.25,146,68819,0
KGH,60,20230120,110000,146,146.4,145.15,145.35,42304,0
KGH,60,20230120,120000,145.5,146.4,144.6,146.4,68632,0
KGH,60,20230120,130000,146.15,146.15,145,145.1,13678,0
KGH,60,20230120,140000,145.1,145.9,145,145.3,21285,0
KGH,60,20230120,150000,145.3,145.85,145.05,145.05,23780,0
KGH,60,20230120,160000,145.25,145.95,144.8,145.5,35868,0
KGH,60,20230120,170000,145.4,145.7,144.5,144.5,145272,0
KGH,60,20230123,100000,146,148.9,146,148.3,90304,0
KGH,60,20230123,110000,148.35,150.1,148.2,149.85,79488,0
KGH,60,20230123,120000,149.7,151.15,149.25,150.65,79082,0
KGH,60,20230123,130000,150.65,150.85,149.75,150.2,53718,0
KGH,60,20230123,140000,150.1,151.15,150.05,150.3,85370,0
KGH,60,20230123,150000,150.45,151,149.15,149.4,62063,0
KGH,60,20230123,160000,149.4,149.85,147.4,147.75,114936,0
KGH,60,20230123,170000,147.65,148.45,147.05,147.8,108173,0
KGH,60,20230124,100000,149.75,152.6,149.65,151.7,203399,0
KGH,60,20230124,110000,151.7,151.7,149.6,149.6,63821,0
KGH,60,20230124,120000,149.7,150.35,149,149.65,63537,0
KGH,60,20230124,130000,149.65,150,149,149.4,26589,0
KGH,60,20230124,140000,149.5,149.6,148.25,148.25,40544,0
KGH,60,20230124,150000,148.25,148.9,147.55,147.75,58645,0
KGH,60,20230124,160000,147.65,148.6,147,147.65,65387,0
KGH,60,20230124,170000,147.6,148.8,147.05,148.7,96337,0
KGH,60,20230125,100000,148,150.55,147.45,149.9,64306,0
KGH,60,20230125,110000,149.85,151.05,149.5,150.95,65908,0
KGH,60,20230125,120000,150.95,151,149.65,150.15,36866,0
KGH,60,20230125,130000,150.15,150.4,149.2,149.5,18077,0
KGH,60,20230125,140000,149.45,149.6,148.1,148.4,27874,0
KGH,60,20230125,150000,148.5,148.95,146.95,147.45,66100,0
KGH,60,20230125,160000,147.45,149.45,147.1,148.6,48252,0
KGH,60,20230125,170000,148.6,149.4,147.5,148.15,123744,0
KGH,60,20230126,100000,150,150.9,149.1,149.3,44173,0
KGH,60,20230126,110000,149.3,149.85,148.95,149.8,23631,0
KGH,60,20230126,120000,149.75,150.6,149.7,150.35,24203,0
KGH,60,20230126,130000,150.45,150.8,150.15,150.25,19738,0
KGH,60,20230126,140000,150.4,150.7,149.8,150.25,40233,0
KGH,60,20230126,150000,150.25,150.8,149.8,150.65,80955,0
KGH,60,20230126,160000,150.6,151,149.15,149.3,57623,0
KGH,60,20230126,170000,149.3,150.05,148.7,149.25,112103,0
KGH,60,20230127,100000,149.7,150.25,148.6,149.2,30084,0
KGH,60,20230127,110000,149,149.55,148.5,149.3,42657,0
KGH,60,20230127,120000,149.3,149.5,147.8,148,46079,0
KGH,60,20230127,130000,148,148.7,147.75,148.35,20572,0
KGH,60,20230127,140000,148.3,149,147.5,147.85,35672,0
KGH,60,20230127,150000,147.8,148.45,147.7,148,28332,0
KGH,60,20230127,160000,148.15,149,147.7,147.9,43265,0
KGH,60,20230127,170000,147.9,148.3,146.2,146.2,158376,0
KGH,60,20230130,100000,145.8,145.8,143,144.9,77884,0
KGH,60,20230130,110000,144.9,145.1,143.2,143.2,58013,0
KGH,60,20230130,120000,143.25,143.7,142.8,143.05,69916,0
KGH,60,20230130,130000,143,143.55,142.85,143.4,39157,0
KGH,60,20230130,140000,143.4,143.7,143,143.4,40222,0
KGH,60,20230130,150000,143.3,143.65,142.85,143.15,42258,0
KGH,60,20230130,160000,143.15,143.65,142.65,143.3,55999,0
KGH,60,20230130,170000,143.3,143.7,143,143.7,186590,0
KGH,60,20230131,100000,142.5,143,141,141.2,139412,0
KGH,60,20230131,110000,141.3,141.55,140.2,140.5,67019,0
KGH,60,20230131,120000,140.5,140.5,139.45,139.6,104683,0
KGH,60,20230131,130000,139.5,140.1,139.15,140,60909,0
KGH,60,20230131,140000,140.1,140.6,139.75,139.9,45027,0
KGH,60,20230131,150000,139.9,140.9,139.9,140.15,89558,0
KGH,60,20230131,160000,140.05,141.25,139.9,141,124747,0
KGH,60,20230131,170000,141,141.6,140.1,140.65,425090,0
KGH,60,20230201,100000,141,142.1,139.55,139.95,91556,0
KGH,60,20230201,110000,139.95,140,139.25,139.4,45121,0
KGH,60,20230201,120000,139.4,140.3,139.2,140.3,37355,0
KGH,60,20230201,130000,140.3,140.5,139.8,140.3,33578,0
KGH,60,20230201,140000,140.2,140.45,139.8,139.95,56287,0
KGH,60,20230201,150000,139.95,140.35,139.8,139.9,25977,0
KGH,60,20230201,160000,140,140.3,139.2,139.6,42567,0
KGH,60,20230201,170000,139.65,139.7,138.25,138.85,223719,0
KGH,60,20230202,100000,140.05,141.75,139,139.45,159763,0
KGH,60,20230202,110000,139.55,139.95,138.2,139.65,68630,0
KGH,60,20230202,120000,139.7,140.4,139.5,140.2,29177,0
KGH,60,20230202,130000,140.2,141.05,139.65,140.5,60453,0
KGH,60,20230202,140000,140.5,141.65,140.2,141.4,59246,0
KGH,60,20230202,150000,141.5,144.9,141.3,144.45,160024,0
KGH,60,20230202,160000,144.3,144.7,141.2,141.45,127119,0
KGH,60,20230202,170000,141.4,141.65,139.55,141.45,404594,0
KGH,60,20230203,100000,140,140,136.65,137.9,204475,0
KGH,60,20230203,110000,137.9,138.8,137.1,138.65,88849,0
KGH,60,20230203,120000,138.65,138.7,137.3,137.8,59110,0
KGH,60,20230203,130000,137.95,138.7,137.7,138.5,42564,0
KGH,60,20230203,140000,138.5,138.95,138,138.25,45140,0
KGH,60,20230203,150000,138.2,138.2,135.2,135.75,143877,0
KGH,60,20230203,160000,135.65,137.2,135.3,137.15,83300,0
KGH,60,20230203,170000,137.15,138.1,136.1,137.75,225092,0
KGH,60,20230206,100000,136,137,135,136.7,86370,0
KGH,60,20230206,110000,136.7,136.9,135.15,135.15,67055,0
KGH,60,20230206,120000,135.15,135.75,134.7,135.65,59063,0
KGH,60,20230206,130000,135.75,135.8,135.3,135.4,38456,0
KGH,60,20230206,140000,135.45,136.3,134.75,136.2,60037,0
KGH,60,20230206,150000,136.1,136.3,135.35,135.55,49137,0
KGH,60,20230206,160000,135.8,136.4,134.85,135.5,68338,0
KGH,60,20230206,170000,135.5,135.5,133.8,134.9,188323,0
KGH,60,20230207,100000,136,137.25,134.7,135.6,116408,0
KGH,60,20230207,110000,135.6,137.75,135.5,137.5,50431,0
KGH,60,20230207,120000,137.6,138.25,137.35,137.9,51620,0
KGH,60,20230207,130000,137.9,138.75,136.75,138.5,71594,0
KGH,60,20230207,140000,138.45,138.45,136.75,137.35,49273,0
KGH,60,20230207,150000,137.2,137.8,137,137.5,31171,0
KGH,60,20230207,160000,137.55,138.5,136.9,138.25,43192,0
KGH,60,20230207,170000,138.2,138.4,137.45,138.35,194205,0
KGH,60,20230208,100000,140.4,141.45,139.75,140.55,85336,0
KGH,60,20230208,110000,140.55,141.2,140.4,140.65,48013,0
KGH,60,20230208,120000,140.7,140.8,140.1,140.2,19023,0
KGH,60,20230208,130000,140.15,140.15,139.6,139.6,23304,0
KGH,60,20230208,140000,139.65,139.9,139.3,139.5,19853,0
KGH,60,20230208,150000,139.45,140.35,139.3,139.5,37791,0
KGH,60,20230208,160000,139.4,139.45,138.45,138.8,39025,0
KGH,60,20230208,170000,138.85,139.05,137.95,137.95,120088,0
KGH,60,20230209,100000,140.05,140.45,138.9,139.2,77879,0
KGH,60,20230209,110000,139.15,139.45,138.55,139,31373,0
KGH,60,20230209,120000,138.9,140,138.85,139.75,19891,0
KGH,60,20230209,130000,139.65,140.3,139.65,140.1,28405,0
KGH,60,20230209,140000,140.1,140.95,139.85,140.55,43301,0
KGH,60,20230209,150000,140.5,141,139.95,140.95,46130,0
KGH,60,20230209,160000,140.95,140.95,138.55,138.6,48475,0
KGH,60,20230209,170000,138.6,139.25,138.15,138.75,112810,0
KGH,60,20230210,100000,138.15,138.15,135.85,136.55,84869,0
KGH,60,20230210,110000,136.6,136.95,135.75,135.8,82647,0
KGH,60,20230210,120000,135.8,136.2,133.8,133.9,118735,0
KGH,60,20230210,130000,134,134.4,132.8,134.2,80190,0
KGH,60,20230210,140000,134.2,134.45,133.25,133.7,54561,0
KGH,60,20230210,150000,133.55,134.1,133.2,133.5,57159,0
KGH,60,20230210,160000,133.5,134.35,133.5,133.7,80685,0
KGH,60,20230210,170000,133.7,134.4,133.45,133.65,154513,0
KGH,60,20230213,100000,134.85,135.1,132.85,133.35,39788,0
KGH,60,20230213,110000,133.35,133.45,132.2,132.8,43837,0
KGH,60,20230213,120000,132.8,133.1,131.25,131.35,45572,0
KGH,60,20230213,130000,131.45,132.1,131.4,131.65,14352,0
KGH,60,20230213,140000,131.6,133.1,131.3,132.3,37461,0
KGH,60,20230213,150000,132.3,132.55,131.6,131.7,38216,0
KGH,60,20230213,160000,131.65,132.35,131,132.35,55791,0
KGH,60,20230213,170000,132.35,133.5,131.95,133.15,128049,0
KGH,60,20230214,100000,133.4,134.65,132.75,132.9,39232,0
KGH,60,20230214,110000,132.9,133.6,132.8,133.6,24767,0
KGH,60,20230214,120000,133.5,134.3,133.2,134.05,24726,0
KGH,60,20230214,130000,134,134.1,133.45,133.6,16397,0
KGH,60,20230214,140000,133.6,134.15,133.2,134.15,18950,0
KGH,60,20230214,150000,134.05,134.95,133.15,133.75,71675,0
KGH,60,20230214,160000,133.65,133.85,132,133.6,54215,0
KGH,60,20230214,170000,133.75,134.55,133.15,133.75,97567,0
KGH,60,20230215,100000,132,132.4,130.6,132.3,48278,0
KGH,60,20230215,110000,132.15,133.1,131.9,132.05,28627,0
KGH,60,20230215,120000,132.15,133,132,132.6,11291,0
KGH,60,20230215,130000,132.6,133.5,132.6,133.25,15788,0
KGH,60,20230215,140000,133.4,133.7,132.9,132.95,19246,0
KGH,60,20230215,150000,132.85,132.85,131.4,131.85,36585,0
KGH,60,20230215,160000,131.85,132.4,131.5,131.7,25235,0
KGH,60,20230215,170000,131.75,132.8,131.7,132.6,89977,0
KGH,60,20230216,100000,134,135.35,134,134.55,54347,0
KGH,60,20230216,110000,134.55,134.65,132.8,133.75,33066,0
KGH,60,20230216,120000,133.7,134.25,133.5,133.8,10694,0
KGH,60,20230216,130000,133.8,133.85,133.2,133.35,7659,0
KGH,60,20230216,140000,133.4,133.4,132.85,133,9212,0
KGH,60,20230216,150000,132.9,133.45,132.25,132.45,29111,0
KGH,60,20230216,160000,132.45,133.75,132.15,133.6,23672,0
KGH,60,20230216,170000,133.7,134.8,133.35,134,121239,0
KGH,60,20230217,100000,133.5,134.7,131.8,134.1,81705,0
KGH,60,20230217,110000,134.15,134.15,132.6,134,40035,0
KGH,60,20230217,120000,134,134.5,133.2,134.2,17677,0
KGH,60,20230217,130000,134.05,134.4,133.85,134.35,16922,0
KGH,60,20230217,140000,134.3,134.85,134,134.25,24449,0
KGH,60,20230217,150000,134.2,134.4,133.65,134.1,15871,0
KGH,60,20230217,160000,134.3,134.45,132.7,133,49751,0
KGH,60,20230217,170000,133.1,134.5,133.05,133.4,144779,0
KGH,60,20230220,100000,134.1,138.15,134.1,136,92074,0
KGH,60,20230220,110000,135.85,136.7,135.35,135.5,32898,0
KGH,60,20230220,120000,135.5,136,135.1,135.85,17698,0
KGH,60,20230220,130000,135.65,136.1,135.2,135.95,16848,0
KGH,60,20230220,140000,135.95,136.35,135.4,135.95,20739,0
KGH,60,20230220,150000,136,136.9,136,136.9,16402,0
KGH,60,20230220,160000,136.9,137.35,136.6,137.15,31549,0
KGH,60,20230220,170000,137,137.35,136.5,136.7,93820,0
KGH,60,20230221,100000,136.7,137,134.1,134.1,49716,0
KGH,60,20230221,110000,133.95,135.15,133.4,135,26167,0
KGH,60,20230221,120000,134.8,134.95,134.25,134.8,18021,0
KGH,60,20230221,130000,134.8,134.8,134.2,134.45,18678,0
KGH,60,20230221,140000,134.4,134.55,133.75,134.35,26520,0
KGH,60,20230221,150000,134.1,134.4,133.9,134.3,21903,0
KGH,60,20230221,160000,134.3,135.55,134.3,135.3,36982,0
KGH,60,20230221,170000,135.3,136.25,134.85,135.6,107722,0
KGH,60,20230222,100000,134.4,134.4,130.2,131,134081,0
KGH,60,20230222,110000,130.9,131.25,129.65,130.6,66276,0
KGH,60,20230222,120000,130.75,131.2,130.05,130.35,34750,0
KGH,60,20230222,130000,130.35,130.65,129.3,129.8,63825,0
KGH,60,20230222,140000,129.8,131,129.7,130.65,40641,0
KGH,60,20230222,150000,130.65,131,130.3,130.5,33119,0
KGH,60,20230222,160000,130.55,130.55,129.35,129.55,107482,0
KGH,60,20230222,170000,129.5,129.55,127.2,128.5,189324,0
KGH,60,20230223,100000,128.5,129.85,128,128.8,98328,0
KGH,60,20230223,110000,128.85,129.75,128.5,129.1,46861,0
KGH,60,20230223,120000,129.1,129.6,128.9,129.5,17996,0
KGH,60,20230223,130000,129.5,130.75,129.4,130.1,40092,0
KGH,60,20230223,140000,130.1,130.55,129.85,130.3,19752,0
KGH,60,20230223,150000,130.3,130.4,129.15,130,55731,0
KGH,60,20230223,160000,130.1,130.4,129.45,129.55,38263,0
KGH,60,20230223,170000,129.55,129.75,128.35,128.35,199789,0
KGH,60,20230224,100000,127.85,127.85,125.1,126.6,157418,0
KGH,60,20230224,110000,126.55,126.9,126.15,126.25,57035,0
KGH,60,20230224,120000,126.3,126.85,125.85,126.85,44959,0
KGH,60,20230224,130000,126.8,127,125.9,126,38334,0
KGH,60,20230224,140000,126,126.4,125.85,126.1,37663,0
KGH,60,20230224,150000,126.1,126.45,124.7,125.15,103998,0
KGH,60,20230224,160000,125,125.2,123.65,124.05,108843,0
KGH,60,20230224,170000,124.05,124.4,123.85,124,191729,0
KGH,60,20230227,100000,123.55,125.25,122.8,124.85,68027,0
KGH,60,20230227,110000,124.85,125.4,124.25,124.65,39065,0
KGH,60,20230227,120000,124.55,125.15,124.25,124.9,25346,0
KGH,60,20230227,130000,124.95,125.8,124.95,125.3,25830,0
KGH,60,20230227,140000,125.4,125.65,125.1,125.25,19138,0
KGH,60,20230227,150000,125.25,126.65,125.25,126.4,42837,0
KGH,60,20230227,160000,126.45,126.5,125.5,126.3,46256,0
KGH,60,20230227,170000,126.15,127.3,125.6,125.8,95387,0
KGH,60,20230228,100000,125.8,125.9,124.25,125.4,57426,0
KGH,60,20230228,110000,125.45,126.15,125.25,125.7,32297,0
KGH,60,20230228,120000,125.65,126.55,125.65,126.1,22509,0
KGH,60,20230228,130000,126.1,126.8,125.8,126.75,18449,0
KGH,60,20230228,140000,126.6,127.45,126.45,126.7,30419,0
KGH,60,20230228,150000,126.85,126.9,126.2,126.45,44988,0
KGH,60,20230228,160000,126.45,127.2,125.9,127,50101,0
KGH,60,20230228,170000,126.95,128,126.8,127.4,470588,0
KGH,60,20230301,100000,129.6,134.7,129.5,132.7,319151,0
KGH,60,20230301,110000,132.7,133.3,132.35,132.8,201611,0
KGH,60,20230301,120000,132.75,133.6,132,132.5,147811,0
KGH,60,20230301,130000,132.45,133.1,131.9,132.35,94825,0
KGH,60,20230301,140000,132.3,132.7,131.4,131.65,61511,0
KGH,60,20230301,150000,131.55,132.3,130.7,130.95,54840,0
KGH,60,20230301,160000,130.95,132.5,130.65,132.3,50915,0
KGH,60,20230301,170000,132.3,132.3,131.15,132.2,186688,0
KGH,60,20230302,100000,130.95,130.95,127.8,128.4,175187,0
KGH,60,20230302,110000,128.45,129.6,127.75,128.8,92533,0
KGH,60,20230302,120000,128.8,128.8,126.75,127.05,135082,0
KGH,60,20230302,130000,127,127.4,126.8,127.4,81798,0
KGH,60,20230302,140000,127.4,128.45,127.4,128,71865,0
KGH,60,20230302,150000,128,128.35,127.4,127.6,70638,0
KGH,60,20230302,160000,127.6,128.15,126.9,127.35,80186,0
KGH,60,20230302,170000,127.3,128.65,127.25,128.05,189608,0
KGH,60,20230303,100000,129.2,130,128.8,129.9,275722,0
KGH,60,20230303,110000,129.85,130.5,129.55,129.8,72034,0
KGH,60,20230303,120000,129.85,130.15,129.55,129.7,101007,0
KGH,60,20230303,130000,129.7,130,129.3,129.9,269032,0
KGH,60,20230303,140000,129.85,129.85,128.8,129.45,91895,0
KGH,60,20230303,150000,129.55,129.65,128.7,129.4,49977,0
KGH,60,20230303,160000,129.5,129.95,129.3,129.65,79209,0
KGH,60,20230303,170000,129.6,130.9,129.15,130.9,195786,0
KGH,60,20230306,100000,132,132.5,128.9,129.5,112458,0
KGH,60,20230306,110000,129.5,129.9,128.45,128.7,75796,0
KGH,60,20230306,120000,128.55,129.3,128.55,129.2,41188,0
KGH,60,20230306,130000,129.25,129.25,128.05,128.25,40216,0
KGH,60,20230306,140000,128.25,128.95,128.1,128.85,18883,0
KGH,60,20230306,150000,128.85,129.7,128.5,129.7,51740,0
KGH,60,20230306,160000,129.7,129.75,128.75,129.15,66927,0
KGH,60,20230306,170000,129.2,131.2,129.15,130,214586,0
KGH,60,20230307,100000,129.95,130,128.7,129.45,68671,0
KGH,60,20230307,110000,129.5,129.75,129.05,129.25,46661,0
KGH,60,20230307,120000,129.25,129.75,128.85,129.2,30090,0
KGH,60,20230307,130000,129.05,129.2,128.4,128.75,48418,0
KGH,60,20230307,140000,128.7,129,128.4,128.6,35916,0
KGH,60,20230307,150000,128.6,128.95,128.3,128.4,110477,0
KGH,60,20230307,160000,128.35,129.1,127.2,127.2,207297,0
KGH,60,20230307,170000,127.15,127.15,125.4,125.85,437938,0
KGH,60,20230308,100000,125.8,125.8,123.6,125,115909,0
KGH,60,20230308,110000,125,125.3,124.5,125,27086,0
KGH,60,20230308,120000,125.1,125.1,124.5,124.6,36952,0
KGH,60,20230308,130000,124.65,125.05,124.4,124.9,167918,0
KGH,60,20230308,140000,124.95,125,124.25,124.45,44442,0
KGH,60,20230308,150000,124.5,125.5,124.3,124.6,100052,0
KGH,60,20230308,160000,124.7,125.65,124.35,125.6,341710,0
KGH,60,20230308,170000,125.65,126.65,125.3,126,397644,0
KGH,60,20230309,100000,125.5,127,123.35,123.7,114452,0
KGH,60,20230309,110000,123.55,123.65,122.65,123,117475,0
KGH,60,20230309,120000,123,123.25,122.7,123.2,52562,0
KGH,60,20230309,130000,123.2,123.2,122.8,122.9,42731,0
KGH,60,20230309,140000,122.9,123,122.4,122.5,71671,0
KGH,60,20230309,150000,122.5,123.25,121.8,122.95,128091,0
KGH,60,20230309,160000,122.95,123.5,122.7,122.8,74444,0
KGH,60,20230309,170000,122.8,122.85,121.9,121.9,221683,0
KGH,60,20230310,100000,119.9,119.9,118.45,118.65,154965,0
KGH,60,20230310,110000,118.65,119.65,118.6,119.65,50107,0
KGH,60,20230310,120000,119.6,119.7,118.95,119.15,36861,0
KGH,60,20230310,130000,119.1,119.35,118.65,119.35,37512,0
KGH,60,20230310,140000,119.35,119.45,118.65,119.1,26856,0
KGH,60,20230310,150000,119.1,120.15,118.2,120,117203,0
KGH,60,20230310,160000,119.95,120.9,119,119.9,131701,0
KGH,60,20230310,170000,119.9,121.6,119.6,121.45,233980,0
KGH,60,20230313,100000,122.5,122.9,119.05,119.7,77098,0
KGH,60,20230313,110000,119.75,119.85,117.55,118.35,98347,0
KGH,60,20230313,120000,118.2,118.75,117.6,117.95,65945,0
KGH,60,20230313,130000,118.1,118.65,117.75,117.75,61307,0
KGH,60,20230313,140000,117.85,117.85,115.75,115.8,144202,0
KGH,60,20230313,150000,115.9,116.75,115.2,116.25,170093,0
KGH,60,20230313,160000,116.3,119.35,116.25,119.1,214561,0
KGH,60,20230313,170000,119.1,121.2,119,119.55,397272,0
KGH,60,20230314,100000,118.5,119.85,118.4,119.8,67301,0
KGH,60,20230314,110000,119.8,119.85,118.3,118.9,27125,0
KGH,60,20230314,120000,118.8,118.85,118.25,118.5,27041,0
KGH,60,20230314,130000,118.45,119.25,118.4,119.1,38671,0
KGH,60,20230314,140000,119.05,121.15,118.7,121.1,87981,0
KGH,60,20230314,150000,121,121.65,119.75,120.5,65007,0
KGH,60,20230314,160000,120.5,120.8,119.75,119.8,37855,0
KGH,60,20230314,170000,119.7,120.9,119.65,120.5,225853,0
KGH,60,20230315,100000,120.5,120.5,118.15,118.2,48823,0
KGH,60,20230315,110000,118.35,118.55,117.25,117.8,124957,0
KGH,60,20230315,120000,117.9,118.25,115.7,115.85,71926,0
KGH,60,20230315,130000,115.9,116.35,115.3,115.65,119963,0
KGH,60,20230315,140000,115.6,116,114.45,114.8,119012,0
KGH,60,20230315,150000,114.85,115.7,114.15,115,127744,0
KGH,60,20230315,160000,115,115.5,114.05,114.45,101173,0
KGH,60,20230315,170000,114.5,114.75,113.3,113.3,277601,0
KGH,60,20230316,100000,114.5,116,113.9,114.4,94406,0
KGH,60,20230316,110000,114.2,114.2,112.5,113.1,50777,0
KGH,60,20230316,120000,113.1,113.2,111.25,111.65,64845,0
KGH,60,20230316,130000,111.6,111.95,110.75,111.35,66857,0
KGH,60,20230316,140000,111.4,111.75,110.65,111.7,66055,0
KGH,60,20230316,150000,111.75,111.85,110.3,111.85,135951,0
KGH,60,20230316,160000,111.9,112.8,110.85,112.7,149547,0
KGH,60,20230316,170000,112.7,115.4,112.4,114.9,445570,0
KGH,60,20230317,100000,116.8,119.35,116.8,118.6,234349,0
KGH,60,20230317,110000,118.6,120.25,118.6,120.2,117269,0
KGH,60,20230317,120000,120.2,120.2,118.1,118.1,189525,0
KGH,60,20230317,130000,118.45,118.45,115.55,116.3,92514,0
KGH,60,20230317,140000,116.3,116.45,115.1,115.65,59176,0
KGH,60,20230317,150000,115.65,117.3,115.15,115.5,148266,0
KGH,60,20230317,160000,115.5,116.75,113.85,114.45,151963,0
KGH,60,20230317,170000,114.45,115.1,113.7,114.4,627558,0
KGH,60,20230320,100000,113.8,114.5,112.2,114.15,188698,0
KGH,60,20230320,110000,114.2,115.3,113.6,114.75,83718,0
KGH,60,20230320,120000,114.75,115.85,114.4,115.75,38245,0
KGH,60,20230320,130000,115.75,115.75,114.25,114.7,22361,0
KGH,60,20230320,140000,114.8,116,114.15,115.7,30396,0
KGH,60,20230320,150000,115.65,116.35,115.2,116.3,35568,0
KGH,60,20230320,160000,116.35,116.55,115.3,116.3,42765,0
KGH,60,20230320,170000,116.4,117.8,116.4,117.35,235549,0
KGH,60,20230321,100000,118,122.05,117.25,121.4,196252,0
KGH,60,20230321,110000,121.4,122,120.5,120.8,70561,0
KGH,60,20230321,120000,120.8,121.5,120.4,121.3,52646,0
KGH,60,20230321,130000,121.2,121.45,120.5,121.45,50356,0
KGH,60,20230321,140000,121.5,122.5,120.9,120.95,105005,0
KGH,60,20230321,150000,120.85,121.15,119.9,120.25,64851,0
KGH,60,20230321,160000,120.1,120.5,118.55,119.1,85828,0
KGH,60,20230321,170000,119.05,119.55,118.25,118.9,145273,0
KGH,60,20230322,100000,118.95,118.95,117.4,117.95,43480,0
KGH,60,20230322,110000,118,118.8,117.85,118.55,43103,0
KGH,60,20230322,120000,118.5,119.3,118.05,118.95,29912,0
KGH,60,20230322,130000,118.95,119.55,118.75,119,28689,0
KGH,60,20230322,140000,119.05,119.5,118.35,118.7,31425,0
KGH,60,20230322,150000,118.6,118.95,117.9,118.4,47153,0
KGH,60,20230322,160000,118.4,118.95,118.15,118.95,55650,0
KGH,60,20230322,170000,118.95,119,118.1,118.65,120073,0
KGH,60,20230323,100000,118,119.55,117.3,118.35,78254,0
KGH,60,20230323,110000,118.4,118.55,116,116.25,47780,0
KGH,60,20230323,120000,116.1,116.15,114.5,115.6,48114,0
KGH,60,20230323,130000,115.6,116.15,115.2,115.85,36448,0
KGH,60,20230323,140000,115.9,115.95,114.9,115.25,39266,0
KGH,60,20230323,150000,115.1,115.9,114.75,115.7,39103,0
KGH,60,20230323,160000,115.65,117.45,115.55,117.45,68649,0
KGH,60,20230323,170000,117.5,118,116.8,117.4,96300,0
KGH,60,20230324,100000,117.7,118,114.55,115.25,81861,0
KGH,60,20230324,110000,115.15,115.75,113.9,114.25,41506,0
KGH,60,20230324,120000,114.3,114.85,114.2,114.35,34925,0
KGH,60,20230324,130000,114.45,114.7,113.6,114.1,32349,0
KGH,60,20230324,140000,114.1,114.3,113.5,114.15,25408,0
KGH,60,20230324,150000,114.15,114.4,113.65,114.2,52408,0
KGH,60,20230324,160000,114.2,115.35,114.15,115.1,61962,0
KGH,60,20230324,170000,115.05,115.35,114.4,114.95,89533,0
KGH,60,20230327,100000,116.75,116.75,113.5,113.75,46512,0
KGH,60,20230327,110000,113.75,114.7,113.7,114.05,32277,0
KGH,60,20230327,120000,114.05,115.2,114,115.15,92565,0
KGH,60,20230327,130000,115.1,116.5,115.1,115.95,49088,0
KGH,60,20230327,140000,116.05,116.25,115.7,115.9,18132,0
KGH,60,20230327,150000,115.95,116.4,115.9,116.25,15422,0
KGH,60,20230327,160000,116.25,116.8,115.65,116.2,36285,0
KGH,60,20230327,170000,116.3,116.8,115.9,116.45,84356,0
KGH,60,20230328,100000,117.3,118.45,116.5,118,97910,0
KGH,60,20230328,110000,118,118.55,117.5,117.65,31557,0
KGH,60,20230328,120000,117.6,118.2,117.05,117.1,33701,0
KGH,60,20230328,130000,117.05,118,116.95,117.25,45519,0
KGH,60,20230328,140000,117.2,117.45,116.9,117.3,27283,0
KGH,60,20230328,150000,117.3,117.35,116.55,116.75,29823,0
KGH,60,20230328,160000,116.75,118,116.55,117.55,61061,0
KGH,60,20230328,170000,117.65,117.75,116.55,117,227765,0
KGH,60,20230329,100000,117.9,117.95,116.1,116.65,69815,0
KGH,60,20230329,110000,116.75,116.9,115.9,116.85,56064,0
KGH,60,20230329,120000,116.85,117.9,116.65,117.25,64268,0
KGH,60,20230329,130000,117.25,118.35,117.05,118.05,46660,0
KGH,60,20230329,140000,118,118.65,117.85,118.45,56854,0
KGH,60,20230329,150000,118.35,118.65,117.5,117.7,46768,0
KGH,60,20230329,160000,117.7,118.25,117.45,118.15,54560,0
KGH,60,20230329,170000,118.15,118.5,117.7,118.5,171997,0
KGH,60,20230330,100000,119,122.15,118.8,121.9,128859,0
KGH,60,20230330,110000,121.95,123.65,121.65,123.2,112886,0
KGH,60,20230330,120000,123.2,123.3,121.95,122.5,54648,0
KGH,60,20230330,130000,122.6,123.25,122.3,123.15,113289,0
KGH,60,20230330,140000,123.2,123.35,122.45,122.6,35409,0
KGH,60,20230330,150000,122.6,122.95,122.35,122.75,34277,0
KGH,60,20230330,160000,122.8,123.4,122.7,123.25,61753,0
KGH,60,20230330,170000,123.3,123.35,122.65,123.25,250530,0
KGH,60,20230331,100000,124,124.55,121.4,121.7,92156,0
KGH,60,20230331,110000,121.75,122,121.4,121.5,72663,0
KGH,60,20230331,120000,121.55,122.4,121.5,121.8,49777,0
KGH,60,20230331,130000,121.85,122.2,121.7,122.1,74776,0
KGH,60,20230331,140000,122.1,122.5,121.85,122.15,32179,0
KGH,60,20230331,150000,122.15,122.3,121.75,122.2,44376,0
KGH,60,20230331,160000,122.25,123.1,122.25,123.05,30652,0
KGH,60,20230331,170000,123.05,123.1,122.2,122.25,218367,0
KGH,60,20230403,100000,121.95,123,120.55,123,72641,0
KGH,60,20230403,110000,123.05,123.1,121.45,122.3,58492,0
KGH,60,20230403,120000,122.4,122.95,121.9,121.95,36723,0
KGH,60,20230403,130000,121.95,122.35,121.4,121.45,48380,0
KGH,60,20230403,140000,121.45,121.85,120.8,121.8,35657,0
KGH,60,20230403,150000,121.8,121.9,120.8,120.9,57850,0
KGH,60,20230403,160000,120.85,121.9,120.25,121.35,42964,0
KGH,60,20230403,170000,121.4,121.6,120.55,120.65,84876,0
KGH,60,20230404,100000,121.45,121.45,118.7,118.9,90168,0
KGH,60,20230404,110000,118.9,120,118.9,119.75,41983,0
KGH,60,20230404,120000,119.7,120.7,119.3,120.6,34358,0
KGH,60,20230404,130000,120.65,121.35,120.6,121.3,63172,0
KGH,60,20230404,140000,121.2,121.35,120.75,120.8,50525,0
KGH,60,20230404,150000,120.8,120.9,120.3,120.8,32986,0
KGH,60,20230404,160000,120.75,121,119.3,119.35,64138,0
KGH,60,20230404,170000,119.4,119.9,117.9,118.45,161029,0
KGH,60,20230405,100000,117.9,118,116.65,117.85,76694,0
KGH,60,20230405,110000,117.8,118.2,117.65,118.1,55596,0
KGH,60,20230405,120000,118.05,118.2,117.45,117.75,42600,0
KGH,60,20230405,130000,117.6,117.75,116.9,117.65,29102,0
KGH,60,20230405,140000,117.7,117.7,116.55,116.65,46128,0
KGH,60,20230405,150000,116.6,116.85,115.75,116.6,99872,0
KGH,60,20230405,160000,116.6,117.75,116.1,117.25,70691,0
KGH,60,20230405,170000,117.35,117.55,115.95,116.35,127967,0
KGH,60,20230406,100000,117.45,118.1,116.75,117.2,51275,0
KGH,60,20230406,110000,117.05,117.35,116.45,116.45,28158,0
KGH,60,20230406,120000,116.45,116.65,116.05,116.45,36676,0
KGH,60,20230406,130000,116.5,117.1,116.25,117.1,15910,0
KGH,60,20230406,140000,117.1,117.25,116.85,117.1,16004,0
KGH,60,20230406,150000,117.05,117.1,116.1,116.4,23934,0
KGH,60,20230406,160000,116.5,116.6,115.85,116.3,53978,0
KGH,60,20230406,170000,116.4,116.85,116,116.45,80881,0
KGH,60,20230411,100000,118.2,118.9,117.1,118.45,119187,0
KGH,60,20230411,110000,118.5,120.55,118.35,120.05,101085,0
KGH,60,20230411,120000,120.15,120.5,119.6,119.95,53302,0
KGH,60,20230411,130000,119.95,120.15,119.45,119.8,29913,0
KGH,60,20230411,140000,119.75,119.85,119.05,119.65,36276,0
KGH,60,20230411,150000,119.65,119.9,119.1,119.75,39103,0
KGH,60,20230411,160000,119.75,120.6,119.6,120.45,80671,0
KGH,60,20230411,170000,120.45,121.2,119.55,119.95,149715,0
KGH,60,20230412,100000,119.9,120.1,118.55,120.1,77419,0
KGH,60,20230412,110000,120.1,120.45,119.2,119.5,42077,0
KGH,60,20230412,120000,119.5,120.05,119.3,120,75613,0
KGH,60,20230412,130000,120.05,120.8,119.75,119.8,34235,0
KGH,60,20230412,140000,119.8,120.5,119.6,120.5,34640,0
KGH,60,20230412,150000,120.45,122.95,120.15,122.7,118698,0
KGH,60,20230412,160000,122.55,122.7,121.65,122,57912,0
KGH,60,20230412,170000,121.9,122.45,121.3,122,195633,0
KGH,60,20230413,100000,121.8,122.8,120.65,122.55,58070,0
KGH,60,20230413,110000,122.5,123.1,121.8,121.8,47788,0
KGH,60,20230413,120000,121.8,122.45,121.7,122.25,25924,0
KGH,60,20230413,130000,122.25,123.1,122.2,123,36859,0
KGH,60,20230413,140000,123,123.75,122.95,123.7,40991,0
KGH,60,20230413,150000,123.7,124.15,123.05,123.95,67551,0
KGH,60,20230413,160000,124.05,124.2,123.3,123.4,50932,0
KGH,60,20230413,170000,123.45,124.4,123.45,123.85,216785,0
KGH,60,20230414,100000,124.85,128,124.8,127.65,160290,0
KGH,60,20230414,110000,127.8,128.15,126.15,126.3,51088,0
KGH,60,20230414,120000,126.3,126.55,125.25,126.1,59388,0
KGH,60,20230414,130000,126,126.6,125.7,126.6,20785,0
KGH,60,20230414,140000,126.55,127.4,126.05,126.6,54759,0
KGH,60,20230414,150000,126.6,128.15,126.6,128,131082,0
KGH,60,20230414,160000,128,128.65,127.6,127.85,152580,0
KGH,60,20230414,170000,127.75,127.95,125.45,125.95,203204,0
KGH,60,20230417,100000,127.05,127.6,125.7,126.2,84380,0
KGH,60,20230417,110000,126.25,126.3,124,124.55,84073,0
KGH,60,20230417,120000,124.5,125.55,124.3,125.35,48557,0
KGH,60,20230417,130000,125.4,125.65,125.1,125.5,19538,0
KGH,60,20230417,140000,125.5,125.75,125,125.35,20943,0
KGH,60,20230417,150000,125.35,126.4,124.1,124.35,67073,0
KGH,60,20230417,160000,124.25,124.8,123.5,123.65,107336,0
KGH,60,20230417,170000,123.65,123.75,121.35,122.15,282549,0
KGH,60,20230418,100000,123.1,124.75,122.35,124.6,115106,0
KGH,60,20230418,110000,124.55,127.65,124.4,127.05,153377,0
KGH,60,20230418,120000,127.05,128.25,126.75,127.7,125168,0
KGH,60,20230418,130000,127.7,128.85,127.15,128.4,121439,0
KGH,60,20230418,140000,128.4,128.65,127.35,127.35,51246,0
KGH,60,20230418,150000,127.35,127.7,126.45,126.8,53094,0
KGH,60,20230418,160000,126.8,128.7,126.7,127.75,107090,0
KGH,60,20230418,170000,127.8,128.85,127.7,128.85,371880,0
KGH,60,20230419,100000,128.5,128.5,126.4,127.1,77524,0
KGH,60,20230419,110000,127.05,127.05,125.8,125.9,55081,0
KGH,60,20230419,120000,125.9,125.9,125.2,125.35,55716,0
KGH,60,20230419,130000,125.5,126,124.85,125.7,62807,0
KGH,60,20230419,140000,125.6,126.5,125.6,126.05,42352,0
KGH,60,20230419,150000,126.05,126.5,125.7,125.8,38278,0
KGH,60,20230419,160000,125.85,126.9,125,125.6,92622,0
KGH,60,20230419,170000,125.6,126.3,125.25,125.7,179378,0
KGH,60,20230420,100000,125.7,127.8,125.65,127.25,68669,0
KGH,60,20230420,110000,127.25,127.25,126.4,126.9,40933,0
KGH,60,20230420,120000,126.8,126.8,125.95,126.5,58656,0
KGH,60,20230420,130000,126.5,127.5,126.4,127.25,44426,0
KGH,60,20230420,140000,127.25,127.45,126.55,126.6,28036,0
KGH,60,20230420,150000,126.65,127.05,126.45,126.95,59031,0
KGH,60,20230420,160000,126.85,126.85,125.5,125.8,111092,0
KGH,60,20230420,170000,125.8,126.35,125.65,126.05,211824,0
KGH,60,20230421,100000,124.3,124.3,121.9,122.7,151789,0
KGH,60,20230421,110000,122.8,123.7,122.8,123.3,39910,0
KGH,60,20230421,120000,123.35,124,123.35,123.45,21467,0
KGH,60,20230421,130000,123.45,123.9,123.25,123.4,14897,0
KGH,60,20230421,140000,123.25,123.25,122,122.7,60588,0
KGH,60,20230421,150000,122.75,122.9,122.1,122.35,25072,0
KGH,60,20230421,160000,122.35,122.9,121.15,121.3,94533,0
KGH,60,20230421,170000,121.35,122.85,121.2,122.75,139877,0
KGH,60,20230424,100000,121,122.2,120.1,121.55,53784,0
KGH,60,20230424,110000,121.6,122.15,121.05,121.55,26232,0
KGH,60,20230424,120000,121.5,122.15,121.2,121.7,73012,0
KGH,60,20230424,130000,121.7,122.35,121.6,121.8,19691,0
KGH,60,20230424,140000,121.9,122.4,121.8,122.35,16948,0
KGH,60,20230424,150000,122.35,122.45,121.35,121.4,30527,0
KGH,60,20230424,160000,121.4,122.15,121.3,121.7,33159,0
KGH,60,20230424,170000,121.65,122.5,120.6,120.75,194502,0
KGH,60,20230425,100000,120.4,120.75,118.4,119.45,155737,0
KGH,60,20230425,110000,119.5,119.5,117.7,117.75,108097,0
KGH,60,20230425,120000,117.8,118.15,117.1,117.7,92895,0
KGH,60,20230425,130000,117.7,118.25,117.4,117.75,61006,0
KGH,60,20230425,140000,117.8,118.2,117.65,117.9,41522,0
KGH,60,20230425,150000,117.9,118.05,117.55,117.75,60852,0
KGH,60,20230425,160000,117.8,118.15,116.9,117,139745,0
KGH,60,20230425,170000,117,117.4,116.1,116.2,300287,0
KGH,60,20230426,100000,117.8,118.45,116,116.75,132992,0
KGH,60,20230426,110000,116.7,117.7,116.15,117.45,50495,0
KGH,60,20230426,120000,117.45,117.6,116.5,116.8,44681,0
KGH,60,20230426,130000,116.7,117.4,116.7,117.15,42924,0
KGH,60,20230426,140000,117.25,117.4,116.75,116.85,43844,0
KGH,60,20230426,150000,116.9,117.15,116.65,116.85,39616,0
KGH,60,20230426,160000,116.75,118.25,116.75,117.7,104701,0
KGH,60,20230426,170000,117.6,117.95,117.1,117.95,155616,0
KGH,60,20230427,100000,117.2,119.25,117.2,119.05,81065,0
KGH,60,20230427,110000,119.1,119.35,118.3,118.8,39639,0
KGH,60,20230427,120000,118.85,119.25,118.15,118.3,75304,0
KGH,60,20230427,130000,118.35,118.45,117.35,118.05,57175,0
KGH,60,20230427,140000,118.05,118.55,117.95,118.15,22105,0
KGH,60,20230427,150000,118.05,118.35,117.8,118.15,28417,0
KGH,60,20230427,160000,118.35,118.55,117.75,118.25,48150,0
KGH,60,20230427,170000,118.3,119.5,118.3,119.3,179550,0
KGH,60,20230428,100000,120,120.2,117.65,118.3,73394,0
KGH,60,20230428,110000,118.3,118.3,116.55,116.85,90750,0
KGH,60,20230428,120000,116.85,118.35,116.3,118.3,61183,0
KGH,60,20230428,130000,118.35,118.95,117.9,118.15,27198,0
KGH,60,20230428,140000,118.1,119.1,117.75,119.1,61389,0
KGH,60,20230428,150000,119.15,119.15,118.45,118.85,41692,0
KGH,60,20230428,160000,118.8,120.1,118.8,120,89972,0
KGH,60,20230428,170000,120,120.35,119.4,119.4,176559,0
KGH,60,20230502,100000,119,120,117.9,118.05,88419,0
KGH,60,20230502,110000,117.9,118.1,117.3,117.75,44320,0
KGH,60,20230502,120000,117.75,118.4,117.45,118.25,35458,0
KGH,60,20230502,130000,118.25,118.7,118,118.65,32971,0
KGH,60,20230502,140000,118.65,119.1,118.55,118.8,25402,0
KGH,60,20230502,150000,118.75,118.85,118.3,118.55,27176,0
KGH,60,20230502,160000,118.6,118.75,117.15,117.5,107105,0
KGH,60,20230502,170000,117.5,117.5,116,116,202578,0
KGH,60,20230504,100000,116.2,118.75,116.1,118.35,103048,0
KGH,60,20230504,110000,118.2,118.35,117.2,117.35,34766,0
KGH,60,20230504,120000,117.35,117.9,117.15,117.6,37088,0
KGH,60,20230504,130000,117.6,117.9,117.05,117.35,34268,0
KGH,60,20230504,140000,117.35,117.95,117,117.3,46879,0
KGH,60,20230504,150000,117.35,117.55,116.45,116.45,31885,0
KGH,60,20230504,160000,116.5,116.9,116.25,116.5,32371,0
KGH,60,20230504,170000,116.45,116.55,115.5,116.15,270796,0
KGH,60,20230505,100000,117.3,117.9,116.6,117.2,26836,0
KGH,60,20230505,110000,117.2,118.2,116.6,117.95,38116,0
KGH,60,20230505,120000,118.05,118.35,117.5,118,40370,0
KGH,60,20230505,130000,118.1,118.3,117.8,117.8,15902,0
KGH,60,20230505,140000,117.85,118,117.3,117.65,16184,0
KGH,60,20230505,150000,117.55,117.95,117.4,117.7,18452,0
KGH,60,20230505,160000,117.65,118.4,117.6,118.1,49144,0
KGH,60,20230505,170000,118.2,118.95,118,118.55,92653,0
KGH,60,20230508,100000,119.45,120.75,119.1,120.6,72502,0
KGH,60,20230508,110000,120.65,121.4,120.3,120.9,32867,0
KGH,60,20230508,120000,120.8,121.7,120.8,121.65,41193,0
KGH,60,20230508,130000,121.6,123.2,121.5,123.05,79233,0
KGH,60,20230508,140000,123.05,123.3,122.5,123.25,43670,0
KGH,60,20230508,150000,123.2,123.7,122.65,122.8,69601,0
KGH,60,20230508,160000,122.85,123.1,121.7,122.35,36976,0
KGH,60,20230508,170000,122.4,122.45,121.6,122.1,74330,0
KGH,60,20230509,100000,121.4,121.4,119.15,119.3,79192,0
KGH,60,20230509,110000,119.3,119.7,119.1,119.4,26421,0
KGH,60,20230509,120000,119.45,120.1,119.45,119.7,24105,0
KGH,60,20230509,130000,119.75,119.95,119.35,119.45,24309,0
KGH,60,20230509,140000,119.4,119.9,119.3,119.45,23736,0
KGH,60,20230509,150000,119.45,119.85,119.4,119.6,27718,0
KGH,60,20230509,160000,119.6,120.5,119.3,120.5,46332,0
KGH,60,20230509,170000,120.5,120.6,119.7,120.45,119235,0
KGH,60,20230510,100000,120.7,121.8,119.9,120,87092,0
KGH,60,20230510,110000,120,120,119.15,119.2,27067,0
KGH,60,20230510,120000,119.2,119.65,119.15,119.55,18698,0
KGH,60,20230510,130000,119.5,119.65,118.95,119.3,26327,0
KGH,60,20230510,140000,119.3,119.75,119.05,119.65,19048,0
KGH,60,20230510,150000,119.65,122.5,119,122.5,80213,0
KGH,60,20230510,160000,122.45,122.45,119.7,120.4,68909,0
KGH,60,20230510,170000,120.5,120.95,119.15,119.15,127846,0
KGH,60,20230511,100000,118,118.9,117.05,118,130516,0
KGH,60,20230511,110000,118.05,118.35,117.4,117.4,77385,0
KGH,60,20230511,120000,117.45,117.8,117.25,117.65,44962,0
KGH,60,20230511,130000,117.6,117.8,117.15,117.35,47845,0
KGH,60,20230511,140000,117.4,117.45,116.2,116.7,141179,0
KGH,60,20230511,150000,116.6,117.35,116.5,116.55,51343,0
KGH,60,20230511,160000,116.55,116.55,114.65,114.75,267647,0
KGH,60,20230511,170000,114.75,115,114.2,114.8,230904,0
KGH,60,20230512,100000,115.5,115.95,114.05,114.75,107207,0
KGH,60,20230512,110000,114.8,115.5,114.25,115.1,59522,0
KGH,60,20230512,120000,115.1,115.65,114.95,115.25,72527,0
KGH,60,20230512,130000,115.25,115.25,114.65,115,135727,0
KGH,60,20230512,140000,115,115.1,114.6,114.75,40591,0
KGH,60,20230512,150000,114.8,115,114.3,114.95,64504,0
KGH,60,20230512,160000,114.95,115.65,114.85,115.25,68905,0
KGH,60,20230512,170000,115.2,115.4,114.6,114.65,134708,0
KGH,60,20230515,100000,115.6,116.25,115.3,115.95,66533,0
KGH,60,20230515,110000,115.9,116.25,115.3,115.4,41356,0
KGH,60,20230515,120000,115.35,116.1,115.3,115.8,27035,0
KGH,60,20230515,130000,115.75,115.95,115.3,115.55,33469,0
KGH,60,20230515,140000,115.65,115.7,115.25,115.25,63280,0
KGH,60,20230515,150000,115.3,115.5,114.4,114.45,61368,0
KGH,60,20230515,160000,114.45,115.5,114.4,115.4,49412,0
KGH,60,20230515,170000,115.4,116.4,115,116.2,239335,0
KGH,60,20230516,100000,114.8,116.75,114.5,116.5,59323,0
KGH,60,20230516,110000,116.55,116.55,115.55,115.9,22200,0
KGH,60,20230516,120000,115.9,116.2,115.65,115.8,65148,0
KGH,60,20230516,130000,115.85,115.85,115.4,115.55,27805,0
KGH,60,20230516,140000,115.6,115.6,114.65,114.7,33214,0
KGH,60,20230516,150000,114.7,114.8,113.85,114.25,74300,0
KGH,60,20230516,160000,114.25,114.5,113.7,114.2,102470,0
KGH,60,20230516,170000,114.15,115.15,113.8,114.8,191947,0
KGH,60,20230517,100000,115,115,113.7,114,48295,0
KGH,60,20230517,110000,114,114.65,114,114.3,46954,0
KGH,60,20230517,120000,114.3,114.35,113.7,114.15,37380,0
KGH,60,20230517,130000,114.25,114.25,113.8,113.9,31692,0
KGH,60,20230517,140000,113.9,113.95,113.1,113.25,66257,0
KGH,60,20230517,150000,113.15,113.35,112.85,113.2,64408,0
KGH,60,20230517,160000,113.1,114.65,113.1,113.7,74428,0
KGH,60,20230517,170000,113.7,113.85,113,113.1,136021,0
KGH,60,20230518,100000,113.45,114.45,111.6,112.6,167756,0
KGH,60,20230518,110000,112.55,113.05,112.25,112.6,33566,0
KGH,60,20230518,120000,112.55,113.4,112.5,112.85,44771,0
KGH,60,20230518,130000,112.9,113.4,112.75,113.4,49606,0
KGH,60,20230518,140000,113.4,113.6,113.15,113.25,23030,0
KGH,60,20230518,150000,113.15,113.2,112.75,112.75,33355,0
KGH,60,20230518,160000,112.7,112.85,110.65,110.7,108054,0
KGH,60,20230518,170000,110.85,111.85,110.35,111.35,187476,0
KGH,60,20230519,100000,112.3,113.25,111.65,112.25,90394,0
KGH,60,20230519,110000,112.25,112.9,112.05,112.9,40702,0
KGH,60,20230519,120000,112.9,113.6,112.85,112.9,57781,0
KGH,60,20230519,130000,112.8,113.25,112.5,112.5,31979,0
KGH,60,20230519,140000,112.6,113,112.3,112.8,30162,0
KGH,60,20230519,150000,112.75,113.25,112.4,113.2,55317,0
KGH,60,20230519,160000,113.2,113.2,111.75,112.05,75078,0
KGH,60,20230519,170000,112,112.7,111.9,112.7,153216,0
KGH,60,20230522,100000,112.9,113.25,111.85,113.15,57407,0
KGH,60,20230522,110000,113.1,114.45,112.85,114.4,48574,0
KGH,60,20230522,120000,114.35,114.45,113.8,113.9,45338,0
KGH,60,20230522,130000,114,114,113.15,113.55,43695,0
KGH,60,20230522,140000,113.65,113.65,113,113.15,31275,0
KGH,60,20230522,150000,113.25,114.15,113.2,114,37277,0
KGH,60,20230522,160000,114.05,114.75,113.85,113.9,66221,0
KGH,60,20230522,170000,113.85,114.3,113.5,113.6,79440,0
KGH,60,20230523,100000,113,114.05,112.25,113.8,90912,0
KGH,60,20230523,110000,113.85,114,112.65,112.95,40685,0
KGH,60,20230523,120000,112.9,113.15,112.55,112.55,28659,0
KGH,60,20230523,130000,112.55,112.65,112.35,112.6,38544,0
KGH,60,20230523,140000,112.55,112.6,112,112.1,44501,0
KGH,60,20230523,150000,112.1,112.3,111.55,111.65,41136,0
KGH,60,20230523,160000,111.65,111.7,110.9,110.9,108235,0
KGH,60,20230523,170000,111,111.35,110.5,111,204296,0
KGH,60,20230524,100000,110,110.2,106.65,106.75,271166,0
KGH,60,20230524,110000,106.8,107.9,106.5,107.7,97465,0
KGH,60,20230524,120000,107.75,107.9,106.35,106.35,80943,0
KGH,60,20230524,130000,106.45,106.65,105.7,106.6,95354,0
KGH,60,20230524,140000,106.6,107.35,106.5,106.75,67113,0
KGH,60,20230524,150000,106.8,107.55,106.7,107.05,55345,0
KGH,60,20230524,160000,107.05,107.15,106.15,106.15,97712,0
KGH,60,20230524,170000,106.15,106.3,105.1,105.7,343029,0
KGH,60,20230525,100000,106.05,106.9,104.5,105.45,103580,0
KGH,60,20230525,110000,105.45,106.3,105.3,106.05,38082,0
KGH,60,20230525,120000,106.05,107.65,106.05,107.35,66037,0
KGH,60,20230525,130000,107.35,107.5,106.6,106.9,38276,0
KGH,60,20230525,140000,106.95,107.15,106.7,107.05,20069,0
KGH,60,20230525,150000,107.1,107.15,106.35,107.05,25826,0
KGH,60,20230525,160000,107.15,107.35,106.4,106.9,33078,0
KGH,60,20230525,170000,107,107,105.2,105.3,178669,0
KGH,60,20230526,100000,107.2,107.6,106.4,107.25,69866,0
KGH,60,20230526,110000,107.3,107.8,107.15,107.65,43642,0
KGH,60,20230526,120000,107.65,108.1,107.35,107.9,33295,0
KGH,60,20230526,130000,107.9,108.1,107.45,107.95,28646,0
KGH,60,20230526,140000,108,108.8,107.9,108.75,50700,0
KGH,60,20230526,150000,108.8,109.15,108.4,108.75,33023,0
KGH,60,20230526,160000,108.75,109.1,108.25,108.9,42431,0
KGH,60,20230526,170000,108.95,109.5,108.6,109.3,101556,0
KGH,60,20230529,100000,110,110.5,108.65,109.2,46755,0
KGH,60,20230529,110000,109.3,109.9,109.1,109.25,23104,0
KGH,60,20230529,120000,109.25,109.6,109,109.2,12083,0
KGH,60,20230529,130000,109.2,109.85,109.2,109.7,10025,0
KGH,60,20230529,140000,109.75,110.55,109.65,110.2,27677,0
KGH,60,20230529,150000,110.3,110.4,109.65,109.65,15167,0
KGH,60,20230529,160000,109.7,109.8,109.05,109.25,17539,0
KGH,60,20230529,170000,109.25,110.1,109.05,109.6,44499,0
KGH,60,20230530,100000,109.2,109.2,107.5,107.9,55086,0
KGH,60,20230530,110000,107.95,108.6,107.85,108.5,35361,0
KGH,60,20230530,120000,108.45,109.4,108.35,109.15,35908,0
KGH,60,20230530,130000,109.15,110,109.15,109.6,27585,0
KGH,60,20230530,140000,109.6,110,108.3,108.3,47536,0
KGH,60,20230530,150000,108.35,108.65,107.75,107.95,43536,0
KGH,60,20230530,160000,108,108.15,106.55,106.9,62552,0
KGH,60,20230530,170000,106.8,107.25,106.55,106.85,130866,0
KGH,60,20230531,100000,105.9,106.65,105.05,106.55,97874,0
KGH,60,20230531,110000,106.6,106.8,105.7,105.8,37840,0
KGH,60,20230531,120000,105.9,106.05,105.3,105.35,51665,0
KGH,60,20230531,130000,105.35,106.25,105.35,105.8,29741,0
KGH,60,20230531,140000,105.85,106,105.6,105.95,25341,0
KGH,60,20230531,150000,105.85,106.2,105.55,105.8,29950,0
KGH,60,20230531,160000,105.8,107.1,105.7,106.6,55063,0
KGH,60,20230531,170000,106.5,106.5,104.6,104.6,973725,0
