<TICKER>,<PER>,<DATE>,<TIME>,<OPEN>,<HIGH>,<LOW>,<CLOSE>,<VOL>,<OPENINT>
KRU,60,20220804,100000,259,261.4,259,260.4,406,0
KRU,60,20220804,110000,260,262.4,260,261,254,0
KRU,60,20220804,120000,261,262.4,260.8,260.8,91,0
KRU,60,20220804,130000,260.4,263.4,260,262.4,258,0
KRU,60,20220804,140000,263.8,264.6,263.2,264,486,0
KRU,60,20220804,150000,264.2,265,263.4,264.6,1060,0
KRU,60,20220804,160000,264.2,264.2,262,262,1031,0
KRU,60,20220804,170000,262,262,257.8,258.4,2808,0
KRU,60,20220805,100000,260,264.8,260,264.4,803,0
KRU,60,20220805,110000,264,264.2,263,263,558,0
KRU,60,20220805,120000,262.6,262.6,262,262.2,377,0
KRU,60,20220805,130000,262.2,262.2,261,261,411,0
KRU,60,20220805,140000,261,263.4,261,263.4,334,0
KRU,60,20220805,150000,263.4,263.8,261.2,261.4,1330,0
KRU,60,20220805,160000,261.4,262.8,261.4,261.4,400,0
KRU,60,20220805,170000,262.2,265,262,263.8,2416,0
KRU,60,20220808,100000,265,269.2,265,268.8,424,0
KRU,60,20220808,110000,267.6,267.6,262,263.4,722,0
KRU,60,20220808,120000,264.2,267.2,263.4,266.2,154,0
KRU,60,20220808,130000,266,266.8,265.4,266.8,241,0
KRU,60,20220808,140000,266,267,265.2,266.8,497,0
KRU,60,20220808,150000,266.8,266.8,265.8,265.8,76,0
KRU,60,20220808,160000,265.6,265.6,264.6,265,159,0
KRU,60,20220808,170000,265,267.2,264,266,1843,0
KRU,60,20220809,100000,268.4,268.6,263.6,263.6,308,0
KRU,60,20220809,110000,263.4,264.6,263.4,264.6,12,0
KRU,60,20220809,120000,265.2,267.6,265.2,267.6,82,0
KRU,60,20220809,130000,267.4,267.4,263.6,263.6,271,0
KRU,60,20220809,140000,263.6,264,258.2,261,2101,0
KRU,60,20220809,150000,261,261,259.4,261,242,0
KRU,60,20220809,160000,260.2,260.2,259.6,260,124,0
KRU,60,20220809,170000,259,259,258.6,258.8,1331,0
KRU,60,20220810,100000,256,265.6,255.2,255.2,263,0
KRU,60,20220810,110000,256,259.8,256,259.8,352,0
KRU,60,20220810,120000,259.6,261,259.6,260.6,246,0
KRU,60,20220810,130000,258.4,258.8,257,257,416,0
KRU,60,20220810,140000,256.8,256.8,255,255.6,3973,0
KRU,60,20220810,150000,254.6,260.8,254,259,1337,0
KRU,60,20220810,160000,259.8,260.6,259,259.2,350,0
KRU,60,20220810,170000,260.4,263.8,259.2,259.8,2837,0
KRU,60,20220811,100000,260.2,265.4,260.2,263.4,554,0
KRU,60,20220811,110000,265,269,264.6,266.8,1800,0
KRU,60,20220811,120000,266.8,268.2,265.4,267.6,1347,0
KRU,60,20220811,130000,267.6,269.8,267.6,269,1435,0
KRU,60,20220811,140000,269,272,268.4,272,1491,0
KRU,60,20220811,150000,271,282.6,270,276.4,3021,0
KRU,60,20220811,160000,276.4,279,276.4,279,1340,0
KRU,60,20220811,170000,278,279.4,275.8,278.6,4480,0
KRU,60,20220812,100000,278.8,279,275,278.8,949,0
KRU,60,20220812,110000,278.8,280.6,278,280,1377,0
KRU,60,20220812,120000,280.8,284,280.2,282.4,1641,0
KRU,60,20220812,130000,282.4,285,281,281,1229,0
KRU,60,20220812,140000,280.6,283.2,278.6,283.2,467,0
KRU,60,20220812,150000,280.8,280.8,278.6,278.6,43,0
KRU,60,20220812,160000,279.8,284.4,277.6,281.6,1124,0
KRU,60,20220812,170000,283,283.4,281,281.2,2809,0
KRU,60,20220816,100000,285,286.6,280.6,283.2,4367,0
KRU,60,20220816,110000,286.2,287,284.2,286.6,2282,0
KRU,60,20220816,120000,285,287.4,285,287.2,2052,0
KRU,60,20220816,130000,287,287,285.4,285.8,308,0
KRU,60,20220816,140000,285.8,291.8,285.4,291,2015,0
KRU,60,20220816,150000,290.8,291,289,289.6,1846,0
KRU,60,20220816,160000,289,292.4,289,291.6,2915,0
KRU,60,20220816,170000,292.4,296.4,291.8,293,6027,0
KRU,60,20220817,100000,294.8,294.8,287.2,287.4,658,0
KRU,60,20220817,110000,286.4,286.4,283.2,285.4,1133,0
KRU,60,20220817,120000,285.4,290,285.4,289.4,1916,0
KRU,60,20220817,130000,290.2,293.4,289.2,292.8,2039,0
KRU,60,20220817,140000,293,294,288.8,289,2733,0
KRU,60,20220817,150000,289,293,289,290.2,2205,0
KRU,60,20220817,160000,290.4,293.6,288.2,289.6,3733,0
KRU,60,20220817,170000,290.2,290.6,282,283.8,5079,0
KRU,60,20220818,100000,285.8,287,284.4,287,712,0
KRU,60,20220818,110000,288,288,286.4,287.2,193,0
KRU,60,20220818,120000,287.4,287.6,285,286.6,917,0
KRU,60,20220818,130000,286.6,287.2,285.6,285.6,295,0
KRU,60,20220818,140000,285.4,285.6,283,285,646,0
KRU,60,20220818,150000,284,286,284,285,946,0
KRU,60,20220818,160000,286,286,285,285,529,0
KRU,60,20220818,170000,285.6,289.4,285,288.6,1899,0
KRU,60,20220819,100000,289.8,289.8,281,283,573,0
KRU,60,20220819,110000,281,281.2,276.4,277,1294,0
KRU,60,20220819,120000,277.8,282,277.2,282,432,0
KRU,60,20220819,130000,281,281.8,278.2,278.2,363,0
KRU,60,20220819,140000,278.4,281.6,278.4,280,709,0
KRU,60,20220819,150000,279.8,281.6,279.8,280.6,582,0
KRU,60,20220819,160000,281,281,280,280,648,0
KRU,60,20220819,170000,279.4,283.6,277.8,282,2878,0
KRU,60,20220822,100000,281,281,275.2,276,1410,0
KRU,60,20220822,110000,275.6,277.4,272.6,277.4,834,0
KRU,60,20220822,120000,278,278,274.8,275.8,304,0
KRU,60,20220822,130000,275.8,278,274.8,278,357,0
KRU,60,20220822,140000,278.6,279,277.6,277.6,119,0
KRU,60,20220822,150000,278.4,278.4,276.6,276.6,540,0
KRU,60,20220822,160000,276,277.2,275,275.8,370,0
KRU,60,20220822,170000,275,280,275,278,1366,0
KRU,60,20220823,100000,281,282,278,281.8,1059,0
KRU,60,20220823,110000,281.8,286.2,280.6,283.4,1218,0
KRU,60,20220823,120000,283.4,285.8,282,283.8,290,0
KRU,60,20220823,130000,284,284,280.8,280.8,153,0
KRU,60,20220823,140000,280.8,282.2,280.2,280.2,100,0
KRU,60,20220823,150000,280.4,281.2,280.4,281.2,148,0
KRU,60,20220823,160000,281.8,282.4,281.8,281.8,230,0
KRU,60,20220823,170000,281.8,282.8,280,281.4,1747,0
KRU,60,20220824,100000,282,287.4,276.2,278.6,880,0
KRU,60,20220824,110000,279,279.8,278.6,279.6,283,0
KRU,60,20220824,120000,279.2,279.2,276.2,277.2,334,0
KRU,60,20220824,130000,277.4,279,277.4,277.4,33,0
KRU,60,20220824,140000,277.4,277.4,277,277.4,451,0
KRU,60,20220824,150000,278.2,278.4,277,277.4,578,0
KRU,60,20220824,160000,277.2,281.8,276,281,4734,0
KRU,60,20220824,170000,282,284.8,280.8,282,2207,0
KRU,60,20220825,100000,287.2,289.4,284.4,287.8,1025,0
KRU,60,20220825,110000,287.6,287.6,284.2,287,360,0
KRU,60,20220825,120000,286.4,287.4,285,285,2071,0
KRU,60,20220825,130000,285,287.2,285,287.2,613,0
KRU,60,20220825,140000,288,289.6,287.6,289.6,454,0
KRU,60,20220825,150000,288.4,289,287.8,288.8,1082,0
KRU,60,20220825,160000,288,293.6,286.4,293,2980,0
KRU,60,20220825,170000,293.4,294.2,291,291.4,4844,0
KRU,60,20220826,100000,292,295,290.2,293,569,0
KRU,60,20220826,110000,293,294.8,293,294.6,1574,0
KRU,60,20220826,120000,294.4,294.6,293.6,293.6,510,0
KRU,60,20220826,130000,292.6,292.6,291,291,709,0
KRU,60,20220826,140000,291,291.2,291,291,47,0
KRU,60,20220826,150000,291.4,291.6,291,291,418,0
KRU,60,20220826,160000,291.2,292,291,292,235,0
KRU,60,20220826,170000,292,295,291,294,4409,0
KRU,60,20220829,100000,292.2,292.2,285,288.2,5823,0
KRU,60,20220829,110000,288.2,290,287.6,288.2,825,0
KRU,60,20220829,120000,288.4,289,287.6,287.6,292,0
KRU,60,20220829,130000,287.4,287.6,286.2,286.4,1335,0
KRU,60,20220829,140000,286.4,288,286.2,288,334,0
KRU,60,20220829,150000,287.4,291.8,287.4,291.8,1749,0
KRU,60,20220829,160000,290.6,291.6,290.6,291.2,424,0
KRU,60,20220829,170000,291.2,291.8,289.8,289.8,1964,0
KRU,60,20220830,100000,291.8,292.2,288.2,290.8,1168,0
KRU,60,20220830,110000,291.6,295,291.4,293.8,1422,0
KRU,60,20220830,120000,294,297,293.2,296.8,6451,0
KRU,60,20220830,130000,297,298.8,296.8,297.8,4620,0
KRU,60,20220830,140000,298.4,299.8,297.2,299.8,1775,0
KRU,60,20220830,150000,299.2,301.2,298.6,299.8,8574,0
KRU,60,20220830,160000,299,299,296,296,2339,0
KRU,60,20220830,170000,296.4,297.8,294,295,13333,0
KRU,60,20220831,100000,294.6,301.2,294.2,297,3068,0
KRU,60,20220831,110000,297.2,300.8,296,298.6,2869,0
KRU,60,20220831,120000,297.6,301.8,297,300,2573,0
KRU,60,20220831,130000,300.8,300.8,298.6,298.6,901,0
KRU,60,20220831,140000,297.4,299.8,297,299.8,1297,0
KRU,60,20220831,150000,298.8,302.8,298.8,301.8,1484,0
KRU,60,20220831,160000,300.4,301,299.2,300.2,2520,0
KRU,60,20220831,170000,300,302.4,299.2,302.4,6844,0
KRU,60,20220901,100000,301.2,301.4,299,299,1755,0
KRU,60,20220901,110000,299,301.4,299,299.4,1820,0
KRU,60,20220901,120000,299.2,299.8,295.2,295.6,5721,0
KRU,60,20220901,130000,295.4,300.6,295,299.6,1494,0
KRU,60,20220901,140000,299.6,300,298.6,298.6,992,0
KRU,60,20220901,150000,299,299.2,291,292.4,1837,0
KRU,60,20220901,160000,292.4,292.6,291.2,291.4,828,0
KRU,60,20220901,170000,291.4,291.6,286,288,3620,0
KRU,60,20220902,100000,288,295,278.2,278.6,3905,0
KRU,60,20220902,110000,278.6,288.4,278.6,287.6,3933,0
KRU,60,20220902,120000,287.6,287.6,283.6,284,1142,0
KRU,60,20220902,130000,283.6,288.8,283.2,285.4,1136,0
KRU,60,20220902,140000,285.2,285.6,282.4,284.8,1207,0
KRU,60,20220902,150000,285,285.4,281,281,1627,0
KRU,60,20220902,160000,281.4,284.6,279,282.6,2901,0
KRU,60,20220902,170000,282,283.8,280.8,282.6,1930,0
KRU,60,20220905,100000,282.6,283.8,277,278.4,1113,0
KRU,60,20220905,110000,278.4,279.2,277,277,209,0
KRU,60,20220905,120000,277,281.8,277,281.8,338,0
KRU,60,20220905,130000,281.2,289.8,281.2,287.6,1270,0
KRU,60,20220905,140000,288,289.6,285.2,285.2,436,0
KRU,60,20220905,150000,285.2,288,285.2,288,158,0
KRU,60,20220905,160000,288,289,286.2,286.2,317,0
KRU,60,20220905,170000,287,288.2,286,288.2,541,0
KRU,60,20220906,100000,290.2,290.6,284.2,284.2,358,0
KRU,60,20220906,110000,287,287,282,283.4,313,0
KRU,60,20220906,120000,282.4,283.4,282,282.2,80,0
KRU,60,20220906,130000,282.2,282.2,282.2,282.2,2,0
KRU,60,20220906,140000,282.2,282.2,279,279.6,580,0
KRU,60,20220906,150000,280,281.8,279.6,281.4,206,0
KRU,60,20220906,160000,280.8,282,277,278,492,0
KRU,60,20220906,170000,277,278.8,275.4,276.6,1579,0
KRU,60,20220907,100000,277,282,275,278,854,0
KRU,60,20220907,110000,278,285,277.6,283.6,2436,0
KRU,60,20220907,120000,283.4,283.4,280.4,282.8,651,0
KRU,60,20220907,130000,282.4,282.8,277.4,277.4,839,0
KRU,60,20220907,140000,278.2,280,275,278.4,1485,0
KRU,60,20220907,150000,278.8,278.8,275,275.4,209,0
KRU,60,20220907,160000,275,279,274.4,278,954,0
KRU,60,20220907,170000,278,283.2,277,277,2143,0
KRU,60,20220908,100000,280,281,277.2,279,1868,0
KRU,60,20220908,110000,280.6,282.8,277,279,1634,0
KRU,60,20220908,120000,279.2,281,277.2,279,17321,0
KRU,60,20220908,130000,279,279.4,275,275.6,3916,0
KRU,60,20220908,140000,275.6,276.8,273,275,1419,0
KRU,60,20220908,150000,275.6,275.6,270,273.8,2290,0
KRU,60,20220908,160000,272,273.8,270.6,272.8,2603,0
KRU,60,20220908,170000,273.4,273.4,270,270,5190,0
KRU,60,20220909,100000,272,287.4,272,283.6,9188,0
KRU,60,20220909,110000,282,284,281.4,282,2711,0
KRU,60,20220909,120000,281.8,281.8,275,275.8,1959,0
KRU,60,20220909,130000,275.8,277.8,274,275.2,1679,0
KRU,60,20220909,140000,274.8,275,271.2,272.2,2468,0
KRU,60,20220909,150000,271.8,273.4,270.6,272,1369,0
KRU,60,20220909,160000,270.8,271.2,266.2,268.2,2592,0
KRU,60,20220909,170000,268.2,271.2,267,271.2,3326,0
KRU,60,20220912,100000,274.4,274.4,266.6,268.8,2490,0
KRU,60,20220912,110000,268.8,269,265.8,265.8,2169,0
KRU,60,20220912,120000,265.8,267,264.6,265.2,888,0
KRU,60,20220912,130000,263.8,267.4,263.2,266.8,843,0
KRU,60,20220912,140000,266.8,269,266,268.8,833,0
KRU,60,20220912,150000,268.8,269,267.4,268.2,1435,0
KRU,60,20220912,160000,268.2,269,266.8,268.8,2874,0
KRU,60,20220912,170000,268.6,269,266.4,268.6,1202,0
KRU,60,20220913,100000,269,269,263.2,263.8,1581,0
KRU,60,20220913,110000,263.8,266,262,262,1398,0
KRU,60,20220913,120000,262.4,262.4,261,262.4,606,0
KRU,60,20220913,130000,262.4,265.4,262.4,263.6,368,0
KRU,60,20220913,140000,263,264.8,263,264,755,0
KRU,60,20220913,150000,263.2,263.8,259,259.8,4889,0
KRU,60,20220913,160000,259.2,260.2,256.4,258.8,2259,0
KRU,60,20220913,170000,258.4,264,258.4,260,3540,0
KRU,60,20220914,100000,259.8,260.6,255,257.8,2269,0
KRU,60,20220914,110000,255.8,256.8,254,256,1348,0
KRU,60,20220914,120000,255.6,257.8,254,254.8,1489,0
KRU,60,20220914,130000,254,254.6,253,253.8,578,0
KRU,60,20220914,140000,253.8,254.4,248.2,250.2,3062,0
KRU,60,20220914,150000,250.8,252.8,250.8,252.8,1831,0
KRU,60,20220914,160000,253.2,254,252,252.4,1291,0
KRU,60,20220914,170000,252.4,255,251.2,255,2859,0
KRU,60,20220915,100000,255,255,253,254.2,1676,0
KRU,60,20220915,110000,254,255,253,254.8,4320,0
KRU,60,20220915,120000,254.8,255,254,254.8,1065,0
KRU,60,20220915,130000,254.6,255,254.4,254.8,1085,0
KRU,60,20220915,140000,254.8,255,252.8,252.8,862,0
KRU,60,20220915,150000,252.8,253.8,252.4,252.4,381,0
KRU,60,20220915,160000,252.8,254,252.2,254,667,0
KRU,60,20220915,170000,254.8,255,252.4,252.4,1487,0
KRU,60,20220916,100000,254.6,254.6,246.2,249,1631,0
KRU,60,20220916,110000,249.8,250.2,245.6,246.8,1227,0
KRU,60,20220916,120000,246.6,249.2,246.4,248.4,24735,0
KRU,60,20220916,130000,248.2,248.4,247.2,248.4,697,0
KRU,60,20220916,140000,248.4,248.8,245,245.6,4980,0
KRU,60,20220916,150000,245.2,245.6,242.2,242.6,1307,0
KRU,60,20220916,160000,242.6,243.8,238.6,239.6,3174,0
KRU,60,20220916,170000,239.8,245,239.6,245,22435,0
KRU,60,20220919,100000,245,246,241,244,2868,0
KRU,60,20220919,110000,244,246,242.2,243,6628,0
KRU,60,20220919,120000,242,242.8,241.2,241.8,934,0
KRU,60,20220919,130000,242.4,242.8,240.2,241,1198,0
KRU,60,20220919,140000,240.4,242.2,240.2,240.8,408,0
KRU,60,20220919,150000,240.2,241.4,240,240,726,0
KRU,60,20220919,160000,240,242.4,238.6,241.8,2236,0
KRU,60,20220919,170000,242.2,242.8,240.8,242.8,2176,0
KRU,60,20220920,100000,244,244,239.2,240.4,1675,0
KRU,60,20220920,110000,239.8,239.8,237,237,1643,0
KRU,60,20220920,120000,237.6,240,237.6,238,1349,0
KRU,60,20220920,130000,237.6,238.4,237.2,238.4,579,0
KRU,60,20220920,140000,238.4,239.4,236.6,238.2,1172,0
KRU,60,20220920,150000,239.2,239.6,236.6,237.8,1262,0
KRU,60,20220920,160000,237.6,237.8,235,236,3683,0
KRU,60,20220920,170000,235.8,238.4,235.4,238,3504,0
KRU,60,20220921,100000,238.6,238.6,234.8,236.6,5273,0
KRU,60,20220921,110000,236.6,236.6,235,235,2000,0
KRU,60,20220921,120000,235.4,235.8,234.4,235.2,1465,0
KRU,60,20220921,130000,235.4,235.6,233.2,235.2,905,0
KRU,60,20220921,140000,235,236,233.8,236,663,0
KRU,60,20220921,150000,235.8,242.6,234.6,242,1412,0
KRU,60,20220921,160000,242.2,242.2,238,239.8,942,0
KRU,60,20220921,170000,240.2,241.8,239.8,240.4,2771,0
KRU,60,20220922,100000,240,242.6,237,242,1348,0
KRU,60,20220922,110000,242.6,254,241.8,250,4832,0
KRU,60,20220922,120000,249.4,251.2,249.4,250.4,5523,0
KRU,60,20220922,130000,250,250.4,250,250.4,450,0
KRU,60,20220922,140000,251.4,251.4,250,250.6,699,0
KRU,60,20220922,150000,250.6,253,250.4,251.8,343,0
KRU,60,20220922,160000,251.8,252,247,247.2,1172,0
KRU,60,20220922,170000,247.2,248.4,245.2,248.4,1516,0
KRU,60,20220923,100000,250,250,241.2,245.4,1256,0
KRU,60,20220923,110000,243.2,243.2,241.2,242,1818,0
KRU,60,20220923,120000,242,243,237.2,238.4,2600,0
KRU,60,20220923,130000,238.6,240.6,238.2,238.8,1355,0
KRU,60,20220923,140000,238.4,239,238.2,238.2,1305,0
KRU,60,20220923,150000,238.2,240,235.2,236.4,1243,0
KRU,60,20220923,160000,236.2,239.4,236.2,238.6,2968,0
KRU,60,20220923,170000,238.6,240,238.2,239.2,3814,0
KRU,60,20220926,100000,239,241.6,231.4,236.4,2210,0
KRU,60,20220926,110000,234.2,236.6,233.2,234.4,1558,0
KRU,60,20220926,120000,234.6,236.8,234.6,235.4,1004,0
KRU,60,20220926,130000,236,236,234.6,234.6,490,0
KRU,60,20220926,140000,234.2,234.6,230,232.2,1844,0
KRU,60,20220926,150000,230.8,234.6,230,232.8,2773,0
KRU,60,20220926,160000,233.6,236,230.8,235.8,1575,0
KRU,60,20220926,170000,235.8,240.6,235.4,238.6,5398,0
KRU,60,20220927,100000,237,242.6,234.4,239.8,2252,0
KRU,60,20220927,110000,238.4,239.2,235,239,1300,0
KRU,60,20220927,120000,238,243.4,238,239,3137,0
KRU,60,20220927,130000,239,240,238,240,1203,0
KRU,60,20220927,140000,239.2,239.8,238,239.2,2593,0
KRU,60,20220927,150000,238.6,239,236.4,237.4,1027,0
KRU,60,20220927,160000,236,236.8,232.4,233.8,1791,0
KRU,60,20220927,170000,234,234.8,231.2,234.2,3498,0
KRU,60,20220928,100000,234,234,227,231.8,5218,0
KRU,60,20220928,110000,231,232,229.4,230.4,1807,0
KRU,60,20220928,120000,229.2,229.2,226,228,5483,0
KRU,60,20220928,130000,228.6,230.8,228.6,229,2149,0
KRU,60,20220928,140000,228.6,228.6,226.2,228.6,3078,0
KRU,60,20220928,150000,228.6,231,228.6,229.8,1518,0
KRU,60,20220928,160000,229.6,230.2,228.2,230.2,1660,0
KRU,60,20220928,170000,229.4,230.4,228.4,230.4,2645,0
KRU,60,20220929,100000,231.2,235.8,226.8,228.6,913,0
KRU,60,20220929,110000,229.6,229.6,227.4,227.4,293,0
KRU,60,20220929,120000,227.4,230.6,227.4,229.4,360,0
KRU,60,20220929,130000,229.8,234.8,229.2,234.8,1762,0
KRU,60,20220929,140000,234.8,234.8,231,232.8,764,0
KRU,60,20220929,150000,230.6,231.8,226.4,226.8,1494,0
KRU,60,20220929,160000,226.8,232.6,226.6,227.4,2414,0
KRU,60,20220929,170000,226.8,227.8,224.2,227.8,3141,0
KRU,60,20220930,100000,228.4,231.8,226.6,228.4,1688,0
KRU,60,20220930,110000,228.6,228.6,224,227,1493,0
KRU,60,20220930,120000,228.2,229.2,227.2,229.2,419,0
KRU,60,20220930,130000,230,231,229.4,230.6,866,0
KRU,60,20220930,140000,230.4,231,227.6,228.2,757,0
KRU,60,20220930,150000,228.2,232.6,227,232.2,1783,0
KRU,60,20220930,160000,231.4,233.4,227.6,233.4,2230,0
KRU,60,20220930,170000,233.6,236,232.4,236,3737,0
KRU,60,20221003,100000,236,238,232.4,232.4,1404,0
KRU,60,20221003,110000,232.4,232.6,228,231,4026,0
KRU,60,20221003,120000,229.6,231.2,229,230.2,705,0
KRU,60,20221003,130000,230.2,230.8,229,229,579,0
KRU,60,20221003,140000,229,229.4,226.4,227.4,568,0
KRU,60,20221003,150000,228,228.8,226.6,228.8,810,0
KRU,60,20221003,160000,228.8,232.6,228.8,230.2,2094,0
KRU,60,20221003,170000,230.6,239.8,230.6,239.8,5757,0
KRU,60,20221004,100000,239.8,247,233,240,1957,0
KRU,60,20221004,110000,240,243,240,240.4,859,0
KRU,60,20221004,120000,241,241.6,238.8,240.6,566,0
KRU,60,20221004,130000,240.8,242.8,240,242.8,362,0
KRU,60,20221004,140000,242.8,243,240.8,241.2,190,0
KRU,60,20221004,150000,242,242,235,236.2,3514,0
KRU,60,20221004,160000,236.8,239.6,236,239.6,490,0
KRU,60,20221004,170000,239.6,243.2,238,243.2,4474,0
KRU,60,20221005,100000,244,244,239,240.2,1439,0
KRU,60,20221005,110000,240.2,242.6,240,242.6,752,0
KRU,60,20221005,120000,242.6,243.6,241.6,242.2,138,0
KRU,60,20221005,130000,242.2,244.8,241.4,244.4,1102,0
KRU,60,20221005,140000,244.8,244.8,242.8,243.4,1362,0
KRU,60,20221005,150000,243.4,243.6,242.4,242.4,611,0
KRU,60,20221005,160000,242.2,242.2,239.4,240.8,1071,0
KRU,60,20221005,170000,241.4,243.2,240.4,240.4,3148,0
KRU,60,20221006,100000,242,244.4,242,244.4,1308,0
KRU,60,20221006,110000,244.4,244.4,243.2,243.2,1243,0
KRU,60,20221006,120000,243.6,244,242.8,243.8,1033,0
KRU,60,20221006,130000,243,243.8,242.8,243.8,686,0
KRU,60,20221006,140000,243.2,246,243.2,246,815,0
KRU,60,20221006,150000,245.2,246.8,245,245,1555,0
KRU,60,20221006,160000,246,246,244.6,244.6,744,0
KRU,60,20221006,170000,244.4,246.8,242.6,246.8,3210,0
KRU,60,20221007,100000,247,247,242.2,245,95,0
KRU,60,20221007,110000,245,245,244.2,244.2,125,0
KRU,60,20221007,120000,244.2,244.4,244,244,113,0
KRU,60,20221007,130000,244.6,244.6,243.4,243.4,175,0
KRU,60,20221007,140000,243.4,243.6,243,243.6,191,0
KRU,60,20221007,150000,245.4,247.4,244.4,246.4,1852,0
KRU,60,20221007,160000,245.2,247.6,244,244.2,1621,0
KRU,60,20221007,170000,244.2,245.8,243,245,1792,0
KRU,60,20221010,100000,244.4,244.4,239,240,557,0
KRU,60,20221010,110000,240,240.4,239,239.2,1273,0
KRU,60,20221010,120000,239.2,240.6,239,240,357,0
KRU,60,20221010,130000,239.8,240,236.8,236.8,1045,0
KRU,60,20221010,140000,237,243.4,237,242.4,1444,0
KRU,60,20221010,150000,240.6,243.4,239.4,243.2,379,0
KRU,60,20221010,160000,242.4,243.4,240.6,241.4,1892,0
KRU,60,20221010,170000,241.4,242.6,241.4,242.6,1818,0
KRU,60,20221011,100000,243.6,246.8,242.4,246.8,2009,0
KRU,60,20221011,110000,246,246.4,242.8,242.8,1199,0
KRU,60,20221011,120000,242.6,244.2,242.4,244.2,546,0
KRU,60,20221011,130000,244,246.6,243.6,246.6,1551,0
KRU,60,20221011,140000,245.8,245.8,244,244,426,0
KRU,60,20221011,150000,244,250,244,249.6,9668,0
KRU,60,20221011,160000,249.4,253.2,247.4,249.6,7332,0
KRU,60,20221011,170000,248.2,251,245.6,250,4379,0
KRU,60,20221012,100000,247.6,250.6,246.4,249.8,1810,0
KRU,60,20221012,110000,248.6,255,248.6,250.8,3177,0
KRU,60,20221012,120000,250.6,253.4,248.8,251.2,1078,0
KRU,60,20221012,130000,251.2,251.8,247.6,251.8,1655,0
KRU,60,20221012,140000,250,251.2,249.4,250,1186,0
KRU,60,20221012,150000,250,251.6,248.4,249.2,2099,0
KRU,60,20221012,160000,249.6,251.8,248,250,3810,0
KRU,60,20221012,170000,250.6,253.2,249,252,9286,0
KRU,60,20221013,100000,253.6,254,247.8,250.4,704,0
KRU,60,20221013,110000,250.2,252,248.4,250,1942,0
KRU,60,20221013,120000,250,252.8,250,252.8,1105,0
KRU,60,20221013,130000,252.8,253.4,250.4,251.4,484,0
KRU,60,20221013,140000,250.4,254.6,250,252.2,2585,0
KRU,60,20221013,150000,253.2,256.6,247.8,251,6233,0
KRU,60,20221013,160000,251,254.4,250.2,253.2,3979,0
KRU,60,20221013,170000,253.6,256.6,252.6,256,4778,0
KRU,60,20221014,100000,258,264.4,256,260,2301,0
KRU,60,20221014,110000,260,261.2,258.6,259.4,791,0
KRU,60,20221014,120000,258,261,256.2,261,626,0
KRU,60,20221014,130000,261,261.6,260,260.4,214,0
KRU,60,20221014,140000,261.4,261.4,257.2,259,335,0
KRU,60,20221014,150000,257.6,260.4,257.6,260.4,227,0
KRU,60,20221014,160000,261.8,262.2,260,260,707,0
KRU,60,20221014,170000,259.8,259.8,258,259.8,2535,0
KRU,60,20221017,100000,262.6,264,259.2,261.6,1353,0
KRU,60,20221017,110000,260.6,261.4,258.6,259.4,763,0
KRU,60,20221017,120000,259.6,259.6,258.8,258.8,225,0
KRU,60,20221017,130000,258.8,258.8,257.4,257.4,378,0
KRU,60,20221017,140000,256.8,258,256.6,257.6,301,0
KRU,60,20221017,150000,258.2,259.6,258,259,325,0
KRU,60,20221017,160000,259.6,261.6,258.4,260.6,815,0
KRU,60,20221017,170000,261,262,259.2,259.2,6022,0
KRU,60,20221018,100000,259.2,262.4,258,261.8,1029,0
KRU,60,20221018,110000,262.8,263,261,262.2,442,0
KRU,60,20221018,120000,261.2,263.2,261,262.4,1487,0
KRU,60,20221018,130000,262.2,263,261,261.8,1290,0
KRU,60,20221018,140000,262.2,263,262.2,263,893,0
KRU,60,20221018,150000,263,263.6,262.8,262.8,1792,0
KRU,60,20221018,160000,262.6,263.4,261.8,261.8,1357,0
KRU,60,20221018,170000,261.8,263.6,261.8,262.6,1667,0
KRU,60,20221019,100000,264,264,259.2,259.2,631,0
KRU,60,20221019,110000,258.8,259.4,257.2,259.4,524,0
KRU,60,20221019,120000,259,261,259,260.8,267,0
KRU,60,20221019,130000,260,260,258,258.6,356,0
KRU,60,20221019,140000,259.2,259.8,254.8,256.8,987,0
KRU,60,20221019,150000,256.8,256.8,253.4,254.6,422,0
KRU,60,20221019,160000,255,255.6,253.4,254,1035,0
KRU,60,20221019,170000,254,254,250.2,251,8180,0
KRU,60,20221020,100000,254,255.8,248.2,253.8,1097,0
KRU,60,20221020,110000,253.8,257,252.8,256.6,1910,0
KRU,60,20221020,120000,256.4,257.8,255.8,257.8,1369,0
KRU,60,20221020,130000,257.6,257.6,254.4,256.8,656,0
KRU,60,20221020,140000,256.8,259.2,255.4,259,2934,0
KRU,60,20221020,150000,259.4,263,256.8,260.4,4997,0
KRU,60,20221020,160000,259.4,272.6,259.4,272.6,7845,0
KRU,60,20221020,170000,272.6,277.4,271.2,274.6,9955,0
KRU,60,20221021,100000,277,277,265.2,267.6,3853,0
KRU,60,20221021,110000,268.4,268.6,260.2,263.6,3031,0
KRU,60,20221021,120000,262,265.8,261,264.4,7080,0
KRU,60,20221021,130000,264.4,265,262.6,264.6,3167,0
KRU,60,20221021,140000,264.6,265.8,263.6,264,4420,0
KRU,60,20221021,150000,264,264.6,261.8,263,2945,0
KRU,60,20221021,160000,263.8,266,263.4,264.6,2643,0
KRU,60,20221021,170000,264.8,269.2,264.6,266.2,4425,0
KRU,60,20221024,100000,270,274.6,270,271.6,2220,0
KRU,60,20221024,110000,271.4,278,270.2,276,1494,0
KRU,60,20221024,120000,276.6,279,274.2,276.4,2171,0
KRU,60,20221024,130000,275.8,276.4,273.2,273.8,1525,0
KRU,60,20221024,140000,273.8,274.6,271.8,273.2,2110,0
KRU,60,20221024,150000,273.6,274.8,273,274.6,1815,0
KRU,60,20221024,160000,273.8,274.2,271.2,272.2,2996,0
KRU,60,20221024,170000,272.4,273.6,270.6,272,6691,0
KRU,60,20221025,100000,275,275,273,274.2,1140,0
KRU,60,20221025,110000,274,275,273.4,274,1571,0
KRU,60,20221025,120000,274,274,269,269.8,1684,0
KRU,60,20221025,130000,270.4,274,269,273.8,994,0
KRU,60,20221025,140000,272.8,273,269.8,269.8,1549,0
KRU,60,20221025,150000,270,270,268,269.2,1986,0
KRU,60,20221025,160000,270,273,269.8,271.8,3408,0
KRU,60,20221025,170000,271.6,271.8,269,269,3752,0
KRU,60,20221026,100000,273,274,269.6,270.8,1924,0
KRU,60,20221026,110000,271.8,271.8,270,270.6,541,0
KRU,60,20221026,120000,270.6,271.6,268.8,269.8,615,0
KRU,60,20221026,130000,270,271,269,270,315,0
KRU,60,20221026,140000,269.6,270.4,268.6,270.2,388,0
KRU,60,20221026,150000,270,270.6,268.6,269.4,408,0
KRU,60,20221026,160000,269.6,272,269.6,270.8,2581,0
KRU,60,20221026,170000,271.4,273,270,271.4,4496,0
KRU,60,20221027,100000,272.6,272.8,269.6,271.6,977,0
KRU,60,20221027,110000,272,273.6,269.4,270.6,3365,0
KRU,60,20221027,120000,270,270,267.4,269,1445,0
KRU,60,20221027,130000,269.6,269.6,267,267.6,704,0
KRU,60,20221027,140000,267,267.6,266.4,267.4,770,0
KRU,60,20221027,150000,267,268,266.8,267,1817,0
KRU,60,20221027,160000,268,270.4,264,267,7722,0
KRU,60,20221027,170000,267,273.6,266.6,269,10027,0
KRU,60,20221028,100000,269,269,265.6,267.4,920,0
KRU,60,20221028,110000,266.4,268.6,266.4,267.8,450,0
KRU,60,20221028,120000,268.2,272,268,271.2,2659,0
KRU,60,20221028,130000,272,276,272,274.6,4673,0
KRU,60,20221028,140000,274.4,275,273.6,274.8,2468,0
KRU,60,20221028,150000,274.8,280.8,274.2,278.2,4488,0
KRU,60,20221028,160000,278.6,279,274.4,275.6,2982,0
KRU,60,20221028,170000,275.6,276,273.8,274.2,5530,0
KRU,60,20221031,100000,275.4,277.6,271.4,275.6,1290,0
KRU,60,20221031,110000,274.6,279.8,274.6,276.8,1343,0
KRU,60,20221031,120000,276.4,277,275.8,275.8,435,0
KRU,60,20221031,130000,275.4,280,275.2,280,1148,0
KRU,60,20221031,140000,279.6,279.6,278.4,279,1303,0
KRU,60,20221031,150000,278.4,279.6,278,278,1328,0
KRU,60,20221031,160000,278.4,279.2,276.2,278,1598,0
KRU,60,20221031,170000,278,279.6,277,278.4,3788,0
KRU,60,20221102,100000,279,281.6,277,278,2876,0
KRU,60,20221102,110000,278.6,279,276,276.4,3063,0
KRU,60,20221102,120000,276.4,279,276.4,277.6,3570,0
KRU,60,20221102,130000,278.4,279,277,277,3116,0
KRU,60,20221102,140000,277.8,277.8,276.6,277,2908,0
KRU,60,20221102,150000,277.2,278.2,275.4,276.8,6297,0
KRU,60,20221102,160000,276.6,276.6,273.6,275.4,3448,0
KRU,60,20221102,170000,275.8,275.8,272.4,274,6549,0
KRU,60,20221103,100000,274,274,262.4,265.4,5583,0
KRU,60,20221103,110000,265.4,265.8,263.8,265.4,1341,0
KRU,60,20221103,120000,265.4,265.4,262,263.4,3145,0
KRU,60,20221103,130000,262.6,263.8,261.2,262.8,1693,0
KRU,60,20221103,140000,263,264,260.8,262,4249,0
KRU,60,20221103,150000,262,265,261.8,263.6,8402,0
KRU,60,20221103,160000,263.8,266.2,262.6,265.8,4774,0
KRU,60,20221103,170000,265.4,265.8,263.2,263.4,4729,0
KRU,60,20221104,100000,265.4,268.8,263.6,266.8,2451,0
KRU,60,20221104,110000,266.8,267.4,266,267.2,1788,0
KRU,60,20221104,120000,266.2,268,265.6,267.8,5316,0
KRU,60,20221104,130000,267.8,268,266.4,266.8,1886,0
KRU,60,20221104,140000,266,266.8,266,266.8,3492,0
KRU,60,20221104,150000,266.8,267,262,264.2,7485,0
KRU,60,20221104,160000,264,264.4,259.4,259.8,12777,0
KRU,60,20221104,170000,259.8,260.4,250,250,159510,0
KRU,60,20221107,100000,252,259.4,252,259.2,30427,0
KRU,60,20221107,110000,258.8,262,258,259,12569,0
KRU,60,20221107,120000,259,259.2,257.8,258.6,5028,0
KRU,60,20221107,130000,259,262,256,261.2,13673,0
KRU,60,20221107,140000,261.2,264.2,261,262,7436,0
KRU,60,20221107,150000,262.2,264.4,261.8,264,13696,0
KRU,60,20221107,160000,264.2,268.4,264.2,267.2,5313,0
KRU,60,20221107,170000,267.8,267.8,265.6,266.6,12454,0
KRU,60,20221108,100000,266.6,274,259.8,272,6059,0
KRU,60,20221108,110000,272,272,267.6,268.6,2758,0
KRU,60,20221108,120000,269.8,269.8,267.2,268.8,1611,0
KRU,60,20221108,130000,268.8,269,268,268.4,2111,0
KRU,60,20221108,140000,268.4,269,267.6,268.2,1711,0
KRU,60,20221108,150000,269,269,267.4,269,3901,0
KRU,60,20221108,160000,269,273.2,269,272,4921,0
KRU,60,20221108,170000,271.8,272.6,269.6,271.6,7890,0
KRU,60,20221109,100000,271,281.4,269,280.4,8020,0
KRU,60,20221109,110000,280.4,283,278.2,281.4,10655,0
KRU,60,20221109,120000,281.4,285,279.8,283.4,7060,0
KRU,60,20221109,130000,283.4,288,282.6,282.8,8705,0
KRU,60,20221109,140000,283.4,287,282.2,285,4303,0
KRU,60,20221109,150000,285.8,285.8,282.8,284.6,3034,0
KRU,60,20221109,160000,284.6,285.8,282,282.2,5390,0
KRU,60,20221109,170000,282.2,285,278,280,17158,0
KRU,60,20221110,100000,281,284,275.4,281.6,4978,0
KRU,60,20221110,110000,281.6,282,276.8,277.8,6023,0
KRU,60,20221110,120000,277,277,274,275,3839,0
KRU,60,20221110,130000,275,277.6,274.2,275.4,3842,0
KRU,60,20221110,140000,274.8,275.4,270.8,272.2,2618,0
KRU,60,20221110,150000,273,280.8,273,277,4744,0
KRU,60,20221110,160000,277.2,283.2,276,279.4,9638,0
KRU,60,20221110,170000,279.8,280,277.8,277.8,8988,0
KRU,60,20221114,100000,279.2,282.6,278,280.2,4974,0
KRU,60,20221114,110000,280.2,285.2,280.2,281.6,4192,0
KRU,60,20221114,120000,281,282.4,280.2,281.6,7189,0
KRU,60,20221114,130000,280.8,283.8,280,280.8,4009,0
KRU,60,20221114,140000,280.6,285.2,280.4,283.6,3227,0
KRU,60,20221114,150000,284,287,283.8,287,4090,0
KRU,60,20221114,160000,287,289.2,285.4,287,5338,0
KRU,60,20221114,170000,287.8,288.4,282,283.8,11399,0
KRU,60,20221115,100000,283.8,285.4,280.6,284.8,4330,0
KRU,60,20221115,110000,284.8,287.8,283.2,283.4,1514,0
KRU,60,20221115,120000,283.4,286.2,280.8,285.2,4329,0
KRU,60,20221115,130000,285.8,286,281.6,283.8,2468,0
KRU,60,20221115,140000,282.8,284,282.8,283.2,1577,0
KRU,60,20221115,150000,283.6,289.8,283.4,288,4010,0
KRU,60,20221115,160000,288.4,290,285,285.8,8866,0
KRU,60,20221115,170000,285.8,288.2,284.2,286.6,6227,0
KRU,60,20221116,100000,285.6,286.8,280.8,280.8,3544,0
KRU,60,20221116,110000,280.6,284.2,278,280,2526,0
KRU,60,20221116,120000,281.4,284,280.6,283,1399,0
KRU,60,20221116,130000,284,285,280.8,284.6,849,0
KRU,60,20221116,140000,286,286,283,285.2,1326,0
KRU,60,20221116,150000,284.4,285.4,283.8,285.2,314,0
KRU,60,20221116,160000,284.8,289.6,284.4,287.4,2537,0
KRU,60,20221116,170000,287,290,285.8,289.6,7317,0
KRU,60,20221117,100000,290,290,281,281,5245,0
KRU,60,20221117,110000,282,282.8,279,282,3342,0
KRU,60,20221117,120000,282,283,280.2,281.6,1820,0
KRU,60,20221117,130000,283.2,283.2,281,281.2,1766,0
KRU,60,20221117,140000,281.2,281.8,279,280.6,4463,0
KRU,60,20221117,150000,281,284.6,279.8,284.6,2465,0
KRU,60,20221117,160000,284.6,285.2,282.6,284,3570,0
KRU,60,20221117,170000,283.8,284.2,280.8,281.4,5771,0
KRU,60,20221118,100000,281,283.8,276.6,282.6,3315,0
KRU,60,20221118,110000,282.6,287.6,282.6,285,2520,0
KRU,60,20221118,120000,285,287.4,284,284.8,2589,0
KRU,60,20221118,130000,285,286.4,284,284,2382,0
KRU,60,20221118,140000,284,284.6,282.2,282.4,821,0
KRU,60,20221118,150000,282,284,281.2,281.6,1185,0
KRU,60,20221118,160000,281.6,283.4,280.2,280.8,2032,0
KRU,60,20221118,170000,281,285.4,280.4,283.6,4505,0
KRU,60,20221121,100000,285.6,285.6,280.8,283,1916,0
KRU,60,20221121,110000,282,282.2,280.2,282.2,915,0
KRU,60,20221121,120000,282,282,280.4,282,1129,0
KRU,60,20221121,130000,282,282,279,279,2989,0
KRU,60,20221121,140000,279,280.6,279,280.6,578,0
KRU,60,20221121,150000,280.6,280.8,279.2,280.8,1774,0
KRU,60,20221121,160000,280.8,280.8,277.6,278.8,2507,0
KRU,60,20221121,170000,278.8,280.2,277.2,277.2,5651,0
KRU,60,20221122,100000,278,282.2,276.6,278.8,2471,0
KRU,60,20221122,110000,279,283,279,281.8,3490,0
KRU,60,20221122,120000,283.4,283.8,280.4,283.6,1964,0
KRU,60,20221122,130000,283,285.2,282.6,283.6,3856,0
KRU,60,20221122,140000,284,284.4,283,284,1157,0
KRU,60,20221122,150000,284.6,285,283.4,283.8,2032,0
KRU,60,20221122,160000,283.6,286,283,284.8,3495,0
KRU,60,20221122,170000,284.4,285.2,281.8,281.8,4273,0
KRU,60,20221123,100000,283.8,284,281,281.2,402,0
KRU,60,20221123,110000,282.2,283,281,282.4,582,0
KRU,60,20221123,120000,281.4,281.4,279.2,279.8,3387,0
KRU,60,20221123,130000,279.8,280.8,279.4,280.8,556,0
KRU,60,20221123,140000,281,281,279.6,280.2,407,0
KRU,60,20221123,150000,280.2,281.4,280.2,281.2,1515,0
KRU,60,20221123,160000,281.2,281.2,280.2,280.6,890,0
KRU,60,20221123,170000,280.6,282.4,280.6,281.8,23891,0
KRU,60,20221124,100000,284.2,284.2,280,280,836,0
KRU,60,20221124,110000,280.4,282.4,279.8,279.8,545,0
KRU,60,20221124,120000,279.8,281.8,279.8,280.6,127,0
KRU,60,20221124,140000,280.6,282.2,280.6,282.2,119,0
KRU,60,20221124,150000,282.4,285,282.4,284.6,1075,0
KRU,60,20221124,160000,284.4,285.2,283.4,284.4,589,0
KRU,60,20221124,170000,284.6,286.8,284,285,3127,0
KRU,60,20221125,100000,287,287.2,282.4,285.2,4139,0
KRU,60,20221125,110000,286.6,291.6,286.6,289.4,3681,0
KRU,60,20221125,120000,289.4,293,289,290,2570,0
KRU,60,20221125,130000,290,292,289.4,289.4,921,0
KRU,60,20221125,140000,289.4,290,289.4,289.8,151,0
KRU,60,20221125,150000,289,289.2,288,288,860,0
KRU,60,20221125,160000,288,291.6,288,291.6,2808,0
KRU,60,20221125,170000,291.6,294.2,291,292.2,4283,0
KRU,60,20221128,100000,292.2,295,290,292.8,1990,0
KRU,60,20221128,110000,292.4,295,292,293,1232,0
KRU,60,20221128,120000,293,294.8,293,293.8,408,0
KRU,60,20221128,130000,294,294.6,292.8,293.8,3013,0
KRU,60,20221128,140000,293.8,294.6,292.6,293.2,2327,0
KRU,60,20221128,150000,293.8,295.4,293.8,294,1734,0
KRU,60,20221128,160000,294,294.8,292.6,294.4,3482,0
KRU,60,20221128,170000,293.8,296,293.4,294.6,4785,0
KRU,60,20221129,100000,295.8,296,291.8,295.8,2502,0
KRU,60,20221129,110000,294.6,296,293.8,295.2,3574,0
KRU,60,20221129,120000,295,295.4,294.2,294.2,1299,0
KRU,60,20221129,130000,294.2,294.2,291.4,291.6,3267,0
KRU,60,20221129,140000,292.2,293.4,292.2,292.8,2236,0
KRU,60,20221129,150000,292.8,293,292.2,292.2,1910,0
KRU,60,20221129,160000,292.4,295,292.4,293.6,3190,0
KRU,60,20221129,170000,294.6,295,293,293,5431,0
KRU,60,20221130,100000,294,294.6,291.8,294.2,1440,0
KRU,60,20221130,110000,294.4,298.4,294.4,298.4,3449,0
KRU,60,20221130,120000,298.2,299.2,297.6,298.2,3240,0
KRU,60,20221130,130000,298.6,299,297.6,298.4,2856,0
KRU,60,20221130,140000,297.6,299.2,297.6,299,2416,0
KRU,60,20221130,150000,298.6,300.2,297.8,300,3748,0
KRU,60,20221130,160000,300,301.8,299.6,299.6,3335,0
KRU,60,20221130,170000,299.4,299.6,297.4,298.2,10154,0
KRU,60,20221201,100000,299,299,293.4,295.8,5912,0
KRU,60,20221201,110000,295.6,297.6,295.2,296.8,2867,0
KRU,60,20221201,120000,297.2,299.8,297,299.4,2530,0
KRU,60,20221201,130000,299.4,299.6,295.4,295.8,3033,0
KRU,60,20221201,140000,295.8,297,293.4,293.4,4526,0
KRU,60,20221201,150000,293.4,294.4,291.6,292.4,3261,0
KRU,60,20221201,160000,292,294.6,290,290,5029,0
KRU,60,20221201,170000,290,296.8,290,295.2,8575,0
KRU,60,20221202,100000,292.8,302.8,292.8,302.8,10272,0
KRU,60,20221202,110000,302.2,304.8,301,302.2,28395,0
KRU,60,20221202,120000,302,303.4,300.2,301.6,2217,0
KRU,60,20221202,130000,302.6,302.6,299,299.2,365,0
KRU,60,20221202,140000,299.4,300,298.2,298.4,755,0
KRU,60,20221202,150000,299.4,300.6,296.2,296.8,3674,0
KRU,60,20221202,160000,298,298,293.4,295.4,5720,0
KRU,60,20221202,170000,295.6,298,292.2,298,15927,0
KRU,60,20221205,100000,294.6,299,294.2,299,2010,0
KRU,60,20221205,110000,299.8,301.6,298.8,299.8,1209,0
KRU,60,20221205,120000,299.8,300,298.8,299.6,1066,0
KRU,60,20221205,130000,299.6,301.4,299.2,300,368,0
KRU,60,20221205,140000,299.8,300.6,298.8,298.8,539,0
KRU,60,20221205,150000,299.4,300,295.4,295.4,1969,0
KRU,60,20221205,160000,295.2,298.8,293,294.6,2871,0
KRU,60,20221205,170000,294.4,296.4,291.2,293.4,4118,0
KRU,60,20221206,100000,294,294,290.6,293.6,2421,0
KRU,60,20221206,110000,293,295.2,291.6,295.2,922,0
KRU,60,20221206,120000,294.4,294.8,293,294.2,590,0
KRU,60,20221206,130000,294.2,296,293.2,296,439,0
KRU,60,20221206,140000,296,296.2,294.6,294.6,260,0
KRU,60,20221206,150000,294.6,294.6,293,293.2,1285,0
KRU,60,20221206,160000,294,294.8,289.2,289.2,3185,0
KRU,60,20221206,170000,289.2,290,286.2,287.2,6291,0
KRU,60,20221207,100000,291.8,291.8,286,288.4,1194,0
KRU,60,20221207,110000,288.4,289.8,287.6,287.6,291,0
KRU,60,20221207,120000,287.8,289,287.4,289,591,0
KRU,60,20221207,130000,289,289,287.4,288.4,230,0
KRU,60,20221207,140000,287.8,287.8,285,285,1376,0
KRU,60,20221207,150000,285,287.2,285,287.2,453,0
KRU,60,20221207,160000,287.2,287.8,281,282.8,6577,0
KRU,60,20221207,170000,282.4,286.4,281.8,283.8,11178,0
KRU,60,20221208,100000,286.6,286.8,283.8,286,1344,0
KRU,60,20221208,110000,286,286.8,284,284,495,0
KRU,60,20221208,120000,284.2,284.2,282,283,714,0
KRU,60,20221208,130000,283.4,283.4,281,282.4,657,0
KRU,60,20221208,140000,283.4,284,282.8,284,250,0
KRU,60,20221208,150000,283,283.8,283,283.8,303,0
KRU,60,20221208,160000,283.6,283.6,280.2,280.6,2918,0
KRU,60,20221208,170000,280.6,283,280.2,281.6,6478,0
KRU,60,20221209,100000,281.2,282.2,278.8,279.6,2034,0
KRU,60,20221209,110000,279.4,280,279.2,279.6,314,0
KRU,60,20221209,120000,279.8,280.6,279.6,280.4,210,0
KRU,60,20221209,130000,280.4,281,280,281,192,0
KRU,60,20221209,140000,281,283.4,281,283,138,0
KRU,60,20221209,150000,283.6,283.8,277.2,279.2,2882,0
KRU,60,20221209,160000,278.6,279.8,278,279.2,1715,0
KRU,60,20221209,170000,279,279.6,277.4,279.6,4050,0
KRU,60,20221212,100000,282,282,275,276.6,1591,0
KRU,60,20221212,110000,276,276.8,274.4,276,1712,0
KRU,60,20221212,120000,276.6,276.6,274.8,274.8,1218,0
KRU,60,20221212,130000,276,276.4,274.8,275.6,634,0
KRU,60,20221212,140000,275.2,276.2,274.8,276.2,657,0
KRU,60,20221212,150000,276,276.6,275.6,276.6,611,0
KRU,60,20221212,160000,276.2,276.6,275.6,276.6,630,0
KRU,60,20221212,170000,276.6,280.8,275.6,275.8,7100,0
KRU,60,20221213,100000,279.4,280.8,275.8,277.2,2110,0
KRU,60,20221213,110000,277.2,278.8,274.2,274.6,1171,0
KRU,60,20221213,120000,274.6,277,273.8,276,1684,0
KRU,60,20221213,130000,276,277,275.4,276,874,0
KRU,60,20221213,140000,276,278.6,276,278.6,1177,0
KRU,60,20221213,150000,279.4,286.8,277.6,286.2,5634,0
KRU,60,20221213,160000,286.2,293,285.6,292.2,9214,0
KRU,60,20221213,170000,292.4,293,290,291.2,8479,0
KRU,60,20221214,100000,291.2,291.8,289.4,291.8,1296,0
KRU,60,20221214,110000,292,293,290,290.4,1536,0
KRU,60,20221214,120000,290.4,291.2,290,290,885,0
KRU,60,20221214,130000,290.4,290.8,289.2,289.8,1376,0
KRU,60,20221214,140000,289.8,290.8,289.4,290.8,1007,0
KRU,60,20221214,150000,290.8,291.8,290,291.2,1001,0
KRU,60,20221214,160000,291.2,291.2,290.2,290.8,1060,0
KRU,60,20221214,170000,290.2,291.6,290.2,290.8,4005,0
KRU,60,20221215,100000,291.6,292,289.4,290.4,2794,0
KRU,60,20221215,110000,290.4,292.4,290,292,1193,0
KRU,60,20221215,120000,291.8,292,289.4,290,2660,0
KRU,60,20221215,130000,290,291.2,290,291.2,988,0
KRU,60,20221215,140000,291.6,292.2,290.4,290.4,888,0
KRU,60,20221215,150000,290.4,291.4,289,290.8,5754,0
KRU,60,20221215,160000,290,291.2,290,290.2,3729,0
KRU,60,20221215,170000,290.4,292,290.2,290.2,5274,0
KRU,60,20221216,100000,286,292.8,282,289,2991,0
KRU,60,20221216,110000,289.2,289.4,287.6,289.2,1637,0
KRU,60,20221216,120000,289.4,289.4,286.2,288.2,2787,0
KRU,60,20221216,130000,288,291.2,287,291,1072,0
KRU,60,20221216,140000,290.4,292,290,291,1021,0
KRU,60,20221216,150000,291.6,291.6,290.4,290.6,629,0
KRU,60,20221216,160000,290.8,291,285,285.4,7316,0
KRU,60,20221216,170000,285,287,281,283.8,49835,0
KRU,60,20221219,100000,284.6,288.2,284.4,286.8,975,0
KRU,60,20221219,110000,286.8,286.8,283,284.2,1447,0
KRU,60,20221219,120000,285,287.8,284.8,287.8,770,0
KRU,60,20221219,130000,288.4,288.6,285.6,287,1283,0
KRU,60,20221219,140000,287,288.2,287,287.8,426,0
KRU,60,20221219,150000,287.8,288.2,287.4,287.6,1363,0
KRU,60,20221219,160000,287.6,287.8,285.2,286,2002,0
KRU,60,20221219,170000,285.8,287.2,284.4,284.4,4033,0
KRU,60,20221220,100000,282.8,284.4,280.4,281.4,1534,0
KRU,60,20221220,110000,281.2,283.2,281.2,283.2,2397,0
KRU,60,20221220,120000,283.6,283.6,282.4,283,631,0
KRU,60,20221220,130000,283,286.6,283,285.6,2250,0
KRU,60,20221220,140000,286.6,288.2,285,285.4,1228,0
KRU,60,20221220,150000,285.4,285.4,282.2,283,1614,0
KRU,60,20221220,160000,283,283.6,282,282.6,2177,0
KRU,60,20221220,170000,283.6,286.6,282.6,284.4,3871,0
KRU,60,20221221,100000,285,287.2,284.6,285.6,517,0
KRU,60,20221221,110000,285.6,285.6,285.6,285.6,33,0
KRU,60,20221221,120000,286,287.4,285,287.4,582,0
KRU,60,20221221,130000,287.4,287.4,287.4,287.4,50,0
KRU,60,20221221,140000,285.8,287.6,285.8,287.6,188,0
KRU,60,20221221,150000,287.6,287.6,286.4,286.4,441,0
KRU,60,20221221,160000,286,287.6,286,287.2,539,0
KRU,60,20221221,170000,287.8,289.8,287.6,289.8,1376,0
KRU,60,20221222,100000,288.2,296.8,288.2,294.4,3557,0
KRU,60,20221222,110000,294.8,298.2,294,296,1693,0
KRU,60,20221222,120000,296.4,299,295,298.6,1701,0
KRU,60,20221222,130000,299.4,299.6,296.8,299.6,1232,0
KRU,60,20221222,140000,299.6,301.2,297.8,299,2059,0
KRU,60,20221222,150000,299.8,300.2,297.2,299,1355,0
KRU,60,20221222,160000,299,299,296.6,297.2,3739,0
KRU,60,20221222,170000,296.4,297.6,295.6,297.4,4839,0
KRU,60,20221223,100000,298,303.4,296,302,2838,0
KRU,60,20221223,110000,302,302.6,300.2,300.8,954,0
KRU,60,20221223,120000,300.8,304.8,300.8,303.2,1535,0
KRU,60,20221223,130000,303.6,304,302.6,302.8,1300,0
KRU,60,20221223,140000,303,304,302.4,303.8,866,0
KRU,60,20221223,150000,303,303,300.6,301,1069,0
KRU,60,20221223,160000,300.8,303,300.2,302,1145,0
KRU,60,20221223,170000,302.8,303,302,303,3970,0
KRU,60,20221227,100000,305,305.2,301,305,1367,0
KRU,60,20221227,110000,305,305.2,303,305,552,0
KRU,60,20221227,120000,305,305,302.6,305,248,0
KRU,60,20221227,130000,305,305,302.8,303,552,0
KRU,60,20221227,140000,302.8,305,302.6,304.8,799,0
KRU,60,20221227,150000,304.8,305.2,304,304,776,0
KRU,60,20221227,160000,303.2,304.2,303,303.6,521,0
KRU,60,20221227,170000,303.6,304.4,303,304.4,1783,0
KRU,60,20221228,100000,304.2,304.2,299.6,301.4,2782,0
KRU,60,20221228,110000,301.4,302.8,300.8,302.6,726,0
KRU,60,20221228,120000,302.8,304,302.8,304,1682,0
KRU,60,20221228,130000,304,304,303,303.4,344,0
KRU,60,20221228,140000,303,303.8,301.8,302,452,0
KRU,60,20221228,150000,302,302.4,301.6,302,678,0
KRU,60,20221228,160000,302.6,303.8,301.8,302.6,1304,0
KRU,60,20221228,170000,303.4,303.6,301.4,301.4,2502,0
KRU,60,20221229,100000,303,304,299,303.8,853,0
KRU,60,20221229,110000,303.4,304.2,303,303.6,1432,0
KRU,60,20221229,120000,303.2,305.6,302.8,305.6,4842,0
KRU,60,20221229,130000,305.6,308,305.4,308,1191,0
KRU,60,20221229,140000,307.4,309,307,308.8,1107,0
KRU,60,20221229,150000,308.8,309.8,307.4,309.4,7190,0
KRU,60,20221229,160000,309.8,310.6,308,310,4976,0
KRU,60,20221229,170000,310,311.8,308.4,309.8,9451,0
KRU,60,20221230,100000,310.4,317.4,310.4,313.2,4842,0
KRU,60,20221230,110000,313.2,315.6,312.8,314.6,1170,0
KRU,60,20221230,120000,314.4,314.8,312.8,312.8,1122,0
KRU,60,20221230,130000,312.2,312.6,309.8,310.2,1735,0
KRU,60,20221230,140000,310.4,311,309.2,309.8,1267,0
KRU,60,20221230,150000,309.6,310.6,308.8,309.8,587,0
KRU,60,20221230,160000,309.2,310.4,308.2,308.2,2117,0
KRU,60,20221230,170000,308.8,311,308.8,310,3363,0
KRU,60,20230102,100000,313,315.8,312.2,314.6,859,0
KRU,60,20230102,110000,314.2,314.8,310.8,311.6,835,0
KRU,60,20230102,120000,311.6,313,311.6,312,567,0
KRU,60,20230102,130000,312.8,313.6,311.6,312.4,395,0
KRU,60,20230102,140000,312.8,313.2,312,312,423,0
KRU,60,20230102,150000,311.8,312.2,310.6,311,310,0
KRU,60,20230102,160000,311,311.2,310.6,311,587,0
KRU,60,20230102,170000,311,311.8,310.4,311.8,1177,0
KRU,60,20230103,100000,318,318,310.4,312.8,1877,0
KRU,60,20230103,110000,312.8,315.4,312.6,315,4106,0
KRU,60,20230103,120000,315.2,318,315,315.8,1539,0
KRU,60,20230103,130000,315.6,316.6,315,315.2,682,0
KRU,60,20230103,140000,315.2,316.4,315,316.4,985,0
KRU,60,20230103,150000,316.4,318,315.4,317.4,1058,0
KRU,60,20230103,160000,317.4,318,315.2,315.2,2306,0
KRU,60,20230103,170000,316,316,315,315,6512,0
KRU,60,20230104,100000,318,319,316,318.8,2471,0
KRU,60,20230104,110000,318.2,318.8,315.4,317.8,1024,0
KRU,60,20230104,120000,318,318.8,317,318,938,0
KRU,60,20230104,130000,319,319.2,318,318.2,999,0
KRU,60,20230104,140000,317.8,318,317,318,846,0
KRU,60,20230104,150000,318,318,317.6,318,2234,0
KRU,60,20230104,160000,318,318,317.6,318,2858,0
KRU,60,20230104,170000,317.6,319,317.6,318.6,5007,0
KRU,60,20230105,100000,319,324.2,316.6,321.8,5087,0
KRU,60,20230105,110000,321.4,324.8,321.4,324.8,3573,0
KRU,60,20230105,120000,324.8,326.4,324.2,325.4,2374,0
KRU,60,20230105,130000,324.4,325,321,321,3307,0
KRU,60,20230105,140000,321.8,322,320,320.2,1628,0
KRU,60,20230105,150000,320,321,318.4,319.4,1768,0
KRU,60,20230105,160000,319.6,321,317.4,318,4014,0
KRU,60,20230105,170000,318.2,322,317.6,319.8,33763,0
KRU,60,20230109,100000,320,329,320,328,9717,0
KRU,60,20230109,110000,327.6,328.4,321.8,323,5156,0
KRU,60,20230109,120000,323.8,328.4,323.2,327,10049,0
KRU,60,20230109,130000,326.8,327.2,325.4,326.8,4276,0
KRU,60,20230109,140000,326.2,328,324.8,325.6,3110,0
KRU,60,20230109,150000,324.8,326.8,324.8,326,3090,0
KRU,60,20230109,160000,326,327.8,325.6,327.8,9110,0
KRU,60,20230109,170000,327.2,331.8,326.4,330,16059,0
KRU,60,20230110,100000,327.6,329.8,322,326.6,3465,0
KRU,60,20230110,110000,326.6,329.8,326.6,328,5535,0
KRU,60,20230110,120000,328.2,329.8,327.4,328,2384,0
KRU,60,20230110,130000,328,328.4,326.8,327.6,1497,0
KRU,60,20230110,140000,326.8,328,325.6,327.4,1841,0
KRU,60,20230110,150000,327.4,327.4,325,326.8,4322,0
KRU,60,20230110,160000,326.8,328.6,325.6,328.6,4592,0
KRU,60,20230110,170000,328.4,334.8,326.8,334.4,20585,0
KRU,60,20230111,100000,334,336,331.6,332.6,3585,0
KRU,60,20230111,110000,332.4,333.8,329.6,330,5520,0
KRU,60,20230111,120000,330.8,331,328.6,330,21561,0
KRU,60,20230111,130000,329.2,330.6,328.6,330,5141,0
KRU,60,20230111,140000,329.6,330,329,329.6,2795,0
KRU,60,20230111,150000,329.6,329.8,328,329,2131,0
KRU,60,20230111,160000,328.4,329.4,327.2,328.4,4372,0
KRU,60,20230111,170000,328.8,330,328,328.8,5706,0
KRU,60,20230112,100000,330.2,332,329.4,330.6,2769,0
KRU,60,20230112,110000,331,331.6,328.8,330,3428,0
KRU,60,20230112,120000,330,331,329,329,3754,0
KRU,60,20230112,130000,329.2,333,329.2,332.4,7423,0
KRU,60,20230112,140000,332.4,332.8,329.4,329.6,3467,0
KRU,60,20230112,150000,329.6,331.8,327.2,330.6,6680,0
KRU,60,20230112,160000,331.2,333.4,327.6,329,5753,0
KRU,60,20230112,170000,329,330.6,328.4,329,5598,0
KRU,60,20230113,100000,328.2,329,325.2,327,2057,0
KRU,60,20230113,110000,327,328,324.6,326.6,1477,0
KRU,60,20230113,120000,326.6,327.6,326.2,327.6,4297,0
KRU,60,20230113,130000,327,328.2,326.4,326.8,2696,0
KRU,60,20230113,140000,326.8,327,326.2,327,1203,0
KRU,60,20230113,150000,327,327,322.8,325.6,2127,0
KRU,60,20230113,160000,325.8,326.2,324.2,325.6,1853,0
KRU,60,20230113,170000,324.2,325.2,322.4,323.6,3774,0
KRU,60,20230116,100000,323.6,323.6,319,322.6,3260,0
KRU,60,20230116,110000,322,325,320.4,324.2,1624,0
KRU,60,20230116,120000,323,324,321.6,323,2190,0
KRU,60,20230116,130000,324,324,322.8,324,1732,0
KRU,60,20230116,140000,323.8,324,322,324,1308,0
KRU,60,20230116,150000,324,324,322.4,323.8,1261,0
KRU,60,20230116,160000,323.8,325,323.4,323.8,6065,0
KRU,60,20230116,170000,324.8,325,321.4,324.4,4885,0
KRU,60,20230117,100000,325.2,326.2,323,323.6,1702,0
KRU,60,20230117,110000,324.2,324.6,323,323,2674,0
KRU,60,20230117,120000,323.8,324,322.8,324,586,0
KRU,60,20230117,130000,323.8,324,323.2,324,6188,0
KRU,60,20230117,140000,324,324,323.6,324,1388,0
KRU,60,20230117,150000,324,324,322.8,323,4858,0
KRU,60,20230117,160000,323.6,324,322.2,324,1860,0
KRU,60,20230117,170000,324,324,320.6,320.6,4877,0
KRU,60,20230118,100000,321.8,330.6,321.8,327.6,9686,0
KRU,60,20230118,110000,328,329.2,323.6,324,4466,0
KRU,60,20230118,120000,324.4,326,321.2,323.4,2987,0
KRU,60,20230118,130000,322.6,323,319.4,320,3730,0
KRU,60,20230118,140000,320,322.4,320,322.4,4058,0
KRU,60,20230118,150000,322.6,324,320.6,322.6,24409,0
KRU,60,20230118,160000,322.6,331.2,322.6,329,10681,0
KRU,60,20230118,170000,329.4,329.8,326,326,5791,0
KRU,60,20230119,100000,325.4,329.4,320.8,328.4,10006,0
KRU,60,20230119,110000,329,330.8,327.8,329.4,7019,0
KRU,60,20230119,120000,329.4,329.4,328.2,328.6,5589,0
KRU,60,20230119,130000,328.6,330,328.6,329.4,2437,0
KRU,60,20230119,140000,329.6,333,329.6,331,5861,0
KRU,60,20230119,150000,331,334,330.8,334,1864,0
KRU,60,20230119,160000,334.4,339.4,333.4,339.4,5824,0
KRU,60,20230119,170000,339.4,339.4,333.8,336,8115,0
KRU,60,20230120,100000,336,336,334.2,335.2,727,0
KRU,60,20230120,110000,334.2,335,332,332.6,1260,0
KRU,60,20230120,120000,332.4,333,332,333,2979,0
KRU,60,20230120,130000,332.4,332.8,332,332.8,1217,0
KRU,60,20230120,140000,333,333,332,332.6,3399,0
KRU,60,20230120,150000,332.4,333,332.2,333,1350,0
KRU,60,20230120,160000,332.6,333,332,333,4935,0
KRU,60,20230120,170000,332.6,334,332.2,334,20922,0
KRU,60,20230123,100000,335,341,334.2,340.2,4296,0
KRU,60,20230123,110000,340,343.8,340,341.8,3010,0
KRU,60,20230123,120000,341.8,342.6,339.8,341,2421,0
KRU,60,20230123,130000,342,343,341.4,343,2150,0
KRU,60,20230123,140000,343,343.4,341.8,341.8,3845,0
KRU,60,20230123,150000,342.4,342.6,339.8,340,2313,0
KRU,60,20230123,160000,339.6,340.8,338.4,340,2816,0
KRU,60,20230123,170000,340.6,340.6,338,338,4353,0
KRU,60,20230124,100000,338,343.4,336,338.8,3359,0
KRU,60,20230124,110000,338.4,340.2,337.6,338.2,2268,0
KRU,60,20230124,120000,338,338,335.6,338,3745,0
KRU,60,20230124,130000,338,338.2,336.2,336.6,1435,0
KRU,60,20230124,140000,336.4,337.8,336,336.6,1010,0
KRU,60,20230124,150000,336.6,337.8,335.4,336.6,1057,0
KRU,60,20230124,160000,336.6,339.8,335.4,338,4226,0
KRU,60,20230124,170000,337.4,338.2,334.8,336,6176,0
KRU,60,20230125,100000,341.8,342,336.4,339.2,3355,0
KRU,60,20230125,110000,338.8,339.8,334,335.4,2490,0
KRU,60,20230125,120000,334.2,336,332.8,333,2135,0
KRU,60,20230125,130000,333.2,335,332,335,1984,0
KRU,60,20230125,140000,334.2,337.6,334.2,337.6,659,0
KRU,60,20230125,150000,336.4,338.6,334.4,335,890,0
KRU,60,20230125,160000,335.6,336,334.6,335,930,0
KRU,60,20230125,170000,335,336.2,334,336,2295,0
KRU,60,20230126,100000,340,340,335.4,335.4,707,0
KRU,60,20230126,110000,335.2,337.2,334.4,337,770,0
KRU,60,20230126,120000,337.8,339,336.6,336.6,1332,0
KRU,60,20230126,130000,336,336.4,335.6,335.6,96,0
KRU,60,20230126,140000,336.4,338.2,336.2,338.2,5601,0
KRU,60,20230126,150000,337.8,343.2,337.8,343.2,15604,0
KRU,60,20230126,160000,343.8,349.8,343.4,347.2,7388,0
KRU,60,20230126,170000,347.2,349.8,346.8,347,9897,0
KRU,60,20230127,100000,346.8,351.2,346.2,349.2,4671,0
KRU,60,20230127,110000,349.8,351,348.6,348.6,3658,0
KRU,60,20230127,120000,348.6,349.8,347.8,348.2,2974,0
KRU,60,20230127,130000,348.2,349.4,346.2,346.4,3677,0
KRU,60,20230127,140000,346.8,346.8,345.4,346.8,3274,0
KRU,60,20230127,150000,347,349,347,348.2,1643,0
KRU,60,20230127,160000,348.4,350,347.6,348.4,3157,0
KRU,60,20230127,170000,348.2,349.4,347,347,5579,0
KRU,60,20230130,100000,344.4,346,342,345,4671,0
KRU,60,20230130,110000,345,345.4,344,344.6,2178,0
KRU,60,20230130,120000,345,346.4,343,345.2,1610,0
KRU,60,20230130,130000,345.8,346.4,344,344,1675,0
KRU,60,20230130,140000,344.6,345.8,344.2,344.4,1129,0
KRU,60,20230130,150000,345,345.4,344.2,345.4,1816,0
KRU,60,20230130,160000,346,346.2,344,345,3548,0
KRU,60,20230130,170000,344.8,345.4,342.8,345,31640,0
KRU,60,20230131,100000,342.2,348.8,342.2,348.2,2225,0
KRU,60,20230131,110000,348.2,349,340.4,343.4,27899,0
KRU,60,20230131,120000,342.8,345.8,340.4,345.8,6311,0
KRU,60,20230131,130000,344.8,346.8,343.8,345.4,4205,0
KRU,60,20230131,140000,346.2,348.8,345.4,348.8,4834,0
KRU,60,20230131,150000,349,349.2,346,348,4327,0
KRU,60,20230131,160000,348,349.8,347.4,349.4,6084,0
KRU,60,20230131,170000,349.4,351.6,347.2,351.6,20382,0
KRU,60,20230201,100000,351,355.4,347.6,348,6424,0
KRU,60,20230201,110000,348.2,352,347.4,349,21619,0
KRU,60,20230201,120000,348,349.8,346.4,348,2776,0
KRU,60,20230201,130000,347.6,351,346.8,350.4,3418,0
KRU,60,20230201,140000,350.4,353.8,349.2,353.8,4071,0
KRU,60,20230201,150000,353.8,353.8,348,351.2,3670,0
KRU,60,20230201,160000,351,351.6,347.4,347.4,4637,0
KRU,60,20230201,170000,347.4,352,345.4,346.6,20466,0
KRU,60,20230202,100000,349,354.4,349,351.8,2639,0
KRU,60,20230202,110000,352,352.2,349.6,349.8,12246,0
KRU,60,20230202,120000,349.8,350,348.2,348.6,2720,0
KRU,60,20230202,130000,348.4,350,348.2,348.8,1342,0
KRU,60,20230202,140000,348.4,350,347.8,348.6,4707,0
KRU,60,20230202,150000,349.4,357,348.8,352,14197,0
KRU,60,20230202,160000,352,352.4,350.4,351.8,4987,0
KRU,60,20230202,170000,352,352.4,349.6,352,6581,0
KRU,60,20230203,100000,355,355,349.2,352.8,2854,0
KRU,60,20230203,110000,352.2,353,352,353,3401,0
KRU,60,20230203,120000,353,353,350.8,352,4588,0
KRU,60,20230203,130000,352.6,353,351.4,353,2168,0
KRU,60,20230203,140000,353,353,352,352.2,2720,0
KRU,60,20230203,150000,352.2,352.4,349.6,350.4,2483,0
KRU,60,20230203,160000,349.8,352,349.8,351.6,4171,0
KRU,60,20230203,170000,351.6,357.4,350.4,353.6,8133,0
KRU,60,20230206,100000,354,356.4,351,352,961,0
KRU,60,20230206,110000,351.4,351.4,346.6,346.8,4199,0
KRU,60,20230206,120000,346.8,347.4,343.4,344,2850,0
KRU,60,20230206,130000,344,344.6,343,344,891,0
KRU,60,20230206,140000,343.8,344.8,341.6,343.8,1638,0
KRU,60,20230206,150000,343.6,343.8,341.4,342.4,1304,0
KRU,60,20230206,160000,343.2,344.6,341.6,343,2959,0
KRU,60,20230206,170000,343.8,344.8,341.4,342,8129,0
KRU,60,20230207,100000,340.6,341,331.8,337.2,9407,0
KRU,60,20230207,110000,336.8,337.8,336.2,336.8,3086,0
KRU,60,20230207,120000,337.4,338.4,336,337.2,3537,0
KRU,60,20230207,130000,336.6,337.4,336.4,337.4,1274,0
KRU,60,20230207,140000,337.4,338.6,336.4,338.4,2917,0
KRU,60,20230207,150000,338.4,338.8,337.6,338.2,2792,0
KRU,60,20230207,160000,338.8,338.8,337.4,337.6,4374,0
KRU,60,20230207,170000,337.6,339.6,337.2,339.6,8671,0
KRU,60,20230208,100000,341.6,343,337.8,338.2,2594,0
KRU,60,20230208,110000,339,340.2,336.8,337.6,1186,0
KRU,60,20230208,120000,337.6,338,335.2,335.2,1546,0
KRU,60,20230208,130000,335.4,338.6,334.2,337.4,4779,0
KRU,60,20230208,140000,337.8,338.6,336.6,338.6,2916,0
KRU,60,20230208,150000,338.4,339.8,338,339.8,1311,0
KRU,60,20230208,160000,338.8,341.2,338.8,340,2307,0
KRU,60,20230208,170000,339.8,340.6,338.2,339,4223,0
KRU,60,20230209,100000,338,346.6,338,346,3117,0
KRU,60,20230209,110000,346.2,348.4,345.2,348,2137,0
KRU,60,20230209,120000,348.4,350.4,347.4,350.2,3214,0
KRU,60,20230209,130000,349.6,349.8,347.8,348.8,1822,0
KRU,60,20230209,140000,349,349.2,346,347.2,2151,0
KRU,60,20230209,150000,347.2,348,345,347,2216,0
KRU,60,20230209,160000,347,347.6,343.6,343.6,3236,0
KRU,60,20230209,170000,343.6,345,341.8,344.2,5803,0
KRU,60,20230210,100000,347,347,337.6,339.4,1689,0
KRU,60,20230210,110000,340.2,342,340.2,340.4,6323,0
KRU,60,20230210,120000,340.4,340.6,334.2,335.2,2015,0
KRU,60,20230210,130000,334.4,335.6,331,334.8,3358,0
KRU,60,20230210,140000,334.8,334.8,331,331.8,1961,0
KRU,60,20230210,150000,331.8,332.2,328.2,329.6,3669,0
KRU,60,20230210,160000,329.8,330.2,326.2,327,3135,0
KRU,60,20230210,170000,327.2,330,325.4,326,6719,0
KRU,60,20230213,100000,328.8,338.4,327.4,338.4,3262,0
KRU,60,20230213,110000,338.4,339.6,332,332.2,2385,0
KRU,60,20230213,120000,332.2,333.6,327,327,3651,0
KRU,60,20230213,130000,327.2,329.2,322.8,322.8,2899,0
KRU,60,20230213,140000,322.8,327.6,322,322.4,3550,0
KRU,60,20230213,150000,322.2,327.4,322,326.2,2414,0
KRU,60,20230213,160000,327.6,332.4,324.4,332.4,5778,0
KRU,60,20230213,170000,332.4,335.6,331.4,334.4,6447,0
KRU,60,20230214,100000,335,341,330.2,330.2,1794,0
KRU,60,20230214,110000,330.6,336,330.6,332.4,2371,0
KRU,60,20230214,120000,332.2,335.2,332.2,332.8,836,0
KRU,60,20230214,130000,333,333,328.4,328.8,2828,0
KRU,60,20230214,140000,329.8,333.2,328.8,332,3181,0
KRU,60,20230214,150000,332,333.6,328,328.8,2466,0
KRU,60,20230214,160000,329.6,330,327,330,1462,0
KRU,60,20230214,170000,329.4,329.6,321,323.6,8525,0
KRU,60,20230215,100000,326.4,328.6,323.6,326.8,1157,0
KRU,60,20230215,110000,327.6,329.8,327.6,329.8,911,0
KRU,60,20230215,120000,329.2,333,329.2,332,2745,0
KRU,60,20230215,130000,330.8,332.8,330.6,332,1713,0
KRU,60,20230215,140000,332.8,332.8,330.8,330.8,1325,0
KRU,60,20230215,150000,330.8,330.8,329.8,330,858,0
KRU,60,20230215,160000,330,335,330,333.8,2250,0
KRU,60,20230215,170000,333.8,337.4,333.2,336.6,6833,0
KRU,60,20230216,100000,336.6,336.6,332.8,332.8,1177,0
KRU,60,20230216,110000,332.4,334.2,329.4,330.8,3238,0
KRU,60,20230216,120000,331.4,332,330,331.2,1956,0
KRU,60,20230216,130000,331.8,331.8,329.6,330.6,2305,0
KRU,60,20230216,140000,331,331,329,329,2124,0
KRU,60,20230216,150000,329.2,332.4,327.4,332.4,3073,0
KRU,60,20230216,160000,331.8,335.4,330,334.8,3597,0
KRU,60,20230216,170000,334.8,335,332.4,332.4,4696,0
KRU,60,20230217,100000,333,335,330,334.8,3627,0
KRU,60,20230217,110000,333.4,338.4,332.6,337.8,2157,0
KRU,60,20230217,120000,337.8,339.2,336.4,339.2,1107,0
KRU,60,20230217,130000,338,339.4,337.4,339.4,937,0
KRU,60,20230217,140000,338.6,341.2,338.4,339.8,1225,0
KRU,60,20230217,150000,339.4,339.6,338.2,339.4,698,0
KRU,60,20230217,160000,339.4,341.2,338.2,339.6,2107,0
KRU,60,20230217,170000,339.6,342.2,339.4,341.4,3863,0
KRU,60,20230220,100000,342,342,336.4,339,4355,0
KRU,60,20230220,110000,338.2,338.2,335.8,336.6,1239,0
KRU,60,20230220,120000,337.6,337.8,336.4,336.8,766,0
KRU,60,20230220,130000,337.2,338.2,337.2,338.2,214,0
KRU,60,20230220,140000,338.2,338.8,334.4,336.2,1233,0
KRU,60,20230220,150000,336.8,337,335.4,336,701,0
KRU,60,20230220,160000,335.8,335.8,333,334,858,0
KRU,60,20230220,170000,333.6,335,331.8,333.6,5075,0
KRU,60,20230221,100000,337.2,337.8,328.2,328.8,1438,0
KRU,60,20230221,110000,327.2,333.8,327.2,333.8,2122,0
KRU,60,20230221,120000,334.4,334.8,332,334.8,728,0
KRU,60,20230221,130000,333.6,333.6,332.2,333.2,236,0
KRU,60,20230221,140000,333.6,337,330.2,336.8,2741,0
KRU,60,20230221,150000,336.6,336.8,334,336.6,1901,0
KRU,60,20230221,160000,336.4,336.8,334.8,334.8,1972,0
KRU,60,20230221,170000,335.6,336.8,332.4,333.6,6119,0
KRU,60,20230222,100000,336.8,336.8,331,333.6,1058,0
KRU,60,20230222,110000,331.8,333.4,329.4,331,2525,0
KRU,60,20230222,120000,331,332.8,328.2,328.2,972,0
KRU,60,20230222,130000,329.6,329.6,323.6,324.8,1490,0
KRU,60,20230222,140000,324.2,327.2,323,323,2040,0
KRU,60,20230222,150000,323.8,325.8,323.6,324.8,1262,0
KRU,60,20230222,160000,325,328.6,325,328.6,1564,0
KRU,60,20230222,170000,328.6,328.6,325,326,6647,0
KRU,60,20230223,100000,328.6,330.2,324.4,329.2,1354,0
KRU,60,20230223,110000,330.6,330.6,328.4,328.4,410,0
KRU,60,20230223,120000,329.6,332,328.2,331.8,1502,0
KRU,60,20230223,130000,331.6,331.6,324,325.4,3680,0
KRU,60,20230223,140000,326.2,326.2,323.2,325.4,1561,0
KRU,60,20230223,150000,326,328.8,325.6,326.2,1265,0
KRU,60,20230223,160000,327,330,326.6,328.8,1447,0
KRU,60,20230223,170000,328.2,333.4,327.4,333.4,6228,0
KRU,60,20230224,100000,333,333.8,330.6,331.8,800,0
KRU,60,20230224,110000,332.2,333,331.6,331.6,468,0
KRU,60,20230224,120000,332,332,330.2,330.6,292,0
KRU,60,20230224,130000,330.2,330.2,328.2,329.6,685,0
KRU,60,20230224,140000,329,329.6,328,329,561,0
KRU,60,20230224,150000,328.4,328.8,325.8,326.4,2121,0
KRU,60,20230224,160000,326.6,328,325.2,328,1593,0
KRU,60,20230224,170000,328,332,326.6,330,5744,0
KRU,60,20230227,100000,333,333,330.4,331,508,0
KRU,60,20230227,110000,330.4,330.4,326.8,327.4,1478,0
KRU,60,20230227,120000,327.2,329.8,327,329.8,64,0
KRU,60,20230227,130000,329.8,329.8,328.8,328.8,288,0
KRU,60,20230227,140000,328.8,331,328.8,329.6,260,0
KRU,60,20230227,150000,328.4,331,328.4,330.2,446,0
KRU,60,20230227,160000,330.2,331.6,330,331.4,445,0
KRU,60,20230227,170000,330.6,333,327.4,330.4,3111,0
KRU,60,20230228,100000,328,331.8,327,330,1055,0
KRU,60,20230228,110000,330.8,331.8,330,331.4,584,0
KRU,60,20230228,120000,331.6,333.6,331.6,332.6,1260,0
KRU,60,20230228,130000,332.6,336.4,332.6,336.4,621,0
KRU,60,20230228,140000,336.2,336.2,333,334.4,1639,0
KRU,60,20230228,150000,333.4,335,333,333,1969,0
KRU,60,20230228,160000,332.2,332.2,326,326.6,3186,0
KRU,60,20230228,170000,327.4,330.8,327.4,330.8,9807,0
KRU,60,20230301,100000,332,333.4,330.4,333.4,820,0
KRU,60,20230301,110000,333.2,334,332.2,332.4,591,0
KRU,60,20230301,120000,333.2,334.2,332.2,332.2,754,0
KRU,60,20230301,130000,332.2,332.6,331.4,332,529,0
KRU,60,20230301,140000,332,334.4,332,332.8,962,0
KRU,60,20230301,150000,333.2,333.2,331.2,332.4,1203,0
KRU,60,20230301,160000,331.6,334,331.6,333.8,949,0
KRU,60,20230301,170000,333.8,333.8,328.8,330.6,4547,0
KRU,60,20230302,100000,330,330.6,325,327.6,1222,0
KRU,60,20230302,110000,327.2,327.2,322.6,322.6,3798,0
KRU,60,20230302,120000,322.8,324,321.4,323.8,3010,0
KRU,60,20230302,130000,323.6,326,323.4,324.2,1768,0
KRU,60,20230302,140000,324.2,326.4,323.8,326.4,1871,0
KRU,60,20230302,150000,326.6,326.8,322.4,323.6,1514,0
KRU,60,20230302,160000,323.6,325.4,323,325.2,2481,0
KRU,60,20230302,170000,325,328.6,324.6,326.2,7929,0
KRU,60,20230303,100000,328,332,328,332,2216,0
KRU,60,20230303,110000,331.6,332.4,330,330.8,498,0
KRU,60,20230303,120000,330.8,332,330.8,330.8,166,0
KRU,60,20230303,130000,330,330,329,330,210,0
KRU,60,20230303,140000,330.4,330.4,326.2,327,447,0
KRU,60,20230303,150000,327.4,327.8,325.2,327,2372,0
KRU,60,20230303,160000,326.6,327.2,326.2,327,1062,0
KRU,60,20230303,170000,326.8,330.4,326.8,327.6,7699,0
KRU,60,20230306,100000,331,333.8,328.4,331,3703,0
KRU,60,20230306,110000,331.2,334.8,330.4,334.8,1009,0
KRU,60,20230306,120000,334.6,336.4,333.2,334.8,1798,0
KRU,60,20230306,130000,334.8,337.6,332.6,333.2,980,0
KRU,60,20230306,140000,333.2,334.4,332.6,334,852,0
KRU,60,20230306,150000,334.2,336.2,332.8,336.2,1075,0
KRU,60,20230306,160000,335.6,336.4,334.2,335,1505,0
KRU,60,20230306,170000,335,340.6,335,337,7718,0
KRU,60,20230307,100000,339,340.4,337,340.4,2483,0
KRU,60,20230307,110000,340.4,346,340.4,344.6,2797,0
KRU,60,20230307,120000,343.2,345.8,341,342.4,1946,0
KRU,60,20230307,130000,341.4,342.4,341.2,341.2,559,0
KRU,60,20230307,140000,341.2,341.8,340.4,341,564,0
KRU,60,20230307,150000,341.8,343.4,341.8,343.2,1405,0
KRU,60,20230307,160000,342.2,342.6,341.2,342.2,1878,0
KRU,60,20230307,170000,341.6,341.6,337.2,337.2,5033,0
KRU,60,20230308,100000,338,341.6,335,340,1718,0
KRU,60,20230308,110000,340.8,340.8,336.8,339.8,3545,0
KRU,60,20230308,120000,341,341.4,337.8,337.8,272,0
KRU,60,20230308,130000,337.6,341.4,337.6,341,512,0
KRU,60,20230308,140000,341,341,338.2,339.2,526,0
KRU,60,20230308,150000,340.2,342.4,339.4,342.4,2197,0
KRU,60,20230308,160000,342,343.2,340.2,343.2,1203,0
KRU,60,20230308,170000,343.6,344.6,341.6,342,4392,0
KRU,60,20230309,100000,343,343,335.4,339.2,813,0
KRU,60,20230309,110000,339.6,339.6,336,337.6,1499,0
KRU,60,20230309,120000,337.6,337.6,333,335.2,1138,0
KRU,60,20230309,130000,335,335.6,332.6,333.8,1636,0
KRU,60,20230309,140000,333,335,332.2,334.6,1224,0
KRU,60,20230309,150000,335,336.4,333,336.2,1415,0
KRU,60,20230309,160000,336,337.4,335,336,1347,0
KRU,60,20230309,170000,335.8,337,331.6,332,5512,0
KRU,60,20230310,100000,328,330,327.2,328.6,2683,0
KRU,60,20230310,110000,329,329.6,326.4,327.2,1841,0
KRU,60,20230310,120000,326.2,327.4,325,326,536,0
KRU,60,20230310,130000,326.4,330.6,325,329.8,2330,0
KRU,60,20230310,140000,329.8,333.8,328.6,333,1711,0
KRU,60,20230310,150000,332.6,335.8,329,334.8,2851,0
KRU,60,20230310,160000,334,335,328,328.8,3344,0
KRU,60,20230310,170000,328,330.6,326.4,328,4176,0
KRU,60,20230313,100000,328,328.4,312.2,317,6909,0
KRU,60,20230313,110000,317.2,317.8,312.2,316,8798,0
KRU,60,20230313,120000,315.4,315.4,307.4,314,12683,0
KRU,60,20230313,130000,314.6,317.2,312.2,313.4,3036,0
KRU,60,20230313,140000,313.4,313.8,311,312,3071,0
KRU,60,20230313,150000,312.4,315.2,309.6,314.6,8137,0
KRU,60,20230313,160000,314,314,310.8,311.4,2923,0
KRU,60,20230313,170000,311.6,316,311,312.8,8232,0
KRU,60,20230314,100000,316,316,309.8,313.8,1378,0
KRU,60,20230314,110000,312.8,312.8,310.8,311,1003,0
KRU,60,20230314,120000,311,311.4,308.2,310,2715,0
KRU,60,20230314,130000,309.2,311,309.2,309.8,916,0
KRU,60,20230314,140000,309.8,314,308.8,311.4,2787,0
KRU,60,20230314,150000,311.6,312,308.8,312,2642,0
KRU,60,20230314,160000,312,314.8,311,311.2,2512,0
KRU,60,20230314,170000,310.6,312,308.8,309.8,4996,0
KRU,60,20230315,100000,310,310,305.4,305.8,1723,0
KRU,60,20230315,110000,306.6,307.6,302.6,303.8,2736,0
KRU,60,20230315,120000,304.2,304.2,295,295.2,8616,0
KRU,60,20230315,130000,295.2,297,294.8,295.8,2089,0
KRU,60,20230315,140000,295.8,298,294,296.8,1737,0
KRU,60,20230315,150000,296.6,298.8,295.2,296.6,993,0
KRU,60,20230315,160000,296.6,299.8,296.6,299.8,1464,0
KRU,60,20230315,170000,299.8,300,295.4,299,6282,0
KRU,60,20230316,100000,300.4,301.8,295.4,296,2168,0
KRU,60,20230316,110000,295.8,295.8,292,292.8,2667,0
KRU,60,20230316,120000,293,294.4,288.4,288.4,2651,0
KRU,60,20230316,130000,288.4,292.6,286.2,291,2648,0
KRU,60,20230316,140000,291.4,294,289.2,294,2960,0
KRU,60,20230316,150000,294.2,295.8,290.2,294.8,4760,0
KRU,60,20230316,160000,295.2,297,293,296.8,3603,0
KRU,60,20230316,170000,297,298.2,295.8,297.6,5617,0
KRU,60,20230317,100000,298,303.4,298,303.4,4412,0
KRU,60,20230317,110000,303.8,309.8,303.8,308.8,6818,0
KRU,60,20230317,120000,309,309.6,308,309.4,4390,0
KRU,60,20230317,130000,309.4,310.4,308,309.2,3149,0
KRU,60,20230317,140000,309.4,310,308,308.6,4780,0
KRU,60,20230317,150000,308.8,311,308,309.4,9105,0
KRU,60,20230317,160000,310,311,305.8,307.4,15896,0
KRU,60,20230317,170000,305.8,307,292,299.6,32685,0
KRU,60,20230320,100000,297,297,286.6,292.4,3502,0
KRU,60,20230320,110000,292.8,296.6,292,294.6,4103,0
KRU,60,20230320,120000,294.6,298.4,294.4,298.2,4749,0
KRU,60,20230320,130000,297.4,298.4,295,295.8,9521,0
KRU,60,20230320,140000,295.8,297.2,295.4,297.2,3131,0
KRU,60,20230320,150000,297.2,298,296,296.6,6318,0
KRU,60,20230320,160000,296.6,301.4,296.4,299.8,2493,0
KRU,60,20230320,170000,300,302.2,299,301.4,4279,0
KRU,60,20230321,100000,304,308.2,302,306.2,1338,0
KRU,60,20230321,110000,307.4,307.4,305,306.8,1074,0
KRU,60,20230321,120000,306.2,306.2,301.6,304.2,5128,0
KRU,60,20230321,130000,303.8,308,303.6,308,1320,0
KRU,60,20230321,140000,308,308.2,305.6,307.2,3017,0
KRU,60,20230321,150000,307,307.6,304.2,305,2237,0
KRU,60,20230321,160000,305.2,306.2,300.8,303,4315,0
KRU,60,20230321,170000,302.8,306.2,302.8,305.2,3708,0
KRU,60,20230322,100000,306,306,304,305.2,833,0
KRU,60,20230322,110000,304.6,305.6,302.8,303.2,849,0
KRU,60,20230322,120000,303.8,303.8,302.2,303.4,839,0
KRU,60,20230322,130000,303.4,304.2,300.6,302.2,3025,0
KRU,60,20230322,140000,302.4,304.6,301.6,302.4,1207,0
KRU,60,20230322,150000,302.4,303,301.4,302.8,533,0
KRU,60,20230322,160000,301.8,303.4,301.4,301.6,603,0
KRU,60,20230322,170000,301.2,303.6,299.2,302,3103,0
KRU,60,20230323,100000,307.2,307.2,299.2,300.2,3644,0
KRU,60,20230323,110000,300.2,301.8,297,297,1908,0
KRU,60,20230323,120000,297,298,295,298,1668,0
KRU,60,20230323,130000,298.4,299,297.2,298,3118,0
KRU,60,20230323,140000,298,300,297,300,1984,0
KRU,60,20230323,150000,300,301.6,298.4,301.6,2257,0
KRU,60,20230323,160000,301.6,305.6,301,305.6,4539,0
KRU,60,20230323,170000,305.6,307.2,304.4,305,7541,0
KRU,60,20230324,100000,303.2,306,296,298.2,4411,0
KRU,60,20230324,110000,297.2,297.8,295.8,295.8,5247,0
KRU,60,20230324,120000,295.8,296.8,292.2,292.6,3473,0
KRU,60,20230324,130000,292.4,294.6,290.8,293.6,4349,0
KRU,60,20230324,140000,293.6,297.8,292.2,295.6,2857,0
KRU,60,20230324,150000,296.6,297.8,294,297.8,4098,0
KRU,60,20230324,160000,296.6,298,295.6,297.4,3633,0
KRU,60,20230324,170000,297.4,299.8,297.4,297.8,9845,0
KRU,60,20230327,100000,293,300,293,295.6,650,0
KRU,60,20230327,110000,296,298.4,296,297,190,0
KRU,60,20230327,120000,297.6,297.8,296.2,296.8,269,0
KRU,60,20230327,130000,297.2,300.4,297,299.8,1429,0
KRU,60,20230327,140000,300,301.8,299.4,300.6,1472,0
KRU,60,20230327,150000,301,301.6,300.2,301.2,341,0
KRU,60,20230327,160000,301.8,302.4,301,301.8,1005,0
KRU,60,20230327,170000,302,303,299.6,302.4,8370,0
KRU,60,20230328,100000,306,311,306,306.2,3072,0
KRU,60,20230328,110000,306.8,307.6,305,306,610,0
KRU,60,20230328,120000,306,307,303.4,304,2517,0
KRU,60,20230328,130000,304,305,303.8,304.6,798,0
KRU,60,20230328,140000,305,308,305,308,1551,0
KRU,60,20230328,150000,307.6,307.6,303.8,304.2,2997,0
KRU,60,20230328,160000,304.6,306,303.4,304,4459,0
KRU,60,20230328,170000,304,305,302.4,303.8,8280,0
KRU,60,20230329,100000,307,309,303.6,305.8,1478,0
KRU,60,20230329,110000,306,306,302.6,304.6,1884,0
KRU,60,20230329,120000,304,306.4,304,304.4,1677,0
KRU,60,20230329,130000,304.4,305,303,303.6,1606,0
KRU,60,20230329,140000,303.6,303.6,301,302.2,3538,0
KRU,60,20230329,150000,301.8,302.2,300.2,301.8,9858,0
KRU,60,20230329,160000,301.2,301.6,300.2,300.8,3493,0
KRU,60,20230329,170000,301,303.8,300.6,303.8,7098,0
KRU,60,20230330,100000,303.8,305.4,302,305,2567,0
KRU,60,20230330,110000,304.4,307,303,303,2694,0
KRU,60,20230330,120000,303.6,308.6,302.6,308.4,3919,0
KRU,60,20230330,130000,309,309.4,305.4,306,3003,0
KRU,60,20230330,140000,306,306,304,304.6,892,0
KRU,60,20230330,150000,304.6,306,304.6,305.4,836,0
KRU,60,20230330,160000,305,308,304,307.8,1434,0
KRU,60,20230330,170000,307.4,309.4,306.2,308.4,2550,0
KRU,60,20230331,100000,310,311,307.8,309.4,917,0
KRU,60,20230331,110000,309.4,310.4,307.6,308.6,1105,0
KRU,60,20230331,120000,308.6,311,308.6,309.6,636,0
KRU,60,20230331,130000,309.8,313.2,309,311.6,6370,0
KRU,60,20230331,140000,311.4,313.6,311.4,312.8,1797,0
KRU,60,20230331,150000,313.4,314,312.2,312.8,1888,0
KRU,60,20230331,160000,312.8,313.2,308.8,308.8,2133,0
KRU,60,20230331,170000,309.2,309.4,307,308.2,8121,0
KRU,60,20230403,100000,310,315,310,315,1796,0
KRU,60,20230403,110000,315.2,316.2,314.2,315.8,1749,0
KRU,60,20230403,120000,315.8,316.2,313.8,315,655,0
KRU,60,20230403,130000,315.2,315.2,313,313,5866,0
KRU,60,20230403,140000,312.4,313,310.8,312.4,1323,0
KRU,60,20230403,150000,312,312.8,311.4,311.8,920,0
KRU,60,20230403,160000,312.2,314.8,311.2,314.6,2271,0
KRU,60,20230403,170000,315,315.4,313.6,314,4180,0
KRU,60,20230404,100000,320,325,318.6,325,4585,0
KRU,60,20230404,110000,325,326,323.2,324.4,2912,0
KRU,60,20230404,120000,324,326,323.8,324.4,2923,0
KRU,60,20230404,130000,325,327,323.4,325.4,4430,0
KRU,60,20230404,140000,325.8,328.8,324.8,326.8,2310,0
KRU,60,20230404,150000,327.2,328.6,324,325.8,2381,0
KRU,60,20230404,160000,325.6,326.6,322.8,323.8,2539,0
KRU,60,20230404,170000,323.8,325.4,320.2,320.8,3063,0
KRU,60,20230405,100000,320.8,324.4,320,324.2,1416,0
KRU,60,20230405,110000,324,325,321.2,322.2,926,0
KRU,60,20230405,120000,322.2,325.8,321.6,325,3266,0
KRU,60,20230405,130000,325,328.4,325,328,2977,0
KRU,60,20230405,140000,327.6,329.2,327.2,329,1618,0
KRU,60,20230405,150000,329,329,325.6,326.8,12833,0
KRU,60,20230405,160000,326.8,327,324,325.8,2565,0
KRU,60,20230405,170000,325.2,325.8,322.4,322.6,4646,0
KRU,60,20230406,100000,326,327.4,324.4,326.4,1417,0
KRU,60,20230406,110000,326.8,327.8,324.4,325.8,1580,0
KRU,60,20230406,120000,326,326,323.4,324.6,413,0
KRU,60,20230406,130000,324.6,324.6,323,323,354,0
KRU,60,20230406,140000,322.8,325,322.6,323.2,240,0
KRU,60,20230406,150000,323.2,324.4,322.4,323,1469,0
KRU,60,20230406,160000,323.2,325,322.6,324.4,1014,0
KRU,60,20230406,170000,324.4,326,324,326,2690,0
KRU,60,20230411,100000,330,332.2,327.6,331.8,3796,0
KRU,60,20230411,110000,331,335,331,334.4,4371,0
KRU,60,20230411,120000,334.8,336.8,334,336.2,2510,0
KRU,60,20230411,130000,336.2,337.4,334.6,335,2664,0
KRU,60,20230411,140000,335,335.4,332.2,333.2,2974,0
KRU,60,20230411,150000,333.4,336,333.2,336,3474,0
KRU,60,20230411,160000,335.6,339,335.6,338,6020,0
KRU,60,20230411,170000,337.8,341,337.6,340.6,7797,0
KRU,60,20230412,100000,342.6,343,337,343,2269,0
KRU,60,20230412,110000,343,346.4,342,342.4,5485,0
KRU,60,20230412,120000,342.6,345.2,342.2,345.2,4685,0
KRU,60,20230412,130000,345,346,344.4,346,3918,0
KRU,60,20230412,140000,346,347,345.4,346.2,3378,0
KRU,60,20230412,150000,346,349.4,345.6,349.2,3654,0
KRU,60,20230412,160000,349.6,353,349,350.6,5489,0
KRU,60,20230412,170000,350.6,351,349.4,349.4,6607,0
KRU,60,20230413,100000,347.8,350.2,346.8,348,1551,0
KRU,60,20230413,110000,348.2,350.6,347.4,349.6,1523,0
KRU,60,20230413,120000,349.6,351,348.8,349.2,1862,0
KRU,60,20230413,130000,349.2,352,349,351.8,2357,0
KRU,60,20230413,140000,351.4,354,351.4,353.4,963,0
KRU,60,20230413,150000,353.4,355.2,352.4,354.4,3166,0
KRU,60,20230413,160000,355.2,355.2,352,353.4,2189,0
KRU,60,20230413,170000,353,357,353,355,5613,0
KRU,60,20230414,100000,355,358,353,354.8,2285,0
KRU,60,20230414,110000,355.4,355.8,353,354.2,1085,0
KRU,60,20230414,120000,353.8,353.8,350.8,351.4,1586,0
KRU,60,20230414,130000,351.2,352.2,350.2,351.2,1465,0
KRU,60,20230414,140000,351.2,355.4,351.2,353,1841,0
KRU,60,20230414,150000,352.8,355.2,352.8,352.8,2629,0
KRU,60,20230414,160000,353.2,356,352.8,356,2542,0
KRU,60,20230414,170000,356,359.6,354.8,354.8,7752,0
KRU,60,20230417,100000,356.8,363.2,356.6,361.8,4531,0
KRU,60,20230417,110000,361,363.6,358,362.8,2014,0
KRU,60,20230417,120000,362.6,364.2,362.4,363.8,2922,0
KRU,60,20230417,130000,363.8,366.6,363.4,366.2,7516,0
KRU,60,20230417,140000,365.8,366.2,365,365.8,1006,0
KRU,60,20230417,150000,366,366.8,364.8,365.4,4381,0
KRU,60,20230417,160000,365.6,368,365.4,367,2379,0
KRU,60,20230417,170000,367.2,368.8,365.8,365.8,6028,0
KRU,60,20230418,100000,365.8,368.4,363.4,365.2,1753,0
KRU,60,20230418,110000,365.2,373.8,365.2,373,2499,0
KRU,60,20230418,120000,373,378.2,373,377,3563,0
KRU,60,20230418,130000,377,380.4,377,378.4,2525,0
KRU,60,20230418,140000,378.6,379.2,375.6,377,2473,0
KRU,60,20230418,150000,378,378.8,374.4,375,3781,0
KRU,60,20230418,160000,375.4,377.6,373.6,374.8,3175,0
KRU,60,20230418,170000,374.8,375,371,373.2,5151,0
KRU,60,20230419,100000,372.8,374.2,368.4,369.2,1327,0
KRU,60,20230419,110000,369.4,369.4,364,367,3988,0
KRU,60,20230419,120000,367.4,367.8,365.4,366.8,3024,0
KRU,60,20230419,130000,366.6,370,366.2,370,2634,0
KRU,60,20230419,140000,370,371.4,368.4,369.4,5950,0
KRU,60,20230419,150000,370.4,374,370.4,373.4,2698,0
KRU,60,20230419,160000,373.4,377,373.4,375.4,2748,0
KRU,60,20230419,170000,374.6,375.8,372.6,372.6,3731,0
KRU,60,20230420,100000,372.4,378.6,368.6,377.8,1776,0
KRU,60,20230420,110000,377.4,383.4,377.4,382.4,2664,0
KRU,60,20230420,120000,381.8,384.4,380.6,383.2,3213,0
KRU,60,20230420,130000,382.8,385,381.4,382.8,2489,0
KRU,60,20230420,140000,382.8,384.6,382.4,382.4,1972,0
KRU,60,20230420,150000,382.6,387.6,382.6,386.6,5054,0
KRU,60,20230420,160000,387,388.6,384.4,385.8,4343,0
KRU,60,20230420,170000,385.8,387,381.8,384.2,13469,0
KRU,60,20230421,100000,381,383.4,376,382.4,3318,0
KRU,60,20230421,110000,382.4,383.6,380.6,381.4,2577,0
KRU,60,20230421,120000,381.2,383,380,381.6,2438,0
KRU,60,20230421,130000,382.2,384,382,382.6,1243,0
KRU,60,20230421,140000,382.2,383,380.8,381.6,870,0
KRU,60,20230421,150000,382,382,379.6,380.8,4118,0
KRU,60,20230421,160000,381.2,382,380.6,381.2,3958,0
KRU,60,20230421,170000,381,386,381,384.4,6354,0
KRU,60,20230424,100000,384.6,385.8,379.4,384.2,1796,0
KRU,60,20230424,110000,384.2,385,381,382.4,756,0
KRU,60,20230424,120000,381.6,385,381.6,384.2,1395,0
KRU,60,20230424,130000,384.2,385.6,383.8,384.2,804,0
KRU,60,20230424,140000,384.4,386.6,384.4,386.4,4620,0
KRU,60,20230424,150000,386,387,384.8,386.2,2106,0
KRU,60,20230424,160000,386,388.8,385.8,388.2,3681,0
KRU,60,20230424,170000,388.2,389.8,387,388.2,13253,0
KRU,60,20230425,100000,386.4,395.2,384,388.8,6447,0
KRU,60,20230425,110000,389.6,391.2,388.4,388.4,1477,0
KRU,60,20230425,120000,388.2,391.6,387.8,391.2,2352,0
KRU,60,20230425,130000,391,392.6,389.4,391.2,2958,0
KRU,60,20230425,140000,390.4,392.8,389,389.2,848,0
KRU,60,20230425,150000,389.2,390.2,384.4,389.8,7378,0
KRU,60,20230425,160000,389.8,391.4,388.2,388.2,2354,0
KRU,60,20230425,170000,388,390,387.2,389,27714,0
KRU,60,20230426,100000,390,391.4,386.6,387.6,3512,0
KRU,60,20230426,110000,387.2,392.4,386,390.8,3615,0
KRU,60,20230426,120000,390.4,392.4,389.8,391,2675,0
KRU,60,20230426,130000,392.2,393.6,391,391,4371,0
KRU,60,20230426,140000,391.2,393.4,391.2,393,2654,0
KRU,60,20230426,150000,393,395,390.4,392.6,3462,0
KRU,60,20230426,160000,392.8,394.2,391.2,393.2,3132,0
KRU,60,20230426,170000,393.2,393.2,391,392,11012,0
KRU,60,20230427,100000,380,387.4,366.6,386.2,25112,0
KRU,60,20230427,110000,386,386.4,382,383,5414,0
KRU,60,20230427,120000,384.2,385.8,383.8,384.2,734,0
KRU,60,20230427,130000,384.8,385.2,383,383,1231,0
KRU,60,20230427,140000,383,384.4,382,383,3004,0
KRU,60,20230427,150000,383.8,385.6,382,385.6,4171,0
KRU,60,20230427,160000,385.6,387,385.2,387,3537,0
KRU,60,20230427,170000,387,390,386,388.4,7637,0
KRU,60,20230428,100000,387.8,388.8,382,383.2,15679,0
KRU,60,20230428,110000,383,383.6,380.8,381.8,3149,0
KRU,60,20230428,120000,382,384,379.6,380,3683,0
KRU,60,20230428,130000,380,382.8,380,380.8,2083,0
KRU,60,20230428,140000,381.2,382,377.2,379.2,3326,0
KRU,60,20230428,150000,379.2,379.2,376.4,377.8,1143,0
KRU,60,20230428,160000,378,378,373.6,374,4978,0
KRU,60,20230428,170000,374.2,377.8,373.4,375.2,6925,0
KRU,60,20230502,100000,370,389.8,370,386.8,6118,0
KRU,60,20230502,110000,386,386,381.6,382,1037,0
KRU,60,20230502,120000,382,388.6,381.2,387.4,1985,0
KRU,60,20230502,130000,387.4,388,385.2,386.4,1483,0
KRU,60,20230502,140000,386.2,386.8,383.2,384,2131,0
KRU,60,20230502,150000,383.4,386.4,383,385.8,2613,0
KRU,60,20230502,160000,385.6,386,381.6,381.8,3319,0
KRU,60,20230502,170000,381.4,381.6,374.8,375.6,8188,0
KRU,60,20230504,100000,375,380,371.4,380,3440,0
KRU,60,20230504,110000,378.8,382.2,376.6,376.6,1986,0
KRU,60,20230504,120000,377,377.2,372,372.8,2413,0
KRU,60,20230504,130000,372.4,374,370.6,371,1868,0
KRU,60,20230504,140000,370.6,371,366,369,3578,0
KRU,60,20230504,150000,368.8,373,367.8,369,4131,0
KRU,60,20230504,160000,369.2,373.2,368.8,369.8,4523,0
KRU,60,20230504,170000,369.8,370.8,366,366,7339,0
KRU,60,20230505,100000,364.8,369.4,362.2,365.2,1654,0
KRU,60,20230505,110000,365.2,371.6,363.4,371.6,1953,0
KRU,60,20230505,120000,370.8,373,370.4,371.8,1248,0
KRU,60,20230505,130000,372.4,373.4,371.6,372,1036,0
KRU,60,20230505,140000,372.8,373.4,369.4,371.4,1226,0
KRU,60,20230505,150000,370.6,371.6,369.2,370.6,1324,0
KRU,60,20230505,160000,370.2,373.2,370.2,371.4,1449,0
KRU,60,20230505,170000,372,372.8,367.4,368.8,4904,0
KRU,60,20230508,100000,376,379.2,369.6,369.6,4528,0
KRU,60,20230508,110000,369.4,369.8,368.8,369.4,1099,0
KRU,60,20230508,120000,369.6,373,369,372.2,6155,0
KRU,60,20230508,130000,372.4,376,372.4,375.6,2153,0
KRU,60,20230508,140000,375.2,375.6,374.6,375.6,835,0
KRU,60,20230508,150000,375.8,377.8,375.8,377,2488,0
KRU,60,20230508,160000,377,377.4,374.4,375.4,3200,0
KRU,60,20230508,170000,375.4,380,375,378,5341,0
KRU,60,20230509,100000,378,378.2,373.6,374,1106,0
KRU,60,20230509,110000,375.6,375.6,374,374,1358,0
KRU,60,20230509,120000,375,377.8,375,377,8320,0
KRU,60,20230509,130000,377,379,377,378.2,520,0
KRU,60,20230509,140000,377.6,378.2,377.4,377.4,444,0
KRU,60,20230509,150000,377.4,380,377.4,378.8,1188,0
KRU,60,20230509,160000,379.4,382,378.8,381,2097,0
KRU,60,20230509,170000,381.6,382.2,378.4,379.4,12344,0
KRU,60,20230510,100000,379,384,377.6,381.8,2583,0
KRU,60,20230510,110000,381,382.6,381,382.4,760,0
KRU,60,20230510,120000,381.6,382.8,380.6,382.4,5250,0
KRU,60,20230510,130000,382,384,382,382.6,970,0
KRU,60,20230510,140000,382.6,383.8,382,383.6,1500,0
KRU,60,20230510,150000,383.2,388.2,382.4,387.8,7887,0
KRU,60,20230510,160000,387,388.8,384,385.8,7046,0
KRU,60,20230510,170000,385.8,387.6,385,386.8,10503,0
KRU,60,20230511,100000,387.6,387.6,383,384.6,2762,0
KRU,60,20230511,110000,385.4,387,383.8,385,3939,0
KRU,60,20230511,120000,385.6,386.6,381,384.6,20840,0
KRU,60,20230511,130000,384.6,385.4,381.8,382.6,1193,0
KRU,60,20230511,140000,382.2,382.2,379.2,379.2,1382,0
KRU,60,20230511,150000,379.2,382,377.6,379.2,1970,0
KRU,60,20230511,160000,378.8,379.2,375,376.8,3349,0
KRU,60,20230511,170000,376.2,378,373.6,374.4,5991,0
KRU,60,20230512,100000,371,378.4,371,375.8,839,0
KRU,60,20230512,110000,376.4,379.2,375.6,377.8,1208,0
KRU,60,20230512,120000,377.8,380.8,375.2,379.6,4000,0
KRU,60,20230512,130000,380.4,380.8,378.8,380.6,861,0
KRU,60,20230512,140000,380.6,382.2,378,378,1986,0
KRU,60,20230512,150000,377.8,378.4,376.4,378,889,0
KRU,60,20230512,160000,378.6,380.6,377.2,377.4,1806,0
KRU,60,20230512,170000,377.4,378.8,375,377.4,3739,0
KRU,60,20230515,100000,380.2,381,378.2,380,953,0
KRU,60,20230515,110000,379,379,376,376.8,442,0
KRU,60,20230515,120000,375.8,378,375.4,377,663,0
KRU,60,20230515,130000,377,377,375.6,375.6,42,0
KRU,60,20230515,140000,376,376.6,375,376.6,785,0
KRU,60,20230515,150000,375.4,375.4,373,373.2,320,0
KRU,60,20230515,160000,373,374.4,371.6,373.8,676,0
KRU,60,20230515,170000,373.8,374.4,371.6,373,2918,0
KRU,60,20230516,100000,370.2,378.6,370.2,375.2,1606,0
KRU,60,20230516,110000,375.6,376,372.8,373.8,718,0
KRU,60,20230516,120000,373.6,374.4,372.6,372.6,234,0
KRU,60,20230516,130000,372.4,373.4,371.8,373.4,365,0
KRU,60,20230516,140000,373.4,373.4,371.4,372.6,279,0
KRU,60,20230516,150000,371.4,372.4,370.4,370.8,796,0
KRU,60,20230516,160000,370.8,373,370.2,372.6,1969,0
KRU,60,20230516,170000,372.4,373,369.4,371.4,4939,0
KRU,60,20230517,100000,373,373,366.4,369.4,641,0
KRU,60,20230517,110000,369.6,370.2,367.2,367.2,1094,0
KRU,60,20230517,120000,369.2,369.6,368,369.6,216,0
KRU,60,20230517,130000,369,369,365.6,366.4,1179,0
KRU,60,20230517,140000,366.4,369,365.8,368,540,0
KRU,60,20230517,150000,368,370.2,367.8,369.6,1958,0
KRU,60,20230517,160000,369,370,368.2,369.4,1355,0
KRU,60,20230517,170000,369.4,370,364,365,5329,0
KRU,60,20230518,100000,371.8,381.6,370.4,377.6,3830,0
KRU,60,20230518,110000,376.4,376.8,374.2,375,2258,0
KRU,60,20230518,120000,375,377.2,374.4,375.4,1390,0
KRU,60,20230518,130000,376,376,374.2,375,737,0
KRU,60,20230518,140000,374.6,377,374.6,376,868,0
KRU,60,20230518,150000,375.6,376.8,375.4,375.6,988,0
KRU,60,20230518,160000,376,377,375,375.8,1765,0
KRU,60,20230518,170000,375.8,377.4,375,377.4,3166,0
KRU,60,20230519,100000,381,381,374,376,1833,0
KRU,60,20230519,110000,375.2,378,374.6,378,7382,0
KRU,60,20230519,120000,378,382.6,378,381.4,5253,0
KRU,60,20230519,130000,380.8,381.2,379.4,380,1335,0
KRU,60,20230519,140000,379.4,380,378.4,379.4,2889,0
KRU,60,20230519,150000,379.2,379.2,375.4,377.4,3425,0
KRU,60,20230519,160000,377.4,379.6,377,378,2947,0
KRU,60,20230519,170000,377.8,380.2,376.4,380.2,9822,0
KRU,60,20230522,100000,380.2,380.2,376.8,379.6,1402,0
KRU,60,20230522,110000,378.4,383.4,378.4,382,3830,0
KRU,60,20230522,120000,380.8,381.6,379,379.4,2089,0
KRU,60,20230522,130000,378.8,380.4,375,375.6,5959,0
KRU,60,20230522,140000,377,377,373.8,376.2,6190,0
KRU,60,20230522,150000,377,377,374.4,375.4,15021,0
KRU,60,20230522,160000,375,377.8,374.6,375.4,5026,0
KRU,60,20230522,170000,376,377,375,375,22041,0
KRU,60,20230523,100000,378,389,375.8,388.2,5783,0
KRU,60,20230523,110000,388.2,392.6,387.4,392.6,11430,0
KRU,60,20230523,120000,393,393,390,391.2,834,0
KRU,60,20230523,130000,390,391,385.6,385.6,4063,0
KRU,60,20230523,140000,385.6,390.2,384,390.2,3458,0
KRU,60,20230523,150000,390,391.2,390,390.2,821,0
KRU,60,20230523,160000,390,391.2,390,390,3095,0
KRU,60,20230523,170000,390,391.2,389.8,390.8,4953,0
KRU,60,20230524,100000,386.2,392,385.6,387.2,2029,0
KRU,60,20230524,110000,386.8,388.4,385.6,388.4,763,0
KRU,60,20230524,120000,388.4,388.4,383.4,384.4,850,0
KRU,60,20230524,130000,384.6,386.6,383,386.4,1064,0
KRU,60,20230524,140000,385,386.2,383,383,947,0
KRU,60,20230524,150000,383.2,384,381.2,382.4,985,0
KRU,60,20230524,160000,381.6,382.6,380,381,2062,0
KRU,60,20230524,170000,380.4,381.4,378.6,381.4,4647,0
KRU,60,20230525,100000,382.6,383.8,376,378.4,1154,0
KRU,60,20230525,110000,378.4,381.2,377.4,378.8,1229,0
KRU,60,20230525,120000,378.8,380.4,377.6,378.8,1557,0
KRU,60,20230525,130000,378.6,378.6,375.2,375.8,2458,0
KRU,60,20230525,140000,375.8,377,375.2,377,3043,0
KRU,60,20230525,150000,376.2,377.6,375.4,376.8,1092,0
KRU,60,20230525,160000,378,378.4,375.2,376.8,1046,0
KRU,60,20230525,170000,375.2,376.6,373.2,373.2,6268,0
KRU,60,20230526,100000,375.6,379.2,375,377.6,872,0
KRU,60,20230526,110000,377.4,377.6,375,375,495,0
KRU,60,20230526,120000,375,377.2,375,376.6,394,0
KRU,60,20230526,130000,377.8,378.4,376.4,378.2,873,0
KRU,60,20230526,140000,377.6,378.4,376,377.8,1283,0
KRU,60,20230526,150000,377.8,379.4,376.8,378.8,1846,0
KRU,60,20230526,160000,378.8,382.2,377.8,381.4,1967,0
KRU,60,20230526,170000,381.4,386,381.4,385,8426,0
KRU,60,20230529,100000,390,390,382.6,382.6,244,0
KRU,60,20230529,110000,382.4,388.2,382.4,385,304,0
KRU,60,20230529,120000,385,388.2,384.4,388.2,155,0
KRU,60,20230529,130000,387.6,388.4,385.8,385.8,191,0
KRU,60,20230529,140000,385.6,388.4,383,383,314,0
KRU,60,20230529,150000,382.6,384.4,381.2,382.6,427,0
KRU,60,20230529,160000,382,383.2,381,381,213,0
KRU,60,20230529,170000,380.4,381.6,379.4,381.6,1102,0
KRU,60,20230530,100000,380.2,384.6,379.6,381.8,1054,0
KRU,60,20230530,110000,382.6,384.4,379.6,381.2,553,0
KRU,60,20230530,120000,381.2,386.4,381.2,384.6,787,0
KRU,60,20230530,130000,384,384.4,382.2,382.6,242,0
KRU,60,20230530,140000,381.4,384.6,381,381.6,531,0
KRU,60,20230530,150000,381.6,382.6,379,380.6,460,0
KRU,60,20230530,160000,380.4,382,377.6,377.8,1227,0
KRU,60,20230530,170000,377.6,379.2,373.8,376.8,2248,0
KRU,60,20230531,100000,370.8,377.6,370.2,375,1259,0
KRU,60,20230531,110000,375,377,375,375.8,1033,0
KRU,60,20230531,120000,376.4,379.6,375.4,376.4,1237,0
KRU,60,20230531,130000,375.4,377.8,375,377.2,472,0
KRU,60,20230531,140000,377.2,377.4,375,375,2116,0
KRU,60,20230531,150000,375,376.8,375,375.2,2790,0
KRU,60,20230531,160000,375.2,376.6,375,375.6,2709,0
KRU,60,20230531,170000,375.6,375.8,370,370,31809,0
