<TICKER>,<PER>,<DATE>,<TIME>,<OPEN>,<HIGH>,<LOW>,<CLOSE>,<VOL>,<OPENINT>
KTY,60,20220804,100000,530,532,525,527,1024,0
KTY,60,20220804,110000,527,532,526,528,1083,0
KTY,60,20220804,120000,529,531,526,528,10707,0
KTY,60,20220804,130000,529,543,527,543,2877,0
KTY,60,20220804,140000,543,544,538,541,1337,0
KTY,60,20220804,150000,541,547,535,547,2817,0
KTY,60,20220804,160000,547,549,543,547,6241,0
KTY,60,20220804,170000,547,553,536,544,8954,0
KTY,60,20220805,100000,544,544,539,542,517,0
KTY,60,20220805,110000,540,542,538,540,1100,0
KTY,60,20220805,120000,540,540,531,533,1840,0
KTY,60,20220805,130000,533,534,531,532,1114,0
KTY,60,20220805,140000,531,533,531,533,16646,0
KTY,60,20220805,150000,532,535,521,524,4988,0
KTY,60,20220805,160000,522,530,521,528,7331,0
KTY,60,20220805,170000,525,529,525,527,3561,0
KTY,60,20220808,100000,531,533,526,530,593,0
KTY,60,20220808,110000,531,531,526,529,702,0
KTY,60,20220808,120000,529,530,528,529,447,0
KTY,60,20220808,130000,529,533,529,530,315,0
KTY,60,20220808,140000,530,533,530,533,370,0
KTY,60,20220808,150000,533,534,531,532,2405,0
KTY,60,20220808,160000,533,534,531,532,311,0
KTY,60,20220808,170000,531,534,530,534,2282,0
KTY,60,20220809,100000,534,534,532,533,399,0
KTY,60,20220809,110000,532,539,532,537,2108,0
KTY,60,20220809,120000,538,538,533,536,323,0
KTY,60,20220809,130000,537,538,532,538,1572,0
KTY,60,20220809,140000,538,540,535,535,787,0
KTY,60,20220809,150000,535,538,535,537,462,0
KTY,60,20220809,160000,537,540,537,540,870,0
KTY,60,20220809,170000,541,545,539,543,2421,0
KTY,60,20220810,100000,546,546,532,537,716,0
KTY,60,20220810,110000,537,537,527,533,885,0
KTY,60,20220810,120000,531,532,529,530,337,0
KTY,60,20220810,130000,530,532,529,530,240,0
KTY,60,20220810,140000,530,535,529,533,623,0
KTY,60,20220810,150000,534,542,533,540,3631,0
KTY,60,20220810,160000,540,547,538,543,3338,0
KTY,60,20220810,170000,543,547,542,545,779,0
KTY,60,20220811,100000,548,548,538,540,591,0
KTY,60,20220811,110000,542,546,539,544,1286,0
KTY,60,20220811,120000,545,548,543,547,10934,0
KTY,60,20220811,130000,549,549,546,548,526,0
KTY,60,20220811,140000,548,548,545,545,3,0
KTY,60,20220811,150000,548,549,546,546,182,0
KTY,60,20220811,160000,549,555,547,552,4600,0
KTY,60,20220811,170000,553,559,552,559,2476,0
KTY,60,20220812,100000,550,566,550,565,1651,0
KTY,60,20220812,110000,565,572,562,568,2606,0
KTY,60,20220812,120000,568,575,568,572,1994,0
KTY,60,20220812,130000,574,574,567,571,2899,0
KTY,60,20220812,140000,569,569,564,567,623,0
KTY,60,20220812,150000,567,568,565,567,439,0
KTY,60,20220812,160000,567,574,566,571,3539,0
KTY,60,20220812,170000,572,575,571,573,1636,0
KTY,60,20220816,100000,573,575,570,572,1073,0
KTY,60,20220816,110000,571,575,571,574,3072,0
KTY,60,20220816,120000,574,574,572,572,542,0
KTY,60,20220816,130000,573,574,569,571,1094,0
KTY,60,20220816,140000,570,572,567,570,898,0
KTY,60,20220816,150000,570,570,567,569,383,0
KTY,60,20220816,160000,569,572,562,572,2047,0
KTY,60,20220816,170000,572,575,570,571,2764,0
KTY,60,20220817,100000,577,588,575,577,4769,0
KTY,60,20220817,110000,576,580,570,574,1859,0
KTY,60,20220817,120000,573,575,568,571,1829,0
KTY,60,20220817,130000,570,574,570,574,756,0
KTY,60,20220817,140000,572,574,568,571,6943,0
KTY,60,20220817,150000,569,572,565,569,1795,0
KTY,60,20220817,160000,570,570,568,568,494,0
KTY,60,20220817,170000,568,569,565,568,1202,0
KTY,60,20220818,100000,568,570,564,567,463,0
KTY,60,20220818,110000,567,568,565,566,144,0
KTY,60,20220818,120000,566,569,565,569,1004,0
KTY,60,20220818,130000,569,572,567,572,5199,0
KTY,60,20220818,140000,573,581,573,579,2049,0
KTY,60,20220818,150000,578,578,571,574,437,0
KTY,60,20220818,160000,574,574,570,570,765,0
KTY,60,20220818,170000,570,574,570,571,1982,0
KTY,60,20220819,100000,567,570,567,570,2250,0
KTY,60,20220819,110000,570,579,570,578,1411,0
KTY,60,20220819,120000,580,580,571,575,2219,0
KTY,60,20220819,130000,575,575,570,572,1984,0
KTY,60,20220819,140000,571,574,569,573,3052,0
KTY,60,20220819,150000,573,575,571,575,2421,0
KTY,60,20220819,160000,575,576,570,573,1771,0
KTY,60,20220819,170000,573,576,572,573,1956,0
KTY,60,20220822,100000,576,576,568,568,1845,0
KTY,60,20220822,110000,568,570,565,566,666,0
KTY,60,20220822,120000,567,570,565,570,3558,0
KTY,60,20220822,130000,568,570,567,570,481,0
KTY,60,20220822,140000,570,570,567,568,356,0
KTY,60,20220822,150000,567,570,567,569,1092,0
KTY,60,20220822,160000,568,569,567,569,247,0
KTY,60,20220822,170000,568,570,567,570,2411,0
KTY,60,20220823,100000,566,570,564,570,285,0
KTY,60,20220823,110000,569,574,567,572,850,0
KTY,60,20220823,120000,571,573,568,570,688,0
KTY,60,20220823,130000,571,579,571,579,4283,0
KTY,60,20220823,140000,579,581,577,580,1661,0
KTY,60,20220823,150000,580,580,576,577,1998,0
KTY,60,20220823,160000,577,580,576,577,2136,0
KTY,60,20220823,170000,577,580,576,576,2747,0
KTY,60,20220824,100000,576,577,572,576,953,0
KTY,60,20220824,110000,576,579,576,577,100,0
KTY,60,20220824,120000,577,578,575,576,1110,0
KTY,60,20220824,130000,577,578,576,576,292,0
KTY,60,20220824,140000,576,577,573,577,168,0
KTY,60,20220824,150000,577,577,573,576,258,0
KTY,60,20220824,160000,574,576,569,571,1060,0
KTY,60,20220824,170000,572,576,571,576,1276,0
KTY,60,20220825,100000,580,580,576,579,451,0
KTY,60,20220825,110000,579,579,576,576,331,0
KTY,60,20220825,120000,579,579,573,573,303,0
KTY,60,20220825,130000,575,575,570,575,689,0
KTY,60,20220825,140000,572,572,571,572,90,0
KTY,60,20220825,150000,573,573,570,573,504,0
KTY,60,20220825,160000,572,574,571,571,6236,0
KTY,60,20220825,170000,571,573,570,570,767,0
KTY,60,20220826,100000,570,573,570,570,114,0
KTY,60,20220826,110000,571,573,571,573,170,0
KTY,60,20220826,120000,573,577,573,577,820,0
KTY,60,20220826,130000,577,577,575,576,471,0
KTY,60,20220826,140000,577,580,577,580,2322,0
KTY,60,20220826,150000,581,585,581,581,764,0
KTY,60,20220826,160000,581,585,579,582,1217,0
KTY,60,20220826,170000,582,584,578,578,1121,0
KTY,60,20220829,100000,571,572,554,556,1514,0
KTY,60,20220829,110000,556,556,553,555,451,0
KTY,60,20220829,120000,552,555,547,555,716,0
KTY,60,20220829,130000,555,556,554,556,428,0
KTY,60,20220829,140000,555,556,553,556,179,0
KTY,60,20220829,150000,554,557,553,556,311,0
KTY,60,20220829,160000,556,557,553,556,678,0
KTY,60,20220829,170000,556,558,554,558,695,0
KTY,60,20220830,100000,560,567,560,567,477,0
KTY,60,20220830,110000,566,566,565,565,470,0
KTY,60,20220830,120000,566,566,564,564,187,0
KTY,60,20220830,130000,565,566,563,563,207,0
KTY,60,20220830,140000,565,565,559,559,281,0
KTY,60,20220830,150000,559,561,555,557,544,0
KTY,60,20220830,160000,555,558,555,555,951,0
KTY,60,20220830,170000,555,555,547,551,3393,0
KTY,60,20220831,100000,548,559,548,555,747,0
KTY,60,20220831,110000,555,564,554,563,1148,0
KTY,60,20220831,120000,560,560,556,558,300,0
KTY,60,20220831,130000,556,559,554,554,734,0
KTY,60,20220831,140000,554,554,551,551,1386,0
KTY,60,20220831,150000,551,553,550,551,1492,0
KTY,60,20220831,160000,551,552,549,549,245,0
KTY,60,20220831,170000,550,553,546,553,1925,0
KTY,60,20220901,100000,553,554,542,544,3217,0
KTY,60,20220901,110000,542,545,541,541,2415,0
KTY,60,20220901,120000,542,554,542,552,2806,0
KTY,60,20220901,130000,552,555,550,554,902,0
KTY,60,20220901,140000,554,558,554,555,1186,0
KTY,60,20220901,150000,555,558,549,549,1839,0
KTY,60,20220901,160000,548,551,544,549,1199,0
KTY,60,20220901,170000,550,551,541,542,11680,0
KTY,60,20220902,100000,544,545,536,540,1166,0
KTY,60,20220902,110000,541,549,539,547,891,0
KTY,60,20220902,120000,545,554,544,553,1373,0
KTY,60,20220902,130000,553,560,550,552,1797,0
KTY,60,20220902,140000,552,553,549,551,2442,0
KTY,60,20220902,150000,549,552,547,548,849,0
KTY,60,20220902,160000,547,552,546,551,461,0
KTY,60,20220902,170000,550,554,550,554,1291,0
KTY,60,20220905,100000,545,554,544,548,514,0
KTY,60,20220905,110000,549,550,543,543,312,0
KTY,60,20220905,120000,543,544,541,543,322,0
KTY,60,20220905,130000,542,544,539,540,501,0
KTY,60,20220905,140000,540,542,539,539,140,0
KTY,60,20220905,150000,540,541,531,534,1336,0
KTY,60,20220905,160000,534,535,526,527,1954,0
KTY,60,20220905,170000,527,530,524,529,1312,0
KTY,60,20220906,100000,529,530,525,526,826,0
KTY,60,20220906,110000,525,525,510,517,3990,0
KTY,60,20220906,120000,516,518,512,513,595,0
KTY,60,20220906,130000,513,518,513,513,1805,0
KTY,60,20220906,140000,512,514,507,514,2190,0
KTY,60,20220906,150000,514,515,510,512,2041,0
KTY,60,20220906,160000,511,515,510,511,1552,0
KTY,60,20220906,170000,511,513,507,513,1912,0
KTY,60,20220907,100000,506,510,497,498,2245,0
KTY,60,20220907,110000,497.5,514,497.5,510,4059,0
KTY,60,20220907,120000,513,515,510,514,1685,0
KTY,60,20220907,130000,513,516,511,513,655,0
KTY,60,20220907,140000,514,514,510,511,1305,0
KTY,60,20220907,150000,511,511,504,508,1796,0
KTY,60,20220907,160000,507,513,506,508,7326,0
KTY,60,20220907,170000,510,514,504,510,9496,0
KTY,60,20220908,100000,510,522,510,520,687,0
KTY,60,20220908,110000,521,522,520,522,1453,0
KTY,60,20220908,120000,520,520,512,512,2041,0
KTY,60,20220908,130000,512,512,507,507,688,0
KTY,60,20220908,140000,509,509,507,508,256,0
KTY,60,20220908,150000,508,508,503,504,1146,0
KTY,60,20220908,160000,504,506,501,504,883,0
KTY,60,20220908,170000,504,506,500,504,3798,0
KTY,60,20220909,100000,510,514,503,507,2195,0
KTY,60,20220909,110000,507,519,505,514,9967,0
KTY,60,20220909,120000,516,526,515,517,4174,0
KTY,60,20220909,130000,517,517,515,516,549,0
KTY,60,20220909,140000,517,517,514,515,638,0
KTY,60,20220909,150000,515,517,511,512,971,0
KTY,60,20220909,160000,511,516,511,515,399,0
KTY,60,20220909,170000,516,517,515,516,1953,0
KTY,60,20220912,100000,519,521,504,511,3564,0
KTY,60,20220912,110000,512,517,511,515,1109,0
KTY,60,20220912,120000,514,517,508,511,1538,0
KTY,60,20220912,130000,511,514,510,512,1526,0
KTY,60,20220912,140000,512,515,510,512,841,0
KTY,60,20220912,150000,514,526,513,519,996,0
KTY,60,20220912,160000,521,521,515,516,769,0
KTY,60,20220912,170000,519,521,514,518,2415,0
KTY,60,20220913,100000,523,523,516,522,499,0
KTY,60,20220913,110000,522,522,517,520,403,0
KTY,60,20220913,120000,520,522,516,516,573,0
KTY,60,20220913,130000,516,520,516,518,1190,0
KTY,60,20220913,140000,516,520,515,520,949,0
KTY,60,20220913,150000,519,522,511,511,1337,0
KTY,60,20220913,160000,511,516,507,511,3098,0
KTY,60,20220913,170000,511,513,504,513,4862,0
KTY,60,20220914,100000,513,517,510,513,864,0
KTY,60,20220914,110000,516,519,515,517,480,0
KTY,60,20220914,120000,517,520,516,519,1634,0
KTY,60,20220914,130000,519,520,517,518,5348,0
KTY,60,20220914,140000,519,520,512,512,2156,0
KTY,60,20220914,150000,515,520,515,516,1124,0
KTY,60,20220914,160000,520,522,514,518,1804,0
KTY,60,20220914,170000,518,520,516,520,3032,0
KTY,60,20220915,100000,515,521,514,516,1224,0
KTY,60,20220915,110000,516,522,515,520,1219,0
KTY,60,20220915,120000,520,522,518,521,859,0
KTY,60,20220915,130000,521,525,516,518,2288,0
KTY,60,20220915,140000,520,522,519,522,777,0
KTY,60,20220915,150000,522,524,519,522,1380,0
KTY,60,20220915,160000,522,527,519,527,1965,0
KTY,60,20220915,170000,527,530,523,523,2935,0
KTY,60,20220916,100000,516,526,516,519,1463,0
KTY,60,20220916,110000,519,520,515,520,1431,0
KTY,60,20220916,120000,520,526,515,515,4774,0
KTY,60,20220916,130000,518,523,515,518,5754,0
KTY,60,20220916,140000,518,519,513,515,1882,0
KTY,60,20220916,150000,515,515,510,511,2102,0
KTY,60,20220916,160000,511,513,500,500,9544,0
KTY,60,20220916,170000,500,510,497,510,34706,0
KTY,60,20220919,100000,510,524,510,519,1117,0
KTY,60,20220919,110000,522,524,520,522,1049,0
KTY,60,20220919,120000,522,523,519,522,252,0
KTY,60,20220919,130000,519,519,515,517,122,0
KTY,60,20220919,140000,515,518,515,517,33,0
KTY,60,20220919,150000,517,518,515,516,190,0
KTY,60,20220919,160000,516,531,515,528,1939,0
KTY,60,20220919,170000,528,528,524,524,815,0
KTY,60,20220920,100000,520,529,519,521,336,0
KTY,60,20220920,110000,521,525,518,522,972,0
KTY,60,20220920,120000,522,522,518,518,360,0
KTY,60,20220920,130000,518,519,515,516,638,0
KTY,60,20220920,140000,517,520,515,517,1478,0
KTY,60,20220920,150000,517,517,514,514,610,0
KTY,60,20220920,160000,514,517,511,513,403,0
KTY,60,20220920,170000,512,514,511,513,918,0
KTY,60,20220921,100000,513,517,512,512,232,0
KTY,60,20220921,110000,514,515,509,513,1065,0
KTY,60,20220921,120000,513,514,511,511,430,0
KTY,60,20220921,130000,511,515,511,513,945,0
KTY,60,20220921,140000,513,515,512,514,350,0
KTY,60,20220921,150000,514,516,513,515,914,0
KTY,60,20220921,160000,512,515,509,511,1214,0
KTY,60,20220921,170000,511,516,510,514,2427,0
KTY,60,20220922,100000,512,512,508,510,344,0
KTY,60,20220922,110000,513,518,513,515,848,0
KTY,60,20220922,120000,514,515,510,512,509,0
KTY,60,20220922,130000,512,516,512,512,223,0
KTY,60,20220922,140000,512,514,509,512,593,0
KTY,60,20220922,150000,514,516,512,514,172,0
KTY,60,20220922,160000,517,517,509,509,331,0
KTY,60,20220922,170000,512,512,509,510,739,0
KTY,60,20220923,100000,509,509,501,506,1694,0
KTY,60,20220923,110000,508,508,498,499,1487,0
KTY,60,20220923,120000,498,499,492.5,492.5,1373,0
KTY,60,20220923,130000,494,499.5,494,498.5,849,0
KTY,60,20220923,140000,498,499,496,499,719,0
KTY,60,20220923,150000,500,501,498,499.5,754,0
KTY,60,20220923,160000,499,500,498,498,682,0
KTY,60,20220923,170000,499,504,498,498,2995,0
KTY,60,20220926,100000,498,504,493,498,1389,0
KTY,60,20220926,110000,497,502,497,498.5,532,0
KTY,60,20220926,120000,501,501,498.5,498.5,556,0
KTY,60,20220926,130000,498.5,500,497.5,499.5,1187,0
KTY,60,20220926,140000,500,500,495,497.5,2095,0
KTY,60,20220926,150000,497.5,499,495,497.5,4050,0
KTY,60,20220926,160000,497,504,495,504,1733,0
KTY,60,20220926,170000,504,512,502,505,3620,0
KTY,60,20220927,100000,511,513,508,511,747,0
KTY,60,20220927,110000,511,512,510,510,380,0
KTY,60,20220927,120000,512,515,505,506,1664,0
KTY,60,20220927,130000,507,507,506,506,355,0
KTY,60,20220927,140000,507,507,506,507,560,0
KTY,60,20220927,150000,506,507,504,505,1253,0
KTY,60,20220927,160000,503,507,502,505,1110,0
KTY,60,20220927,170000,504,505,500,504,2547,0
KTY,60,20220928,100000,504,504,498,504,1396,0
KTY,60,20220928,110000,503,505,499,502,547,0
KTY,60,20220928,120000,499,501,495,499.5,791,0
KTY,60,20220928,130000,499.5,505,499,499,1360,0
KTY,60,20220928,140000,499,501,492.5,494,1402,0
KTY,60,20220928,150000,493.5,495,488,492,2681,0
KTY,60,20220928,160000,493,493,488.5,489.5,2416,0
KTY,60,20220928,170000,490,493,488,490,3947,0
KTY,60,20220929,100000,494.5,502,491,499,869,0
KTY,60,20220929,110000,499,500,489,489,1699,0
KTY,60,20220929,120000,490,491,489,489.5,1222,0
KTY,60,20220929,130000,489.5,492.5,489,490,1283,0
KTY,60,20220929,140000,490,490,485.5,490,1033,0
KTY,60,20220929,150000,489.5,490,483.5,489,1306,0
KTY,60,20220929,160000,489,490,484,485,1516,0
KTY,60,20220929,170000,485,489,481,484,1826,0
KTY,60,20220930,100000,493,494,485.5,486.5,529,0
KTY,60,20220930,110000,489,489.5,480,483,1068,0
KTY,60,20220930,120000,481,484.5,480,484.5,606,0
KTY,60,20220930,130000,486,489.5,484,485,616,0
KTY,60,20220930,140000,485,485.5,479,479,566,0
KTY,60,20220930,150000,478.5,479.5,476,477,618,0
KTY,60,20220930,160000,480,485,479,482,3632,0
KTY,60,20220930,170000,483,488.5,481.5,483.5,3949,0
KTY,60,20221003,100000,482,490,482,488.5,786,0
KTY,60,20221003,110000,488.5,488.5,483,483.5,447,0
KTY,60,20221003,120000,486,492,482,489.5,764,0
KTY,60,20221003,130000,489.5,491,486,490.5,1910,0
KTY,60,20221003,140000,490,490,478,478.5,1363,0
KTY,60,20221003,150000,479,481,473,475.5,1543,0
KTY,60,20221003,160000,474.5,487.5,473,483,2120,0
KTY,60,20221003,170000,482.5,493,482,493,2194,0
KTY,60,20221004,100000,495,508,495,503,1561,0
KTY,60,20221004,110000,502,505,502,505,356,0
KTY,60,20221004,120000,504,504,497,499.5,1031,0
KTY,60,20221004,130000,498.5,499.5,494,496,1301,0
KTY,60,20221004,140000,493.5,495,493,495,536,0
KTY,60,20221004,150000,494.5,496,494,496,1715,0
KTY,60,20221004,160000,496,497,494,494.5,1018,0
KTY,60,20221004,170000,495,500,494,500,3455,0
KTY,60,20221005,100000,499,508,496.5,507,1056,0
KTY,60,20221005,110000,507,510,505,505,834,0
KTY,60,20221005,120000,505,508,505,508,925,0
KTY,60,20221005,130000,508,510,507,509,558,0
KTY,60,20221005,140000,510,513,508,510,1043,0
KTY,60,20221005,150000,510,515,509,514,2073,0
KTY,60,20221005,160000,515,518,512,517,926,0
KTY,60,20221005,170000,517,518,512,516,1867,0
KTY,60,20221006,100000,516,520,516,516,1055,0
KTY,60,20221006,110000,516,516,507,509,1266,0
KTY,60,20221006,120000,507,511,506,508,1914,0
KTY,60,20221006,130000,509,512,507,512,363,0
KTY,60,20221006,140000,512,512,508,509,872,0
KTY,60,20221006,150000,509,513,509,510,856,0
KTY,60,20221006,160000,511,514,510,511,706,0
KTY,60,20221006,170000,511,516,509,516,4172,0
KTY,60,20221007,100000,517,519,509,510,886,0
KTY,60,20221007,110000,510,512,505,505,1059,0
KTY,60,20221007,120000,509,513,506,510,3247,0
KTY,60,20221007,130000,509,512,507,510,1432,0
KTY,60,20221007,140000,509,511,509,510,2328,0
KTY,60,20221007,150000,510,510,506,507,2333,0
KTY,60,20221007,160000,507,509,506,507,740,0
KTY,60,20221007,170000,506,513,505,510,3247,0
KTY,60,20221010,100000,508,514,507,510,624,0
KTY,60,20221010,110000,508,509,499,502,977,0
KTY,60,20221010,120000,500,503,499.5,503,399,0
KTY,60,20221010,130000,503,503,499,499,438,0
KTY,60,20221010,140000,501,503,499.5,499.5,350,0
KTY,60,20221010,150000,502,502,498,500,3657,0
KTY,60,20221010,160000,499,500,495.5,496.5,851,0
KTY,60,20221010,170000,496.5,502,495.5,495.5,2306,0
KTY,60,20221011,100000,500,500,496.5,499,202,0
KTY,60,20221011,110000,498.5,499,495,497.5,157,0
KTY,60,20221011,120000,496,496.5,490,491.5,655,0
KTY,60,20221011,130000,490,495,489.5,490,1588,0
KTY,60,20221011,140000,490,492.5,489,491,1812,0
KTY,60,20221011,150000,491,498.5,491,498.5,3518,0
KTY,60,20221011,160000,499,504,492,492,2326,0
KTY,60,20221011,170000,492,494.5,490,492,3230,0
KTY,60,20221012,100000,494,495,490.5,490.5,368,0
KTY,60,20221012,110000,490,494,485,492.5,942,0
KTY,60,20221012,120000,492,492.5,490,490,88,0
KTY,60,20221012,130000,490,490,486,488,237,0
KTY,60,20221012,140000,487,488,482.5,484,629,0
KTY,60,20221012,150000,482.5,482.5,478,482,1860,0
KTY,60,20221012,160000,482,482,476.5,478,1237,0
KTY,60,20221012,170000,479,479.5,470,470,3615,0
KTY,60,20221013,100000,471.5,473.5,463,465,1719,0
KTY,60,20221013,110000,464,465,453,457,3222,0
KTY,60,20221013,120000,460.5,467.5,456.5,466.5,2433,0
KTY,60,20221013,130000,466.5,468,454,456.5,5196,0
KTY,60,20221013,140000,458,464,457,460.5,1653,0
KTY,60,20221013,150000,460.5,462,447,448,4430,0
KTY,60,20221013,160000,449,456,449,454,2233,0
KTY,60,20221013,170000,452.5,455,447.5,451,4514,0
KTY,60,20221014,100000,461.5,474,460,474,2900,0
KTY,60,20221014,110000,474,475,465.5,469.5,1276,0
KTY,60,20221014,120000,468.5,471,468,469,803,0
KTY,60,20221014,130000,469,472,468.5,472,742,0
KTY,60,20221014,140000,471,471,465,467,1948,0
KTY,60,20221014,150000,468,476,468,476,1100,0
KTY,60,20221014,160000,476.5,478.5,474,478,1018,0
KTY,60,20221014,170000,475.5,479,468,479,3369,0
KTY,60,20221017,100000,477.5,479,468,471,714,0
KTY,60,20221017,110000,470,471,467,470,371,0
KTY,60,20221017,120000,470,472,469.5,471.5,258,0
KTY,60,20221017,130000,470,470.5,465,465,495,0
KTY,60,20221017,140000,464,468.5,462,465,306,0
KTY,60,20221017,150000,464.5,469,464,467.5,547,0
KTY,60,20221017,160000,468.5,476.5,468,472,838,0
KTY,60,20221017,170000,472,473.5,469.5,472,1333,0
KTY,60,20221018,100000,479,481.5,476,478.5,951,0
KTY,60,20221018,110000,478.5,487.5,478.5,485,2302,0
KTY,60,20221018,120000,483,483,478,481,1967,0
KTY,60,20221018,130000,481,487,481,484,1086,0
KTY,60,20221018,140000,484,488,482.5,484,858,0
KTY,60,20221018,150000,485,486.5,484,484,1092,0
KTY,60,20221018,160000,485.5,486,482,484.5,1117,0
KTY,60,20221018,170000,484.5,484.5,478.5,480,1874,0
KTY,60,20221019,100000,480.5,486,480,480,368,0
KTY,60,20221019,110000,482,483,475,476,819,0
KTY,60,20221019,120000,477.5,478,476.5,478,286,0
KTY,60,20221019,130000,478,478,476,477,311,0
KTY,60,20221019,140000,476.5,476.5,472,474,612,0
KTY,60,20221019,150000,473,473,464,468,1054,0
KTY,60,20221019,160000,469.5,472,468,469,682,0
KTY,60,20221019,170000,468.5,472,464,464,2274,0
KTY,60,20221020,100000,466.5,476,462,471,1936,0
KTY,60,20221020,110000,471,477,471,475,624,0
KTY,60,20221020,120000,475,475,468,471.5,782,0
KTY,60,20221020,130000,471.5,474,469,474,679,0
KTY,60,20221020,140000,474,474,448,450.5,3843,0
KTY,60,20221020,150000,450,456.5,448,449,2878,0
KTY,60,20221020,160000,449,452,446.5,447.5,2415,0
KTY,60,20221020,170000,448.5,453.5,447,451,4210,0
KTY,60,20221021,100000,450,450,435.5,447,2712,0
KTY,60,20221021,110000,447,447,442,445.5,1279,0
KTY,60,20221021,120000,443,449,443,447,1240,0
KTY,60,20221021,130000,446,447.5,442.5,447,734,0
KTY,60,20221021,140000,446.5,447.5,445,447,520,0
KTY,60,20221021,150000,447,447,433.5,436,2444,0
KTY,60,20221021,160000,435.5,440.5,435,440,2062,0
KTY,60,20221021,170000,440.5,446,440,445,3136,0
KTY,60,20221024,100000,445,458,444,457,955,0
KTY,60,20221024,110000,457,460,455.5,457.5,879,0
KTY,60,20221024,120000,457.5,467,457.5,466.5,3056,0
KTY,60,20221024,130000,467,472,467,471,753,0
KTY,60,20221024,140000,471,474,467,473,2778,0
KTY,60,20221024,150000,473,474,469,474,2348,0
KTY,60,20221024,160000,474,474,472,473.5,1795,0
KTY,60,20221024,170000,473.5,478,471.5,475,3945,0
KTY,60,20221025,100000,475,475,465,473,2882,0
KTY,60,20221025,110000,472,474,470,472,578,0
KTY,60,20221025,120000,473.5,473.5,463,465,1717,0
KTY,60,20221025,130000,465,465.5,463.5,465,594,0
KTY,60,20221025,140000,465.5,469,465,468.5,1040,0
KTY,60,20221025,150000,467.5,469,467,467,1214,0
KTY,60,20221025,160000,467,467,463,464,1159,0
KTY,60,20221025,170000,463,467,463,465.5,1828,0
KTY,60,20221026,100000,467,475,465.5,470,949,0
KTY,60,20221026,110000,471,472,468,472,1234,0
KTY,60,20221026,120000,471,472,471,472,395,0
KTY,60,20221026,130000,472,472,471,471.5,498,0
KTY,60,20221026,140000,472,474,472,474,1172,0
KTY,60,20221026,150000,472.5,473.5,471,473.5,643,0
KTY,60,20221026,160000,473.5,477,472.5,476,2264,0
KTY,60,20221026,170000,476.5,490,475.5,489,2950,0
KTY,60,20221027,100000,487,487,475.5,478.5,833,0
KTY,60,20221027,110000,477.5,493.5,477.5,491.5,3031,0
KTY,60,20221027,120000,491.5,491.5,483,484,1315,0
KTY,60,20221027,130000,483,484,482,483,125,0
KTY,60,20221027,140000,484,486,482,486,738,0
KTY,60,20221027,150000,486,488.5,485.5,487,363,0
KTY,60,20221027,160000,487.5,492,486,486.5,640,0
KTY,60,20221027,170000,486,494,484.5,493,1691,0
KTY,60,20221028,100000,489.5,493.5,485,489,1163,0
KTY,60,20221028,110000,489.5,490,486.5,490,1172,0
KTY,60,20221028,120000,489,492,487.5,492,466,0
KTY,60,20221028,130000,492,493,491,491.5,392,0
KTY,60,20221028,140000,492.5,494,491.5,492.5,268,0
KTY,60,20221028,150000,491,493,488,488,275,0
KTY,60,20221028,160000,487.5,489.5,487,489.5,291,0
KTY,60,20221028,170000,489,489,479.5,485,2131,0
KTY,60,20221031,100000,490,490,480.5,484,772,0
KTY,60,20221031,110000,482,485,482,483.5,543,0
KTY,60,20221031,120000,483.5,485,483.5,485,181,0
KTY,60,20221031,130000,485,485.5,483,485,255,0
KTY,60,20221031,140000,485,485,482,484,222,0
KTY,60,20221031,150000,482,495,481.5,491.5,5287,0
KTY,60,20221031,160000,491.5,495,491.5,493,1381,0
KTY,60,20221031,170000,493.5,496,493,493,1683,0
KTY,60,20221102,100000,497,509,496,508,2033,0
KTY,60,20221102,110000,508,509,500,503,1553,0
KTY,60,20221102,120000,503,506,503,505,1234,0
KTY,60,20221102,130000,504,510,504,510,646,0
KTY,60,20221102,140000,510,510,508,508,387,0
KTY,60,20221102,150000,508,512,506,512,1650,0
KTY,60,20221102,160000,511,514,506,507,517,0
KTY,60,20221102,170000,508,509,503,509,1343,0
KTY,60,20221103,100000,505,505,490.5,493.5,1871,0
KTY,60,20221103,110000,493.5,497.5,491.5,492.5,1025,0
KTY,60,20221103,120000,492.5,495,492,494,711,0
KTY,60,20221103,130000,493.5,493.5,492.5,493.5,699,0
KTY,60,20221103,140000,492.5,505,492,494,3960,0
KTY,60,20221103,150000,494,499,493,494,1770,0
KTY,60,20221103,160000,493.5,503,492.5,503,1384,0
KTY,60,20221103,170000,503,504,499,503,1988,0
KTY,60,20221104,100000,501,510,496,509,2073,0
KTY,60,20221104,110000,510,514,510,511,1002,0
KTY,60,20221104,120000,512,514,500,509,3041,0
KTY,60,20221104,130000,509,509,504,508,841,0
KTY,60,20221104,140000,507,508,505,508,4307,0
KTY,60,20221104,150000,508,508,507,508,3668,0
KTY,60,20221104,160000,508,517,508,516,2107,0
KTY,60,20221104,170000,515,516,512,512,1551,0
KTY,60,20221107,100000,512,512,504,512,1411,0
KTY,60,20221107,110000,513,519,511,518,626,0
KTY,60,20221107,120000,518,522,516,522,1326,0
KTY,60,20221107,130000,523,526,521,526,917,0
KTY,60,20221107,140000,526,532,524,527,1212,0
KTY,60,20221107,150000,527,529,525,526,528,0
KTY,60,20221107,160000,527,529,524,526,535,0
KTY,60,20221107,170000,526,527,520,522,1983,0
KTY,60,20221108,100000,525,525,519,525,549,0
KTY,60,20221108,110000,523,524,522,524,250,0
KTY,60,20221108,120000,524,529,524,528,691,0
KTY,60,20221108,130000,528,528,526,528,180,0
KTY,60,20221108,140000,528,528,525,525,244,0
KTY,60,20221108,150000,528,528,526,527,153,0
KTY,60,20221108,160000,527,530,527,530,1050,0
KTY,60,20221108,170000,530,537,530,536,2079,0
KTY,60,20221109,100000,538,542,530,539,747,0
KTY,60,20221109,110000,537,544,537,542,608,0
KTY,60,20221109,120000,541,544,540,540,486,0
KTY,60,20221109,130000,541,542,540,542,201,0
KTY,60,20221109,140000,542,542,533,536,2469,0
KTY,60,20221109,150000,534,537,532,532,267,0
KTY,60,20221109,160000,533,534,519,521,2922,0
KTY,60,20221109,170000,525,525,520,521,1956,0
KTY,60,20221110,100000,520,529,515,518,3402,0
KTY,60,20221110,110000,521,522,518,521,358,0
KTY,60,20221110,120000,521,521,516,517,349,0
KTY,60,20221110,130000,518,522,518,522,158,0
KTY,60,20221110,140000,519,521,518,518,270,0
KTY,60,20221110,150000,521,536,521,533,1218,0
KTY,60,20221110,160000,533,545,530,540,1690,0
KTY,60,20221110,170000,540,545,535,543,1863,0
KTY,60,20221114,100000,545,546,534,542,1709,0
KTY,60,20221114,110000,540,543,538,540,795,0
KTY,60,20221114,120000,539,541,538,540,289,0
KTY,60,20221114,130000,540,540,536,536,191,0
KTY,60,20221114,140000,538,545,537,545,527,0
KTY,60,20221114,150000,545,549,545,549,880,0
KTY,60,20221114,160000,549,556,546,552,732,0
KTY,60,20221114,170000,552,555,547,550,2845,0
KTY,60,20221115,100000,550,551,542,542,554,0
KTY,60,20221115,110000,543,545,539,545,411,0
KTY,60,20221115,120000,545,546,544,546,46,0
KTY,60,20221115,130000,547,549,543,543,114,0
KTY,60,20221115,140000,545,549,545,549,260,0
KTY,60,20221115,150000,550,561,550,561,1267,0
KTY,60,20221115,160000,558,564,546,554,1719,0
KTY,60,20221115,170000,555,556,547,550,1323,0
KTY,60,20221116,100000,550,559,543,547,2115,0
KTY,60,20221116,110000,545,545,535,541,1059,0
KTY,60,20221116,120000,541,545,538,543,792,0
KTY,60,20221116,130000,543,543,538,540,462,0
KTY,60,20221116,140000,540,540,535,538,603,0
KTY,60,20221116,150000,539,540,534,537,538,0
KTY,60,20221116,160000,538,542,535,537,1290,0
KTY,60,20221116,170000,537,537,532,532,2285,0
KTY,60,20221117,100000,536,537,528,532,957,0
KTY,60,20221117,110000,532,539,530,538,563,0
KTY,60,20221117,120000,537,538,534,536,583,0
KTY,60,20221117,130000,534,536,534,535,705,0
KTY,60,20221117,140000,534,537,533,535,584,0
KTY,60,20221117,150000,535,538,525,537,1768,0
KTY,60,20221117,160000,538,545,536,545,1449,0
KTY,60,20221117,170000,545,546,535,539,2100,0
KTY,60,20221118,100000,540,545,535,543,553,0
KTY,60,20221118,110000,545,554,545,546,1610,0
KTY,60,20221118,120000,548,554,548,550,1225,0
KTY,60,20221118,130000,550,552,548,550,429,0
KTY,60,20221118,140000,549,551,543,543,703,0
KTY,60,20221118,150000,546,549,545,545,263,0
KTY,60,20221118,160000,547,548,541,545,726,0
KTY,60,20221118,170000,546,548,538,540,2150,0
KTY,60,20221121,100000,543,551,539,547,843,0
KTY,60,20221121,110000,545,549,545,548,472,0
KTY,60,20221121,120000,549,552,548,548,631,0
KTY,60,20221121,130000,548,556,548,551,858,0
KTY,60,20221121,140000,554,554,547,548,390,0
KTY,60,20221121,150000,546,555,546,553,730,0
KTY,60,20221121,160000,554,555,551,553,459,0
KTY,60,20221121,170000,554,555,541,542,2385,0
KTY,60,20221122,100000,543,549,537,542,771,0
KTY,60,20221122,110000,542,551,539,551,894,0
KTY,60,20221122,120000,551,555,550,554,670,0
KTY,60,20221122,130000,555,558,551,555,935,0
KTY,60,20221122,140000,555,556,550,550,1373,0
KTY,60,20221122,150000,549,558,549,557,1176,0
KTY,60,20221122,160000,557,560,557,558,947,0
KTY,60,20221122,170000,561,562,558,562,1359,0
KTY,60,20221123,100000,563,567,562,565,527,0
KTY,60,20221123,110000,566,569,564,569,358,0
KTY,60,20221123,120000,567,569,565,565,1413,0
KTY,60,20221123,130000,568,568,565,567,110,0
KTY,60,20221123,140000,566,568,566,567,215,0
KTY,60,20221123,150000,565,565,561,563,93,0
KTY,60,20221123,160000,561,562,560,562,823,0
KTY,60,20221123,170000,562,564,560,562,539,0
KTY,60,20221124,100000,569,569,555,555,634,0
KTY,60,20221124,110000,559,565,558,565,273,0
KTY,60,20221124,120000,561,564,559,560,83,0
KTY,60,20221124,130000,564,564,560,564,277,0
KTY,60,20221124,140000,565,565,561,565,112,0
KTY,60,20221124,150000,562,568,560,568,269,0
KTY,60,20221124,160000,567,568,565,565,192,0
KTY,60,20221124,170000,567,570,566,570,1312,0
KTY,60,20221125,100000,573,587,570,580,9955,0
KTY,60,20221125,110000,581,588,580,581,1380,0
KTY,60,20221125,120000,582,587,579,584,1369,0
KTY,60,20221125,130000,584,586,580,580,304,0
KTY,60,20221125,140000,580,582,577,578,484,0
KTY,60,20221125,150000,578,578,573,573,314,0
KTY,60,20221125,160000,573,586,573,586,1143,0
KTY,60,20221125,170000,586,587,581,585,1262,0
KTY,60,20221128,100000,585,589,575,579,883,0
KTY,60,20221128,110000,582,588,581,586,525,0
KTY,60,20221128,120000,582,585,580,583,450,0
KTY,60,20221128,130000,582,584,580,581,2208,0
KTY,60,20221128,140000,583,584,582,584,179,0
KTY,60,20221128,150000,582,583,579,580,716,0
KTY,60,20221128,160000,580,582,575,575,1847,0
KTY,60,20221128,170000,576,581,574,578,1834,0
KTY,60,20221129,100000,581,584,577,582,712,0
KTY,60,20221129,110000,582,585,581,582,469,0
KTY,60,20221129,120000,581,582,580,580,328,0
KTY,60,20221129,130000,579,583,579,583,161,0
KTY,60,20221129,140000,581,582,581,582,335,0
KTY,60,20221129,150000,582,582,581,582,210,0
KTY,60,20221129,160000,582,583,581,583,1250,0
KTY,60,20221129,170000,583,591,583,589,1798,0
KTY,60,20221130,100000,589,589,585,589,426,0
KTY,60,20221130,110000,590,594,590,590,280,0
KTY,60,20221130,120000,590,592,590,591,300,0
KTY,60,20221130,130000,590,592,589,590,368,0
KTY,60,20221130,140000,590,592,589,591,186,0
KTY,60,20221130,150000,591,591,589,590,1905,0
KTY,60,20221130,160000,590,591,589,589,320,0
KTY,60,20221130,170000,589,591,589,591,3636,0
KTY,60,20221201,100000,594,595,589,591,1072,0
KTY,60,20221201,110000,589,590,588,588,584,0
KTY,60,20221201,120000,590,591,589,590,2553,0
KTY,60,20221201,130000,588,590,588,588,1132,0
KTY,60,20221201,140000,588,590,588,588,1207,0
KTY,60,20221201,150000,587,590,584,585,23114,0
KTY,60,20221201,160000,585,588,585,587,1504,0
KTY,60,20221201,170000,587,592,584,592,2319,0
KTY,60,20221202,100000,592,605,588,600,3398,0
KTY,60,20221202,110000,600,601,593,598,10778,0
KTY,60,20221202,120000,599,600,594,596,970,0
KTY,60,20221202,130000,596,597,591,592,271,0
KTY,60,20221202,140000,591,594,589,593,564,0
KTY,60,20221202,150000,594,594,586,588,425,0
KTY,60,20221202,160000,586,589,583,587,749,0
KTY,60,20221202,170000,587,591,582,582,1529,0
KTY,60,20221205,100000,585,589,583,588,781,0
KTY,60,20221205,110000,588,588,586,588,162,0
KTY,60,20221205,120000,588,590,587,590,220,0
KTY,60,20221205,130000,591,591,587,589,264,0
KTY,60,20221205,140000,589,590,586,590,28,0
KTY,60,20221205,150000,588,588,580,580,697,0
KTY,60,20221205,160000,580,582,572,574,1607,0
KTY,60,20221205,170000,574,578,571,572,2076,0
KTY,60,20221206,100000,577,579,573,578,664,0
KTY,60,20221206,110000,579,580,578,580,239,0
KTY,60,20221206,120000,581,583,578,578,640,0
KTY,60,20221206,130000,578,585,578,582,665,0
KTY,60,20221206,140000,585,585,582,583,179,0
KTY,60,20221206,150000,583,584,582,582,386,0
KTY,60,20221206,160000,582,584,581,584,256,0
KTY,60,20221206,170000,583,583,580,583,917,0
KTY,60,20221207,100000,581,581,572,572,355,0
KTY,60,20221207,110000,575,575,568,570,312,0
KTY,60,20221207,120000,570,571,568,570,239,0
KTY,60,20221207,130000,572,572,570,572,96,0
KTY,60,20221207,140000,572,574,571,573,485,0
KTY,60,20221207,150000,571,573,563,568,1041,0
KTY,60,20221207,160000,566,571,566,567,883,0
KTY,60,20221207,170000,567,570,565,567,2257,0
KTY,60,20221208,100000,568,570,557,559,1678,0
KTY,60,20221208,110000,560,561,557,560,372,0
KTY,60,20221208,120000,559,561,558,560,320,0
KTY,60,20221208,130000,560,560,557,558,848,0
KTY,60,20221208,140000,557,560,557,560,175,0
KTY,60,20221208,150000,560,560,558,560,334,0
KTY,60,20221208,160000,557,560,556,560,965,0
KTY,60,20221208,170000,560,560,552,556,1970,0
KTY,60,20221209,100000,558,569,557,564,529,0
KTY,60,20221209,110000,565,567,564,565,1192,0
KTY,60,20221209,120000,566,567,565,565,622,0
KTY,60,20221209,130000,566,567,562,565,804,0
KTY,60,20221209,140000,563,567,561,561,657,0
KTY,60,20221209,150000,562,563,556,559,660,0
KTY,60,20221209,160000,558,560,556,556,1155,0
KTY,60,20221209,170000,555,558,553,558,2072,0
KTY,60,20221212,100000,559,567,558,562,1719,0
KTY,60,20221212,110000,564,565,559,559,459,0
KTY,60,20221212,120000,561,563,559,560,386,0
KTY,60,20221212,130000,562,562,556,561,334,0
KTY,60,20221212,140000,559,561,556,559,746,0
KTY,60,20221212,150000,558,562,558,562,383,0
KTY,60,20221212,160000,560,560,555,556,1082,0
KTY,60,20221212,170000,557,561,556,561,1175,0
KTY,60,20221213,100000,562,564,557,557,1072,0
KTY,60,20221213,110000,558,560,554,554,759,0
KTY,60,20221213,120000,554,559,554,558,446,0
KTY,60,20221213,130000,558,558,555,555,498,0
KTY,60,20221213,140000,555,557,549,551,3007,0
KTY,60,20221213,150000,551,556,549,555,6742,0
KTY,60,20221213,160000,554,555,553,555,3572,0
KTY,60,20221213,170000,555,558,552,554,4060,0
KTY,60,20221214,100000,559,560,554,555,635,0
KTY,60,20221214,110000,554,555,550,552,7333,0
KTY,60,20221214,120000,552,553,549,549,1452,0
KTY,60,20221214,130000,550,550,546,548,707,0
KTY,60,20221214,140000,548,550,546,550,416,0
KTY,60,20221214,150000,550,550,548,550,587,0
KTY,60,20221214,160000,550,550,549,550,594,0
KTY,60,20221214,170000,550,550,547,548,1539,0
KTY,60,20221215,100000,556,556,548,549,887,0
KTY,60,20221215,110000,547,550,546,549,267,0
KTY,60,20221215,120000,548,549,545,548,457,0
KTY,60,20221215,130000,546,547,544,546,402,0
KTY,60,20221215,140000,546,548,544,544,310,0
KTY,60,20221215,150000,544,546,539,539,2584,0
KTY,60,20221215,160000,539,540,537,538,735,0
KTY,60,20221215,170000,538,539,535,538,2644,0
KTY,60,20221216,100000,541,548,537,537,941,0
KTY,60,20221216,110000,538,539,533,534,416,0
KTY,60,20221216,120000,535,535,530,530,1457,0
KTY,60,20221216,130000,529,533,528,533,328,0
KTY,60,20221216,140000,533,535,533,535,683,0
KTY,60,20221216,150000,535,535,533,534,678,0
KTY,60,20221216,160000,535,541,526,528,8930,0
KTY,60,20221216,170000,528,530,520,530,22578,0
KTY,60,20221219,100000,531,534,525,529,632,0
KTY,60,20221219,110000,529,530,527,530,499,0
KTY,60,20221219,120000,529,530,528,528,435,0
KTY,60,20221219,130000,529,529,526,526,436,0
KTY,60,20221219,140000,528,529,527,528,282,0
KTY,60,20221219,150000,528,530,527,529,5032,0
KTY,60,20221219,160000,530,530,527,530,595,0
KTY,60,20221219,170000,530,530,527,530,1117,0
KTY,60,20221220,100000,528,530,526,530,306,0
KTY,60,20221220,110000,530,530,526,527,1070,0
KTY,60,20221220,120000,528,528,525,527,570,0
KTY,60,20221220,130000,526,528,505,508,5437,0
KTY,60,20221220,140000,509,510,507,510,3681,0
KTY,60,20221220,150000,510,510,495.5,495.5,3657,0
KTY,60,20221220,160000,496,505,493,499,3022,0
KTY,60,20221220,170000,499,499.5,495.5,496,4655,0
KTY,60,20221221,100000,495,496,473,474.5,13490,0
KTY,60,20221221,110000,474.5,476,464,466,19464,0
KTY,60,20221221,120000,466,471.5,453,455,46531,0
KTY,60,20221221,130000,455,457,452.5,457,7958,0
KTY,60,20221221,140000,457,465,454,462.5,16750,0
KTY,60,20221221,150000,462.5,465,460,463,11522,0
KTY,60,20221221,160000,463,464,456,456,9250,0
KTY,60,20221221,170000,456,458,454.5,455,21159,0
KTY,60,20221222,100000,456,460,450,454.5,12551,0
KTY,60,20221222,110000,454,457,452.5,454,5434,0
KTY,60,20221222,120000,454,455,452,453.5,4576,0
KTY,60,20221222,130000,454,455,452.5,455,2439,0
KTY,60,20221222,140000,455,457,454,456,1527,0
KTY,60,20221222,150000,456,458,454.5,455,3006,0
KTY,60,20221222,160000,455.5,457,452,454,2887,0
KTY,60,20221222,170000,454,455.5,452.5,455,2458,0
KTY,60,20221223,100000,456,462,454.5,460.5,4915,0
KTY,60,20221223,110000,461,461.5,452.5,455,6169,0
KTY,60,20221223,120000,455,455.5,453.5,455,1218,0
KTY,60,20221223,130000,454.5,456,454.5,455,830,0
KTY,60,20221223,140000,455,459.5,455,459,1376,0
KTY,60,20221223,150000,458.5,468,458.5,465,3941,0
KTY,60,20221223,160000,463.5,467.5,463.5,466,2122,0
KTY,60,20221223,170000,466,467,463,465.5,2340,0
KTY,60,20221227,100000,472,473,451.5,452.5,12703,0
KTY,60,20221227,110000,452.5,453,448,449.5,8798,0
KTY,60,20221227,120000,450,452,448.5,451,2468,0
KTY,60,20221227,130000,452,455,451,454,1830,0
KTY,60,20221227,140000,453,455,452,454.5,2208,0
KTY,60,20221227,150000,454,454.5,453.5,454.5,1396,0
KTY,60,20221227,160000,454,455,453.5,454.5,2641,0
KTY,60,20221227,170000,454,454,449,449,8822,0
KTY,60,20221228,100000,450,454.5,450,451,2062,0
KTY,60,20221228,110000,450,451,444,447,9296,0
KTY,60,20221228,120000,448,450,447,450,1540,0
KTY,60,20221228,130000,450,450,448,450,1402,0
KTY,60,20221228,140000,450,451,448.5,450,1750,0
KTY,60,20221228,150000,450,450,448,449,1401,0
KTY,60,20221228,160000,448.5,450,448,449.5,1227,0
KTY,60,20221228,170000,449.5,450,447,447,3207,0
KTY,60,20221229,100000,451,458.5,450,456,4025,0
KTY,60,20221229,110000,456.5,457,452,453,2940,0
KTY,60,20221229,120000,453,455,452.5,454.5,3593,0
KTY,60,20221229,130000,454.5,460,454.5,458,6949,0
KTY,60,20221229,140000,457.5,459,455,458.5,2086,0
KTY,60,20221229,150000,459,459,453.5,454,2901,0
KTY,60,20221229,160000,454,461,453.5,461,6840,0
KTY,60,20221229,170000,461,464,459,463,6622,0
KTY,60,20221230,100000,464.5,464.5,457.5,460,2443,0
KTY,60,20221230,110000,459,460,459,460,1276,0
KTY,60,20221230,120000,460,460.5,458,459,1893,0
KTY,60,20221230,130000,459,460.5,458,460,2049,0
KTY,60,20221230,140000,460,460.5,459,459.5,1352,0
KTY,60,20221230,150000,459.5,460,458,459.5,1114,0
KTY,60,20221230,160000,459.5,460,458,460,1078,0
KTY,60,20221230,170000,460.5,463,457,457,14292,0
KTY,60,20230102,100000,461.5,471.5,461.5,471,2793,0
KTY,60,20230102,110000,470.5,472,467,470,2239,0
KTY,60,20230102,120000,470,470,466.5,466.5,942,0
KTY,60,20230102,130000,466.5,470,466.5,468,543,0
KTY,60,20230102,140000,469,471.5,467.5,471,748,0
KTY,60,20230102,150000,470.5,474.5,470,472,2430,0
KTY,60,20230102,160000,473,476,472,473.5,1613,0
KTY,60,20230102,170000,473.5,476,473.5,474.5,1884,0
KTY,60,20230103,100000,474.5,476,470.5,474,2548,0
KTY,60,20230103,110000,473.5,484,473.5,484,4350,0
KTY,60,20230103,120000,484,487,479.5,481,3604,0
KTY,60,20230103,130000,481.5,481.5,475,476.5,6484,0
KTY,60,20230103,140000,476,478,476,478,1178,0
KTY,60,20230103,150000,478,482,478,481,2579,0
KTY,60,20230103,160000,481.5,483,480,480,2288,0
KTY,60,20230103,170000,480,487,477.5,485,8554,0
KTY,60,20230104,100000,489,489,478.5,481.5,3605,0
KTY,60,20230104,110000,482.5,485,480,484,1789,0
KTY,60,20230104,120000,482,484,475.5,475.5,2344,0
KTY,60,20230104,130000,476.5,479.5,475.5,477,806,0
KTY,60,20230104,140000,477,477,474,476,2753,0
KTY,60,20230104,150000,476,478,475,476.5,995,0
KTY,60,20230104,160000,477.5,480,476.5,476.5,1184,0
KTY,60,20230104,170000,476.5,478.5,475,478.5,5753,0
KTY,60,20230105,100000,481,489,478,484,5506,0
KTY,60,20230105,110000,485,492.5,485,491,4067,0
KTY,60,20230105,120000,489.5,493.5,489,493.5,3334,0
KTY,60,20230105,130000,492,493.5,490,493,2144,0
KTY,60,20230105,140000,493,493,488,488.5,3578,0
KTY,60,20230105,150000,490,492,482.5,484,6331,0
KTY,60,20230105,160000,484.5,485,482,483.5,1551,0
KTY,60,20230105,170000,482.5,485,480,480,4681,0
KTY,60,20230109,100000,490,494,480,483,5884,0
KTY,60,20230109,110000,482,485,479,480,3372,0
KTY,60,20230109,120000,480,481.5,477.5,480,2071,0
KTY,60,20230109,130000,480,481.5,479.5,480.5,2000,0
KTY,60,20230109,140000,480.5,481.5,476,477,2906,0
KTY,60,20230109,150000,477,479.5,477,479,1862,0
KTY,60,20230109,160000,478,480,477,478,2475,0
KTY,60,20230109,170000,479.5,480.5,476,476,8581,0
KTY,60,20230110,100000,476,486,475,481,3783,0
KTY,60,20230110,110000,481.5,483,477,480,2740,0
KTY,60,20230110,120000,479.5,486,479,483.5,11950,0
KTY,60,20230110,130000,484.5,489,482,487,4079,0
KTY,60,20230110,140000,488.5,493,484,487,8312,0
KTY,60,20230110,150000,487.5,490,485,489.5,3136,0
KTY,60,20230110,160000,489,491.5,483,486.5,10071,0
KTY,60,20230110,170000,488.5,494,485.5,493,17013,0
KTY,60,20230111,100000,493,497,482.5,485,6571,0
KTY,60,20230111,110000,485,485,478,485,18221,0
KTY,60,20230111,120000,485.5,486,481,482,11115,0
KTY,60,20230111,130000,481.5,483,476,477.5,5061,0
KTY,60,20230111,140000,476.5,480,476.5,478.5,1734,0
KTY,60,20230111,150000,479.5,481,477.5,478.5,2993,0
KTY,60,20230111,160000,479,479.5,472.5,475.5,4757,0
KTY,60,20230111,170000,475.5,478.5,473,474.5,4643,0
KTY,60,20230112,100000,477.5,482,472.5,473.5,3612,0
KTY,60,20230112,110000,475,479,474,477.5,2117,0
KTY,60,20230112,120000,477.5,479.5,474,478,2664,0
KTY,60,20230112,130000,478,479,476.5,478,1371,0
KTY,60,20230112,140000,477,478,476,478,2001,0
KTY,60,20230112,150000,477.5,482,474,481.5,4559,0
KTY,60,20230112,160000,481,481,472.5,475,2959,0
KTY,60,20230112,170000,476,476,470.5,472,5007,0
KTY,60,20230113,100000,477,477,470.5,471,1946,0
KTY,60,20230113,110000,471.5,473.5,468,471,2420,0
KTY,60,20230113,120000,472.5,474,471,473.5,1381,0
KTY,60,20230113,130000,473.5,476.5,473.5,476,2292,0
KTY,60,20230113,140000,475.5,479.5,475.5,478,1990,0
KTY,60,20230113,150000,477.5,479,474,476.5,3274,0
KTY,60,20230113,160000,476.5,477,473,477,2288,0
KTY,60,20230113,170000,476,477,474.5,474.5,4503,0
KTY,60,20230116,100000,478,479,475,476,1598,0
KTY,60,20230116,110000,476,477,475,476,1461,0
KTY,60,20230116,120000,476,476,474.5,476,924,0
KTY,60,20230116,130000,476,476,475,476,737,0
KTY,60,20230116,140000,476,476,475,476,745,0
KTY,60,20230116,150000,476,476,475,476,983,0
KTY,60,20230116,160000,476,476,474.5,474.5,3793,0
KTY,60,20230116,170000,475,475.5,473.5,474,2487,0
KTY,60,20230117,100000,476,480.5,476,478.5,1506,0
KTY,60,20230117,110000,479.5,485,479.5,484,2253,0
KTY,60,20230117,120000,482.5,485,481,482.5,618,0
KTY,60,20230117,130000,482.5,486.5,482,486.5,2129,0
KTY,60,20230117,140000,486.5,487.5,485.5,486,718,0
KTY,60,20230117,150000,486,488.5,486,488,1859,0
KTY,60,20230117,160000,488.5,493.5,488,493.5,58766,0
KTY,60,20230117,170000,493.5,494,483,484.5,3202,0
KTY,60,20230118,100000,490.5,490.5,485,486,2824,0
KTY,60,20230118,110000,487,487,480.5,483.5,2167,0
KTY,60,20230118,120000,483.5,484.5,481.5,484.5,1105,0
KTY,60,20230118,130000,484,484,482,484,675,0
KTY,60,20230118,140000,484,484,479,481,4348,0
KTY,60,20230118,150000,481.5,485,480,485,6753,0
KTY,60,20230118,160000,485,490,484.5,485,14029,0
KTY,60,20230118,170000,485.5,486,481,481,9706,0
KTY,60,20230119,100000,481.5,485,479,481,3225,0
KTY,60,20230119,110000,481,486,481,486,3136,0
KTY,60,20230119,120000,486,487,483.5,487,2446,0
KTY,60,20230119,130000,487,487.5,480.5,481.5,1824,0
KTY,60,20230119,140000,481.5,484.5,481,483.5,2704,0
KTY,60,20230119,150000,484.5,486.5,483.5,486.5,1446,0
KTY,60,20230119,160000,486,488,484.5,486.5,3702,0
KTY,60,20230119,170000,486.5,489,483,487,6557,0
KTY,60,20230120,100000,489.5,489.5,480,483.5,2181,0
KTY,60,20230120,110000,482.5,483.5,480.5,480.5,1980,0
KTY,60,20230120,120000,480.5,481.5,479.5,480,1436,0
KTY,60,20230120,130000,480,480,478.5,479.5,1176,0
KTY,60,20230120,140000,480.5,482,480,482,1050,0
KTY,60,20230120,150000,482,483,480,481,1666,0
KTY,60,20230120,160000,481,483,480,482.5,2060,0
KTY,60,20230120,170000,483.5,484,479.5,480,6024,0
KTY,60,20230123,100000,486,486.5,483,483.5,1560,0
KTY,60,20230123,110000,483.5,486,482.5,482.5,1586,0
KTY,60,20230123,120000,482.5,486,481,485,1357,0
KTY,60,20230123,130000,486,486,482.5,484.5,1327,0
KTY,60,20230123,140000,484,489,484,487,10580,0
KTY,60,20230123,150000,487.5,489,484.5,484.5,2647,0
KTY,60,20230123,160000,484.5,486.5,483.5,485.5,1904,0
KTY,60,20230123,170000,485.5,488,481,485.5,4180,0
KTY,60,20230124,100000,488,490.5,486,488.5,3140,0
KTY,60,20230124,110000,489,490,488,489.5,5718,0
KTY,60,20230124,120000,489.5,490,487,490,1871,0
KTY,60,20230124,130000,489.5,489.5,486,486.5,2593,0
KTY,60,20230124,140000,486.5,487,485.5,487,1316,0
KTY,60,20230124,150000,486,487,483.5,484,1592,0
KTY,60,20230124,160000,484,487,482.5,487,2116,0
KTY,60,20230124,170000,485.5,487.5,482.5,483.5,2626,0
KTY,60,20230125,100000,487,490,484,484.5,1669,0
KTY,60,20230125,110000,485,487,481.5,482,2332,0
KTY,60,20230125,120000,482,482,478,480,2998,0
KTY,60,20230125,130000,480,481.5,478.5,480,988,0
KTY,60,20230125,140000,478.5,480,477.5,478,1702,0
KTY,60,20230125,150000,479,479,476,476,1202,0
KTY,60,20230125,160000,475.5,478,475.5,478,783,0
KTY,60,20230125,170000,477.5,478,476,478,1728,0
KTY,60,20230126,100000,482.5,487.5,480,482,7230,0
KTY,60,20230126,110000,482,482.5,481,482,469,0
KTY,60,20230126,120000,482,486.5,481.5,485,1483,0
KTY,60,20230126,130000,485,485.5,481,481.5,631,0
KTY,60,20230126,140000,483,486,482,484,2005,0
KTY,60,20230126,150000,484,486,482.5,485,1481,0
KTY,60,20230126,160000,484.5,487,483.5,486,2197,0
KTY,60,20230126,170000,486,488,482.5,488,5245,0
KTY,60,20230127,100000,488,489.5,486,487.5,1280,0
KTY,60,20230127,110000,487.5,489.5,487,489,941,0
KTY,60,20230127,120000,489.5,490,486.5,488.5,715,0
KTY,60,20230127,130000,488,489,487,489,551,0
KTY,60,20230127,140000,489,489.5,487,487,570,0
KTY,60,20230127,150000,486.5,487.5,486,486,695,0
KTY,60,20230127,160000,487,492,487,490.5,4856,0
KTY,60,20230127,170000,491,492,490.5,490.5,2030,0
KTY,60,20230130,100000,490,492,486.5,490,1334,0
KTY,60,20230130,110000,490.5,492,487.5,487.5,804,0
KTY,60,20230130,120000,489.5,491.5,487.5,491.5,958,0
KTY,60,20230130,130000,491,491.5,489,489.5,687,0
KTY,60,20230130,140000,489.5,491.5,489,491.5,967,0
KTY,60,20230130,150000,491.5,491.5,488.5,490,632,0
KTY,60,20230130,160000,490,493,490,490,2037,0
KTY,60,20230130,170000,490.5,491,488.5,489,916,0
KTY,60,20230131,100000,489,489,486.5,488,1362,0
KTY,60,20230131,110000,487.5,488,484.5,487,2479,0
KTY,60,20230131,120000,487,495,486,493.5,5100,0
KTY,60,20230131,130000,492.5,494,492,494,516,0
KTY,60,20230131,140000,492.5,495,491,493.5,1546,0
KTY,60,20230131,150000,493.5,494,491.5,494,1415,0
KTY,60,20230131,160000,494,495,493,494.5,1644,0
KTY,60,20230131,170000,495,501,494.5,499,4369,0
KTY,60,20230201,100000,500,514,499,505,5572,0
KTY,60,20230201,110000,506,506,505,506,933,0
KTY,60,20230201,120000,506,506,502,506,2568,0
KTY,60,20230201,130000,505,509,505,507,839,0
KTY,60,20230201,140000,507,509,506,506,369,0
KTY,60,20230201,150000,508,508,504,505,827,0
KTY,60,20230201,160000,505,506,503,505,1403,0
KTY,60,20230201,170000,503,504,496,497,4270,0
KTY,60,20230202,100000,507,507,502,507,1465,0
KTY,60,20230202,110000,505,514,503,511,3142,0
KTY,60,20230202,120000,509,513,506,506,2009,0
KTY,60,20230202,130000,505,506,503,506,971,0
KTY,60,20230202,140000,505,509,504,509,870,0
KTY,60,20230202,150000,507,512,507,512,1237,0
KTY,60,20230202,160000,512,512,504,506,2352,0
KTY,60,20230202,170000,506,508,500,504,5319,0
KTY,60,20230203,100000,508,508,499,502,1226,0
KTY,60,20230203,110000,502,509,501,507,1472,0
KTY,60,20230203,120000,506,507,505,507,889,0
KTY,60,20230203,130000,506,508,504,507,1587,0
KTY,60,20230203,140000,507,508,503,508,1508,0
KTY,60,20230203,150000,508,508,504,507,997,0
KTY,60,20230203,160000,506,508,503,505,1176,0
KTY,60,20230203,170000,506,508,503,508,5341,0
KTY,60,20230206,100000,508,517,507,514,3619,0
KTY,60,20230206,110000,515,519,514,515,2769,0
KTY,60,20230206,120000,515,517,511,517,1443,0
KTY,60,20230206,130000,516,518,515,517,1003,0
KTY,60,20230206,140000,517,517,516,516,1016,0
KTY,60,20230206,150000,517,517,515,515,928,0
KTY,60,20230206,160000,515,522,515,521,4977,0
KTY,60,20230206,170000,520,521,515,520,5922,0
KTY,60,20230207,100000,520,523,513,520,2816,0
KTY,60,20230207,110000,521,522,519,520,1468,0
KTY,60,20230207,120000,519,520,513,516,1422,0
KTY,60,20230207,130000,516,516,511,513,1506,0
KTY,60,20230207,140000,514,515,513,514,1144,0
KTY,60,20230207,150000,515,519,515,517,2759,0
KTY,60,20230207,160000,516,516,512,512,4092,0
KTY,60,20230207,170000,514,517,507,508,8160,0
KTY,60,20230208,100000,510,514,508,514,680,0
KTY,60,20230208,110000,514,514,512,514,649,0
KTY,60,20230208,120000,513,516,513,515,551,0
KTY,60,20230208,130000,515,515,511,513,731,0
KTY,60,20230208,140000,513,516,513,514,1130,0
KTY,60,20230208,150000,515,520,513,518,1718,0
KTY,60,20230208,160000,518,523,516,516,1920,0
KTY,60,20230208,170000,516,519,512,516,5989,0
KTY,60,20230209,100000,520,522,515,521,666,0
KTY,60,20230209,110000,521,526,518,526,4244,0
KTY,60,20230209,120000,527,528,525,527,749,0
KTY,60,20230209,130000,526,528,525,526,660,0
KTY,60,20230209,140000,525,527,524,524,448,0
KTY,60,20230209,150000,525,525,522,523,465,0
KTY,60,20230209,160000,523,523,520,522,899,0
KTY,60,20230209,170000,522,525,520,525,2848,0
KTY,60,20230210,100000,525,525,517,520,2649,0
KTY,60,20230210,110000,520,522,514,514,4332,0
KTY,60,20230210,120000,513,518,509,512,4153,0
KTY,60,20230210,130000,510,512,506,507,2545,0
KTY,60,20230210,140000,507,512,502,502,4155,0
KTY,60,20230210,150000,502,506,502,506,1103,0
KTY,60,20230210,160000,505,506,501,502,1753,0
KTY,60,20230210,170000,501,505,499.5,500,2787,0
KTY,60,20230213,100000,500,509,500,504,966,0
KTY,60,20230213,110000,504,509,504,507,1395,0
KTY,60,20230213,120000,507,508,501,501,243,0
KTY,60,20230213,130000,501,502,500,502,114,0
KTY,60,20230213,140000,500,503,500,503,743,0
KTY,60,20230213,150000,501,503,498.5,500,463,0
KTY,60,20230213,160000,500,500,494.5,497,1712,0
KTY,60,20230213,170000,497,499,494.5,496,2452,0
KTY,60,20230214,100000,500,510,500,501,843,0
KTY,60,20230214,110000,501,502,499,502,337,0
KTY,60,20230214,120000,502,504,499.5,504,609,0
KTY,60,20230214,130000,505,505,502,504,603,0
KTY,60,20230214,140000,502,504,501,503,237,0
KTY,60,20230214,150000,502,503,497.5,499,807,0
KTY,60,20230214,160000,498,500,495,500,887,0
KTY,60,20230214,170000,500,503,498,498,1106,0
KTY,60,20230215,100000,502,502,496,500,397,0
KTY,60,20230215,110000,500,500,499,500,364,0
KTY,60,20230215,120000,500,502,499.5,500,317,0
KTY,60,20230215,130000,502,502,498,499.5,762,0
KTY,60,20230215,140000,499.5,499.5,497,497.5,646,0
KTY,60,20230215,150000,497.5,498.5,496,496.5,402,0
KTY,60,20230215,160000,498,498.5,493.5,495.5,993,0
KTY,60,20230215,170000,496,497.5,491,493.5,3319,0
KTY,60,20230216,100000,496,504,494.5,504,855,0
KTY,60,20230216,110000,501,504,497,499.5,890,0
KTY,60,20230216,120000,499,500,498,499.5,630,0
KTY,60,20230216,130000,499,500,497,497.5,583,0
KTY,60,20230216,140000,497.5,498,496.5,498,252,0
KTY,60,20230216,150000,497,497.5,493,493,1293,0
KTY,60,20230216,160000,493,497,492.5,496,1816,0
KTY,60,20230216,170000,496,499,494.5,496,2051,0
KTY,60,20230217,100000,498,502,498,500,3013,0
KTY,60,20230217,110000,499,511,497,509,5227,0
KTY,60,20230217,120000,509,510,505,508,1248,0
KTY,60,20230217,130000,507,510,505,509,501,0
KTY,60,20230217,140000,507,510,507,510,681,0
KTY,60,20230217,150000,508,510,505,510,469,0
KTY,60,20230217,160000,508,511,505,505,1165,0
KTY,60,20230217,170000,504,510,502,509,1595,0
KTY,60,20230220,100000,505,515,503,514,2696,0
KTY,60,20230220,110000,511,512,506,506,285,0
KTY,60,20230220,120000,508,511,507,509,89,0
KTY,60,20230220,130000,508,510,507,507,120,0
KTY,60,20230220,140000,508,510,506,507,399,0
KTY,60,20230220,150000,507,510,507,507,331,0
KTY,60,20230220,160000,508,510,505,506,1461,0
KTY,60,20230220,170000,506,507,504,504,1132,0
KTY,60,20230221,100000,505,507,503,503,841,0
KTY,60,20230221,110000,503,505,502,505,1924,0
KTY,60,20230221,120000,504,506,502,502,356,0
KTY,60,20230221,130000,503,504,502,502,339,0
KTY,60,20230221,140000,502,502,499.5,500,565,0
KTY,60,20230221,150000,499.5,501,498.5,498.5,502,0
KTY,60,20230221,160000,498.5,504,498.5,504,780,0
KTY,60,20230221,170000,502,504,500,501,1326,0
KTY,60,20230222,100000,502,503,490.5,494.5,2460,0
KTY,60,20230222,110000,493,497,491.5,495,2015,0
KTY,60,20230222,120000,496.5,497.5,494,496,1137,0
KTY,60,20230222,130000,496,498,495,495.5,832,0
KTY,60,20230222,140000,495,499.5,495,496.5,778,0
KTY,60,20230222,150000,495.5,496.5,495,496.5,879,0
KTY,60,20230222,160000,495.5,498,495.5,496.5,730,0
KTY,60,20230222,170000,497,498,495,498,3573,0
KTY,60,20230223,100000,503,503,496.5,497,718,0
KTY,60,20230223,110000,499,500,498,499,742,0
KTY,60,20230223,120000,500,500,496,498,3040,0
KTY,60,20230223,130000,496,496,491,493.5,2235,0
KTY,60,20230223,140000,492.5,493,491,492,933,0
KTY,60,20230223,150000,492.5,492.5,491,491.5,1094,0
KTY,60,20230223,160000,491.5,496,491.5,496,1790,0
KTY,60,20230223,170000,495,496,494.5,494.5,2443,0
KTY,60,20230224,100000,495,498.5,493,493,1916,0
KTY,60,20230224,110000,494.5,496.5,493,495,501,0
KTY,60,20230224,120000,494.5,494.5,491.5,493,1058,0
KTY,60,20230224,130000,493.5,493.5,491,491,939,0
KTY,60,20230224,140000,490.5,493,490.5,491,698,0
KTY,60,20230224,150000,491,492,486,489,3338,0
KTY,60,20230224,160000,488,490,487,490,961,0
KTY,60,20230224,170000,489.5,492,487.5,487.5,3120,0
KTY,60,20230227,100000,488,492,488,492,741,0
KTY,60,20230227,110000,492,494,490,492.5,432,0
KTY,60,20230227,120000,493.5,495.5,492,495,383,0
KTY,60,20230227,130000,495,496,493,496,48,0
KTY,60,20230227,140000,496,496,493.5,495,295,0
KTY,60,20230227,150000,495,495,492.5,493,211,0
KTY,60,20230227,160000,493,498,493,496,1495,0
KTY,60,20230227,170000,495.5,496,493,493,2552,0
KTY,60,20230228,100000,493,499.5,492,499.5,1046,0
KTY,60,20230228,110000,499.5,503,498,498,1573,0
KTY,60,20230228,120000,498,501,498,500,318,0
KTY,60,20230228,130000,499,500,496.5,500,627,0
KTY,60,20230228,140000,498,499,496.5,496.5,359,0
KTY,60,20230228,150000,497.5,501,495.5,496.5,2265,0
KTY,60,20230228,160000,498.5,498.5,496,497,1298,0
KTY,60,20230228,170000,496,499,494.5,497.5,3187,0
KTY,60,20230301,100000,500,505,498.5,501,2131,0
KTY,60,20230301,110000,499,503,499,501,1738,0
KTY,60,20230301,120000,502,504,500,501,2777,0
KTY,60,20230301,130000,501,501,500,501,265,0
KTY,60,20230301,140000,500,502,499.5,501,1088,0
KTY,60,20230301,150000,501,502,498,498.5,1404,0
KTY,60,20230301,160000,498.5,499.5,496,497,2119,0
KTY,60,20230301,170000,496.5,497.5,494,497.5,4385,0
KTY,60,20230302,100000,497.5,497.5,492.5,494.5,346,0
KTY,60,20230302,110000,494,495,492,492.5,751,0
KTY,60,20230302,120000,492.5,494.5,492,494,304,0
KTY,60,20230302,130000,493.5,493.5,489,490,2065,0
KTY,60,20230302,140000,490.5,491.5,488.5,489.5,1231,0
KTY,60,20230302,150000,490,492.5,490,491,1051,0
KTY,60,20230302,160000,490.5,492,490,490,1548,0
KTY,60,20230302,170000,490,494.5,489.5,490,2903,0
KTY,60,20230303,100000,493,496,493,495,667,0
KTY,60,20230303,110000,495.5,496.5,494.5,495,243,0
KTY,60,20230303,120000,496,498,496,498,248,0
KTY,60,20230303,130000,497.5,498,496.5,498,481,0
KTY,60,20230303,140000,498,498.5,497.5,498,175,0
KTY,60,20230303,150000,496.5,497,493.5,495.5,1074,0
KTY,60,20230303,160000,495,504,495,503,3126,0
KTY,60,20230303,170000,502,505,502,505,2325,0
KTY,60,20230306,100000,504,509,502,507,891,0
KTY,60,20230306,110000,505,508,504,507,706,0
KTY,60,20230306,120000,507,509,506,509,582,0
KTY,60,20230306,130000,509,510,507,508,597,0
KTY,60,20230306,140000,508,509,506,507,128,0
KTY,60,20230306,150000,506,510,505,510,691,0
KTY,60,20230306,160000,509,514,509,513,1673,0
KTY,60,20230306,170000,513,517,512,514,2729,0
KTY,60,20230307,100000,517,517,512,516,1121,0
KTY,60,20230307,110000,516,520,516,517,1692,0
KTY,60,20230307,120000,518,519,517,519,240,0
KTY,60,20230307,130000,518,519,516,516,1767,0
KTY,60,20230307,140000,516,517,513,517,442,0
KTY,60,20230307,150000,517,518,516,518,338,0
KTY,60,20230307,160000,518,519,516,516,1214,0
KTY,60,20230307,170000,516,516,510,512,1449,0
KTY,60,20230308,100000,513,516,511,516,1039,0
KTY,60,20230308,110000,517,517,514,517,503,0
KTY,60,20230308,120000,516,517,510,511,1165,0
KTY,60,20230308,130000,511,515,510,515,507,0
KTY,60,20230308,140000,515,516,512,512,635,0
KTY,60,20230308,150000,513,515,512,515,526,0
KTY,60,20230308,160000,514,515,512,513,658,0
KTY,60,20230308,170000,514,516,511,511,1748,0
KTY,60,20230309,100000,514,514,510,514,375,0
KTY,60,20230309,110000,513,514,511,513,504,0
KTY,60,20230309,120000,513,514,512,512,210,0
KTY,60,20230309,130000,513,514,511,512,620,0
KTY,60,20230309,140000,512,513,506,506,1950,0
KTY,60,20230309,150000,506,508,506,508,633,0
KTY,60,20230309,160000,508,511,507,509,1505,0
KTY,60,20230309,170000,510,510,504,504,3119,0
KTY,60,20230310,100000,502,503,498,500,1703,0
KTY,60,20230310,110000,499,501,498,499.5,797,0
KTY,60,20230310,120000,499.5,499.5,497,497,497,0
KTY,60,20230310,130000,497,498,495.5,497,457,0
KTY,60,20230310,140000,497,497.5,496,497.5,131,0
KTY,60,20230310,150000,496.5,499.5,495,499.5,411,0
KTY,60,20230310,160000,499.5,500,493.5,494,1145,0
KTY,60,20230310,170000,495.5,496,493.5,494,1478,0
KTY,60,20230313,100000,498.5,503,486.5,488,2352,0
KTY,60,20230313,110000,488,490,482,489,3211,0
KTY,60,20230313,120000,488.5,489,483,488.5,1574,0
KTY,60,20230313,130000,488.5,488.5,483.5,483.5,1320,0
KTY,60,20230313,140000,484,484.5,478.5,484,2883,0
KTY,60,20230313,150000,484,489,482.5,488,865,0
KTY,60,20230313,160000,487,488.5,485,488.5,2001,0
KTY,60,20230313,170000,488,490.5,485,485,1510,0
KTY,60,20230314,100000,488.5,495.5,488.5,495.5,1194,0
KTY,60,20230314,110000,496,497.5,493.5,495.5,887,0
KTY,60,20230314,120000,496.5,498,496.5,498,411,0
KTY,60,20230314,130000,498,501,495.5,500,1313,0
KTY,60,20230314,140000,501,501,496,501,1477,0
KTY,60,20230314,150000,499.5,509,499.5,504,3987,0
KTY,60,20230314,160000,504,506,500,502,1077,0
KTY,60,20230314,170000,500,506,500,503,2556,0
KTY,60,20230315,100000,508,508,503,505,682,0
KTY,60,20230315,110000,505,508,499.5,508,2663,0
KTY,60,20230315,120000,508,522,507,518,10332,0
KTY,60,20230315,130000,519,525,518,522,6386,0
KTY,60,20230315,140000,523,528,517,521,5497,0
KTY,60,20230315,150000,524,530,522,527,4266,0
KTY,60,20230315,160000,526,533,526,531,6743,0
KTY,60,20230315,170000,531,535,530,531,7954,0
KTY,60,20230316,100000,534,542,530,540,4503,0
KTY,60,20230316,110000,540,542,537,541,4241,0
KTY,60,20230316,120000,541,541,527,529,4546,0
KTY,60,20230316,130000,528,530,521,530,3597,0
KTY,60,20230316,140000,530,535,528,535,2698,0
KTY,60,20230316,150000,535,537,531,537,3780,0
KTY,60,20230316,160000,538,541,535,539,4067,0
KTY,60,20230316,170000,541,541,537,538,5517,0
KTY,60,20230317,100000,542,545,539,541,2501,0
KTY,60,20230317,110000,540,542,535,540,3561,0
KTY,60,20230317,120000,542,547,540,545,3115,0
KTY,60,20230317,130000,545,548,545,546,3563,0
KTY,60,20230317,140000,546,550,546,547,5722,0
KTY,60,20230317,150000,549,551,545,550,11489,0
KTY,60,20230317,160000,550,553,547,552,17903,0
KTY,60,20230317,170000,550,553,535,535,120631,0
KTY,60,20230320,100000,535,542,517,523,4032,0
KTY,60,20230320,110000,522,523,513,518,1447,0
KTY,60,20230320,120000,517,517,512,516,1105,0
KTY,60,20230320,130000,514,516,510,511,748,0
KTY,60,20230320,140000,511,512,505,505,2154,0
KTY,60,20230320,150000,505,505,499,500,3388,0
KTY,60,20230320,160000,500,506,496,505,7516,0
KTY,60,20230320,170000,505,516,503,513,10417,0
KTY,60,20230321,100000,513,513,506,512,1901,0
KTY,60,20230321,110000,512,513,508,511,1008,0
KTY,60,20230321,120000,511,512,507,510,1252,0
KTY,60,20230321,130000,508,509,507,507,309,0
KTY,60,20230321,140000,509,510,507,509,784,0
KTY,60,20230321,150000,507,509,505,507,1050,0
KTY,60,20230321,160000,507,507,501,501,2100,0
KTY,60,20230321,170000,501,505,500,501,3954,0
KTY,60,20230322,100000,501,502,499,501,1850,0
KTY,60,20230322,110000,503,509,503,508,417,0
KTY,60,20230322,120000,510,511,506,508,4400,0
KTY,60,20230322,130000,508,510,508,509,963,0
KTY,60,20230322,140000,510,511,508,508,1402,0
KTY,60,20230322,150000,508,510,507,508,636,0
KTY,60,20230322,160000,508,509,507,508,1698,0
KTY,60,20230322,170000,508,509,505,507,1591,0
KTY,60,20230323,100000,511,542,511,535,8995,0
KTY,60,20230323,110000,535,538,533,535,1607,0
KTY,60,20230323,120000,536,537,533,537,1009,0
KTY,60,20230323,130000,537,540,535,537,1862,0
KTY,60,20230323,140000,535,539,535,536,451,0
KTY,60,20230323,150000,536,539,536,539,855,0
KTY,60,20230323,160000,538,542,535,541,1603,0
KTY,60,20230323,170000,541,545,536,540,3015,0
KTY,60,20230324,100000,545,564,541,554,13113,0
KTY,60,20230324,110000,554,556,550,552,1855,0
KTY,60,20230324,120000,552,554,550,551,1677,0
KTY,60,20230324,130000,550,550,548,548,693,0
KTY,60,20230324,140000,548,550,543,545,549,0
KTY,60,20230324,150000,544,544,539,539,705,0
KTY,60,20230324,160000,539,540,535,540,1916,0
KTY,60,20230324,170000,541,541,537,541,1876,0
KTY,60,20230327,100000,550,553,547,552,2119,0
KTY,60,20230327,110000,551,557,550,553,1980,0
KTY,60,20230327,120000,555,555,548,549,3405,0
KTY,60,20230327,130000,547,550,547,549,241,0
KTY,60,20230327,140000,547,547,543,543,452,0
KTY,60,20230327,150000,545,545,536,538,877,0
KTY,60,20230327,160000,538,538,535,537,425,0
KTY,60,20230327,170000,536,537,532,534,4922,0
KTY,60,20230328,100000,534,542,534,540,368,0
KTY,60,20230328,110000,540,541,531,531,482,0
KTY,60,20230328,120000,531,535,530,533,1033,0
KTY,60,20230328,130000,533,534,533,534,164,0
KTY,60,20230328,140000,534,535,534,535,2610,0
KTY,60,20230328,150000,534,535,531,531,1636,0
KTY,60,20230328,160000,531,534,530,533,549,0
KTY,60,20230328,170000,534,535,531,531,3359,0
KTY,60,20230329,100000,536,536,531,533,308,0
KTY,60,20230329,110000,533,539,532,536,1434,0
KTY,60,20230329,120000,537,542,537,537,800,0
KTY,60,20230329,130000,536,540,536,539,298,0
KTY,60,20230329,140000,540,540,538,540,818,0
KTY,60,20230329,150000,540,540,536,537,2132,0
KTY,60,20230329,160000,538,539,535,535,435,0
KTY,60,20230329,170000,534,536,532,535,1084,0
KTY,60,20230330,100000,532,537,530,534,2309,0
KTY,60,20230330,110000,532,534,530,532,853,0
KTY,60,20230330,120000,532,533,530,532,663,0
KTY,60,20230330,130000,533,533,531,531,365,0
KTY,60,20230330,140000,531,532,528,528,1367,0
KTY,60,20230330,150000,530,531,528,531,335,0
KTY,60,20230330,160000,529,531,528,528,839,0
KTY,60,20230330,170000,530,533,528,530,1822,0
KTY,60,20230331,100000,533,535,530,532,445,0
KTY,60,20230331,110000,532,534,531,533,65,0
KTY,60,20230331,120000,532,539,532,538,862,0
KTY,60,20230331,130000,536,539,535,539,316,0
KTY,60,20230331,140000,538,538,528,528,2547,0
KTY,60,20230331,150000,529,530,529,530,386,0
KTY,60,20230331,160000,530,531,529,530,788,0
KTY,60,20230331,170000,529,530,528,530,1510,0
KTY,60,20230403,100000,535,536,530,530,676,0
KTY,60,20230403,110000,530,532,529,530,1035,0
KTY,60,20230403,120000,530,530,528,530,673,0
KTY,60,20230403,130000,530,531,529,530,447,0
KTY,60,20230403,140000,529,530,527,528,1094,0
KTY,60,20230403,150000,530,530,528,529,90,0
KTY,60,20230403,160000,529,529,526,527,8598,0
KTY,60,20230403,170000,528,530,526,528,885,0
KTY,60,20230404,100000,528,530,526,527,995,0
KTY,60,20230404,110000,526,530,522,522,1177,0
KTY,60,20230404,120000,522,525,522,525,430,0
KTY,60,20230404,130000,523,524,522,522,560,0
KTY,60,20230404,140000,523,524,522,522,591,0
KTY,60,20230404,150000,522,524,521,523,640,0
KTY,60,20230404,160000,523,525,520,520,860,0
KTY,60,20230404,170000,521,523,519,520,1314,0
KTY,60,20230405,100000,520,523,519,521,278,0
KTY,60,20230405,110000,521,521,518,519,281,0
KTY,60,20230405,120000,519,520,519,519,569,0
KTY,60,20230405,130000,520,520,519,519,222,0
KTY,60,20230405,140000,519,520,519,519,150,0
KTY,60,20230405,150000,519,520,518,518,708,0
KTY,60,20230405,160000,518,520,518,520,500,0
KTY,60,20230405,170000,518,519,516,516,1571,0
KTY,60,20230406,100000,518,520,515,517,1970,0
KTY,60,20230406,110000,517,521,516,520,559,0
KTY,60,20230406,120000,521,523,519,519,989,0
KTY,60,20230406,130000,518,519,517,519,450,0
KTY,60,20230406,140000,519,519,518,518,240,0
KTY,60,20230406,150000,519,520,517,520,655,0
KTY,60,20230406,160000,518,520,517,519,1251,0
KTY,60,20230406,170000,519,520,517,519,2276,0
KTY,60,20230411,100000,524,527,521,523,1714,0
KTY,60,20230411,110000,523,527,521,527,1772,0
KTY,60,20230411,120000,527,530,525,529,1060,0
KTY,60,20230411,130000,529,531,528,530,717,0
KTY,60,20230411,140000,530,531,525,526,1453,0
KTY,60,20230411,150000,526,527,525,526,347,0
KTY,60,20230411,160000,526,526,519,519,1911,0
KTY,60,20230411,170000,520,522,518,522,2062,0
KTY,60,20230412,100000,521,525,520,523,887,0
KTY,60,20230412,110000,523,523,514,518,2675,0
KTY,60,20230412,120000,519,519,517,519,260,0
KTY,60,20230412,130000,519,520,514,515,5951,0
KTY,60,20230412,140000,515,516,514,514,729,0
KTY,60,20230412,150000,515,526,515,526,19865,0
KTY,60,20230412,160000,526,528,523,525,1717,0
KTY,60,20230412,170000,525,529,525,528,3173,0
KTY,60,20230413,100000,530,534,528,529,1405,0
KTY,60,20230413,110000,530,532,529,529,839,0
KTY,60,20230413,120000,529,530,525,527,3264,0
KTY,60,20230413,130000,529,529,527,528,1739,0
KTY,60,20230413,140000,528,531,528,530,2211,0
KTY,60,20230413,150000,528,530,527,529,368,0
KTY,60,20230413,160000,527,530,527,528,868,0
KTY,60,20230413,170000,529,531,526,528,2907,0
KTY,60,20230414,100000,530,532,530,531,1515,0
KTY,60,20230414,110000,532,532,530,532,696,0
KTY,60,20230414,120000,531,533,531,532,513,0
KTY,60,20230414,130000,532,535,531,533,7608,0
KTY,60,20230414,140000,535,538,533,535,1991,0
KTY,60,20230414,150000,537,538,536,537,768,0
KTY,60,20230414,160000,537,539,536,538,1205,0
KTY,60,20230414,170000,539,539,534,537,1476,0
KTY,60,20230417,100000,538,546,538,544,1856,0
KTY,60,20230417,110000,545,547,544,544,448,0
KTY,60,20230417,120000,546,546,540,540,733,0
KTY,60,20230417,130000,543,545,541,545,423,0
KTY,60,20230417,140000,545,545,542,542,2858,0
KTY,60,20230417,150000,543,546,543,546,615,0
KTY,60,20230417,160000,546,549,545,549,2356,0
KTY,60,20230417,170000,548,552,546,552,7199,0
KTY,60,20230418,100000,559,572,559,572,11456,0
KTY,60,20230418,110000,572,586,571,578,8804,0
KTY,60,20230418,120000,578,585,577,584,2321,0
KTY,60,20230418,130000,585,586,581,582,2382,0
KTY,60,20230418,140000,583,584,581,582,1608,0
KTY,60,20230418,150000,581,583,576,578,2545,0
KTY,60,20230418,160000,578,580,575,577,3340,0
KTY,60,20230418,170000,575,577,570,575,3505,0
KTY,60,20230419,100000,576,577,565,569,2585,0
KTY,60,20230419,110000,569,569,562,566,5062,0
KTY,60,20230419,120000,566,566,562,563,1181,0
KTY,60,20230419,130000,564,569,564,569,796,0
KTY,60,20230419,140000,569,572,568,571,2229,0
KTY,60,20230419,150000,571,572,569,571,1233,0
KTY,60,20230419,160000,572,573,567,567,1460,0
KTY,60,20230419,170000,569,569,562,564,3135,0
KTY,60,20230420,100000,569.5,582,566,580,2906,0
KTY,60,20230420,110000,580,582,578,579,2826,0
KTY,60,20230420,120000,578.5,580,575,578,3128,0
KTY,60,20230420,130000,577,582,575.5,582,3033,0
KTY,60,20230420,140000,582,582,579,580,2828,0
KTY,60,20230420,150000,580,581,578,578.5,1983,0
KTY,60,20230420,160000,578.5,579,575,577,3855,0
KTY,60,20230420,170000,576,577.5,571.5,574,12078,0
KTY,60,20230421,100000,570,574,566.5,573.5,1759,0
KTY,60,20230421,110000,574,578,573.5,575.5,912,0
KTY,60,20230421,120000,574,579.5,574,578,1332,0
KTY,60,20230421,130000,578.5,582,578.5,581,1027,0
KTY,60,20230421,140000,580,580,574,575,870,0
KTY,60,20230421,150000,574,576,574,575.5,897,0
KTY,60,20230421,160000,576,582,574.5,577,2991,0
KTY,60,20230421,170000,576,580,573.5,576,4386,0
KTY,60,20230424,100000,578.5,578.5,567,572.5,4527,0
KTY,60,20230424,110000,573.5,576,571.5,576,676,0
KTY,60,20230424,120000,574.5,575.5,572,574,1021,0
KTY,60,20230424,130000,574,575,573,574.5,440,0
KTY,60,20230424,140000,574.5,581,570,581,4316,0
KTY,60,20230424,150000,581,582,575.5,580,2599,0
KTY,60,20230424,160000,579,582,577.5,580,2944,0
KTY,60,20230424,170000,579.5,582,578.5,581,2622,0
KTY,60,20230425,100000,581,581,572.5,572.5,2045,0
KTY,60,20230425,110000,573.5,574,571.5,571.5,1329,0
KTY,60,20230425,120000,572.5,573.5,570.5,573.5,1185,0
KTY,60,20230425,130000,573.5,575.5,572,573.5,20339,0
KTY,60,20230425,140000,575,577,575,576,401,0
KTY,60,20230425,150000,576,578,575,575,1219,0
KTY,60,20230425,160000,576,579.5,576,578,3100,0
KTY,60,20230425,170000,578.5,581.5,577,580,7626,0
KTY,60,20230426,100000,579.5,580,570,574,1634,0
KTY,60,20230426,110000,573.5,577,572,575,2144,0
KTY,60,20230426,120000,573.5,575.5,571,571,933,0
KTY,60,20230426,130000,571,576,571,573,1795,0
KTY,60,20230426,140000,574,574,572,572,979,0
KTY,60,20230426,150000,573,573,569.5,569.5,1710,0
KTY,60,20230426,160000,570.5,570.5,567,567.5,1800,0
KTY,60,20230426,170000,568.5,570,564.5,564.5,2738,0
KTY,60,20230427,100000,565,573,564.5,573,919,0
KTY,60,20230427,110000,572,575.5,571,573,1100,0
KTY,60,20230427,120000,573,573,571,571,132,0
KTY,60,20230427,130000,571,572.5,568.5,572,708,0
KTY,60,20230427,140000,572.5,573.5,571.5,572.5,174,0
KTY,60,20230427,150000,573,576,571.5,572,1159,0
KTY,60,20230427,160000,573,575,568,571,1882,0
KTY,60,20230427,170000,572,572,569,570.5,3048,0
KTY,60,20230428,100000,571,571,568,571,479,0
KTY,60,20230428,110000,570,571,567.5,570,1232,0
KTY,60,20230428,120000,570,571,568,569.5,1469,0
KTY,60,20230428,130000,569.5,570,567.5,570,629,0
KTY,60,20230428,140000,570,570,566,569.5,1409,0
KTY,60,20230428,150000,569.5,569.5,567.5,567.5,361,0
KTY,60,20230428,160000,568,568.5,566.5,568.5,544,0
KTY,60,20230428,170000,568.5,568.5,564,567,3371,0
KTY,60,20230502,100000,571,579,571,578,3530,0
KTY,60,20230502,110000,576,577,571.5,571.5,845,0
KTY,60,20230502,120000,571,574.5,568,574.5,1390,0
KTY,60,20230502,130000,574,574,569,569.5,849,0
KTY,60,20230502,140000,569.5,570.5,565,565,1173,0
KTY,60,20230502,150000,565,570,565,566.5,1708,0
KTY,60,20230502,160000,566,568,563,568,1996,0
KTY,60,20230502,170000,569,569,564,566.5,1729,0
KTY,60,20230504,100000,569,578.5,566.5,576.5,2024,0
KTY,60,20230504,110000,576.5,580,575.5,577.5,1609,0
KTY,60,20230504,120000,577,577,575.5,577,675,0
KTY,60,20230504,130000,575.5,577,573.5,574.5,522,0
KTY,60,20230504,140000,574.5,576,573,575,659,0
KTY,60,20230504,150000,575,576,573.5,576,998,0
KTY,60,20230504,160000,575,577.5,574.5,575.5,1259,0
KTY,60,20230504,170000,576,576,567.5,567.5,2272,0
KTY,60,20230505,100000,568,571,567,571,486,0
KTY,60,20230505,110000,569.5,571,566.5,570,1224,0
KTY,60,20230505,120000,569.5,570,565.5,569,1824,0
KTY,60,20230505,130000,569,572,569,570.5,967,0
KTY,60,20230505,140000,570,570.5,566.5,568,1445,0
KTY,60,20230505,150000,567,568,564.5,565,1876,0
KTY,60,20230505,160000,566.5,566.5,563.5,565,2118,0
KTY,60,20230505,170000,566,566.5,564,564.5,2819,0
KTY,60,20230508,100000,569,570,565,567,629,0
KTY,60,20230508,110000,567,569,564,564,618,0
KTY,60,20230508,120000,564,569.5,563,569,1788,0
KTY,60,20230508,130000,568,569,567,567.5,369,0
KTY,60,20230508,140000,567.5,568,566,567,361,0
KTY,60,20230508,150000,568,568.5,566,567.5,189,0
KTY,60,20230508,160000,568,568.5,567,567,257,0
KTY,60,20230508,170000,567.5,569,566,566,1369,0
KTY,60,20230509,100000,565,567,562.5,563.5,1073,0
KTY,60,20230509,110000,564,565,561.5,562.5,616,0
KTY,60,20230509,120000,563,564.5,562,563.5,618,0
KTY,60,20230509,130000,563.5,566,563.5,565.5,443,0
KTY,60,20230509,140000,564.5,565,562,564,535,0
KTY,60,20230509,150000,563,564.5,563,563.5,517,0
KTY,60,20230509,160000,563,569,563,567.5,1078,0
KTY,60,20230509,170000,569,573,567.5,573,1493,0
KTY,60,20230510,100000,574,574,568.5,570,732,0
KTY,60,20230510,110000,570,573.5,568,572,631,0
KTY,60,20230510,120000,573,573,570,570,571,0
KTY,60,20230510,130000,571.5,572,570,571,438,0
KTY,60,20230510,140000,571,572.5,570,572,454,0
KTY,60,20230510,150000,572,576,569.5,576,2404,0
KTY,60,20230510,160000,576,578.5,572,574.5,1912,0
KTY,60,20230510,170000,575,578.5,573.5,575,1646,0
KTY,60,20230511,100000,579,579,574,578,561,0
KTY,60,20230511,110000,577.5,580,574,574,1446,0
KTY,60,20230511,120000,574,575.5,570,570,2349,0
KTY,60,20230511,130000,572,572,570,570,723,0
KTY,60,20230511,140000,570,570,565,566,2418,0
KTY,60,20230511,150000,566,567,564,565,544,0
KTY,60,20230511,160000,565,567.5,563,566,1421,0
KTY,60,20230511,170000,564.5,567.5,563.5,564,1793,0
KTY,60,20230512,100000,566.5,572,565,566.5,1486,0
KTY,60,20230512,110000,566.5,571.5,566,569.5,305,0
KTY,60,20230512,120000,571.5,571.5,566.5,568,812,0
KTY,60,20230512,130000,566.5,573.5,566.5,573.5,666,0
KTY,60,20230512,140000,571.5,573.5,570,571.5,867,0
KTY,60,20230512,150000,571.5,571.5,567.5,568.5,507,0
KTY,60,20230512,160000,568,571.5,568,569,858,0
KTY,60,20230512,170000,568,571.5,567,568,1871,0
KTY,60,20230515,100000,573,576,570,576,479,0
KTY,60,20230515,110000,574,574.5,569,571,449,0
KTY,60,20230515,120000,569,571.5,569,571,129,0
KTY,60,20230515,130000,572,573.5,570.5,573.5,215,0
KTY,60,20230515,140000,572.5,573.5,571,572.5,298,0
KTY,60,20230515,150000,571,572,570.5,571,177,0
KTY,60,20230515,160000,570.5,571.5,568,571,311,0
KTY,60,20230515,170000,571.5,572,569.5,569.5,764,0
KTY,60,20230516,100000,572,575,569.5,573.5,889,0
KTY,60,20230516,110000,573.5,574.5,572.5,573.5,469,0
KTY,60,20230516,120000,573,574,571.5,573,353,0
KTY,60,20230516,130000,572,573,572,572.5,71,0
KTY,60,20230516,140000,572.5,574.5,571.5,574.5,303,0
KTY,60,20230516,150000,574,574.5,573.5,573.5,198,0
KTY,60,20230516,160000,573.5,577,572,576.5,995,0
KTY,60,20230516,170000,575.5,576.5,574.5,576,1019,0
KTY,60,20230517,100000,576,578,573,574,339,0
KTY,60,20230517,110000,574.5,577.5,574,577,890,0
KTY,60,20230517,120000,575.5,575.5,573.5,573.5,145,0
KTY,60,20230517,130000,575,575,572.5,572.5,196,0
KTY,60,20230517,140000,572,574.5,572,574.5,324,0
KTY,60,20230517,150000,575,576.5,574.5,575.5,239,0
KTY,60,20230517,160000,575.5,576.5,572.5,573.5,537,0
KTY,60,20230517,170000,574,577,573,573.5,1018,0
KTY,60,20230518,100000,578,584.5,578,582,4485,0
KTY,60,20230518,110000,581,582.5,580.5,581.5,1782,0
KTY,60,20230518,120000,581,581,578,578.5,456,0
KTY,60,20230518,130000,579,579,574,577,1515,0
KTY,60,20230518,140000,576,579.5,575,579.5,1338,0
KTY,60,20230518,150000,580,582.5,579,581,3861,0
KTY,60,20230518,160000,580.5,582,577.5,577.5,646,0
KTY,60,20230518,170000,578,579.5,576,577.5,940,0
KTY,60,20230519,100000,576.5,582,576.5,581,1031,0
KTY,60,20230519,110000,580,583,579,582,2836,0
KTY,60,20230519,120000,582,583.5,580,582,1964,0
KTY,60,20230519,130000,582,582,580,581.5,505,0
KTY,60,20230519,140000,582,582,579,579.5,439,0
KTY,60,20230519,150000,579.5,581.5,579,579.5,719,0
KTY,60,20230519,160000,579,580.5,577.5,578,613,0
KTY,60,20230519,170000,578,581,576,581,2257,0
KTY,60,20230522,100000,581,583,581,582,1575,0
KTY,60,20230522,110000,582,582.5,580.5,582,1521,0
KTY,60,20230522,120000,581,583,580,580,603,0
KTY,60,20230522,130000,580,582,580,582,71,0
KTY,60,20230522,140000,580.5,582,580.5,581,557,0
KTY,60,20230522,150000,582,582,580.5,581.5,916,0
KTY,60,20230522,160000,580.5,582,580.5,582,981,0
KTY,60,20230522,170000,581.5,582,580,580,1372,0
KTY,60,20230523,100000,581,582,578,579.5,969,0
KTY,60,20230523,110000,581,582,578,580.5,882,0
KTY,60,20230523,120000,579,582,578.5,579.5,645,0
KTY,60,20230523,130000,580.5,580.5,579,580.5,277,0
KTY,60,20230523,140000,580.5,581.5,578,579.5,985,0
KTY,60,20230523,150000,579.5,580,576,577,1515,0
KTY,60,20230523,160000,577,577,575,577,853,0
KTY,60,20230523,170000,576,578.5,575.5,577,2224,0
KTY,60,20230524,100000,578.5,578.5,572.5,574.5,956,0
KTY,60,20230524,110000,572.5,575,572.5,575,350,0
KTY,60,20230524,120000,575,575.5,573,574.5,417,0
KTY,60,20230524,130000,575,578,574.5,575,704,0
KTY,60,20230524,140000,575,577,575,576,165,0
KTY,60,20230524,150000,576,578,575,576,759,0
KTY,60,20230524,160000,576,577,575.5,576.5,318,0
KTY,60,20230524,170000,575,575.5,570,573,5456,0
KTY,60,20230525,100000,578,578,570,570,977,0
KTY,60,20230525,110000,570,573,570,572,360,0
KTY,60,20230525,120000,573,576,572.5,576,590,0
KTY,60,20230525,130000,575.5,577.5,575,577,483,0
KTY,60,20230525,140000,576.5,577.5,575.5,576,267,0
KTY,60,20230525,150000,577,577,574,574.5,694,0
KTY,60,20230525,160000,574,575,572,572,640,0
KTY,60,20230525,170000,573.5,573.5,570,570.5,1752,0
KTY,60,20230526,100000,574.5,575.5,571,573,744,0
KTY,60,20230526,110000,572,578.5,570,576,2233,0
KTY,60,20230526,120000,575.5,575.5,570.5,570.5,278,0
KTY,60,20230526,130000,572,572.5,570.5,571,664,0
KTY,60,20230526,140000,572.5,572.5,570.5,572.5,1218,0
KTY,60,20230526,150000,571.5,574,571.5,573.5,2403,0
KTY,60,20230526,160000,574,575.5,573.5,575.5,1867,0
KTY,60,20230526,170000,575.5,580.5,574,578,3315,0
KTY,60,20230529,100000,579.5,581,576,578,253,0
KTY,60,20230529,110000,580,580,577.5,577.5,243,0
KTY,60,20230529,120000,578,578,577,578,704,0
KTY,60,20230529,130000,578,578,577,578,304,0
KTY,60,20230529,140000,578,578,577,578,261,0
KTY,60,20230529,150000,578,578,576.5,577.5,542,0
KTY,60,20230529,160000,577.5,578,576.5,577.5,106,0
KTY,60,20230529,170000,578,578,576,577,551,0
KTY,60,20230530,100000,576.5,578,575,577,4297,0
KTY,60,20230530,110000,577.5,577.5,573.5,574.5,684,0
KTY,60,20230530,120000,573,577,573,577,406,0
KTY,60,20230530,130000,577,577,575,576.5,420,0
KTY,60,20230530,140000,577,577,575,577,237,0
KTY,60,20230530,150000,577,577,574.5,576,463,0
KTY,60,20230530,160000,576,576,574,574,826,0
KTY,60,20230530,170000,574,574,571,572.5,1980,0
KTY,60,20230531,100000,571,575.5,569,570.5,9534,0
KTY,60,20230531,110000,571.5,571.5,567.5,568.5,13278,0
KTY,60,20230531,120000,568.5,569.5,567,568,665,0
KTY,60,20230531,130000,567.5,570,567.5,570,496,0
KTY,60,20230531,140000,569,569,567.5,569,1229,0
KTY,60,20230531,150000,569,569,567.5,568,261,0
KTY,60,20230531,160000,568,569.5,566,568,1675,0
KTY,60,20230531,170000,566.5,568.5,564.5,568.5,7547,0
