<TICKER>,<PER>,<DATE>,<TIME>,<OPEN>,<HIGH>,<LOW>,<CLOSE>,<VOL>,<OPENINT>
LPP,60,20220804,100000,9320,9550,9320,9400,50,0
LPP,60,20220804,110000,9395,9395,9300,9340,116,0
LPP,60,20220804,120000,9370,9370,9310,9310,56,0
LPP,60,20220804,130000,9330,9470,9310,9415,159,0
LPP,60,20220804,140000,9410,9495,9380,9380,138,0
LPP,60,20220804,150000,9400,9425,9385,9390,112,0
LPP,60,20220804,160000,9385,9385,9210,9210,190,0
LPP,60,20220804,170000,9260,9275,9020,9165,649,0
LPP,60,20220805,100000,9175,9320,9175,9260,97,0
LPP,60,20220805,110000,9295,9320,9250,9295,61,0
LPP,60,20220805,120000,9310,9315,9255,9270,21,0
LPP,60,20220805,130000,9305,9310,9270,9270,14,0
LPP,60,20220805,140000,9280,9310,9265,9305,74,0
LPP,60,20220805,150000,9280,9290,8925,8925,295,0
LPP,60,20220805,160000,8960,9025,8915,8930,264,0
LPP,60,20220805,170000,8930,9010,8910,8910,518,0
LPP,60,20220808,100000,9010,9265,9010,9175,163,0
LPP,60,20220808,110000,9170,9200,9120,9195,67,0
LPP,60,20220808,120000,9195,9200,9125,9160,165,0
LPP,60,20220808,130000,9195,9315,9185,9315,204,0
LPP,60,20220808,140000,9310,9405,9290,9400,151,0
LPP,60,20220808,150000,9400,9400,9315,9350,204,0
LPP,60,20220808,160000,9350,9360,9310,9355,76,0
LPP,60,20220808,170000,9355,9370,9315,9330,337,0
LPP,60,20220809,100000,9375,9405,9305,9305,46,0
LPP,60,20220809,110000,9305,9400,9305,9400,41,0
LPP,60,20220809,120000,9400,9400,9330,9330,13,0
LPP,60,20220809,130000,9310,9310,9105,9105,80,0
LPP,60,20220809,140000,9110,9170,9040,9040,95,0
LPP,60,20220809,150000,9050,9100,9040,9085,72,0
LPP,60,20220809,160000,9060,9150,9025,9150,207,0
LPP,60,20220809,170000,9140,9210,9105,9105,379,0
LPP,60,20220810,100000,9110,9175,8970,8975,143,0
LPP,60,20220810,110000,8975,9045,8950,9045,99,0
LPP,60,20220810,120000,9035,9060,9020,9040,34,0
LPP,60,20220810,130000,9035,9075,9000,9060,83,0
LPP,60,20220810,140000,9035,9125,9030,9125,50,0
LPP,60,20220810,150000,9105,9425,9100,9375,284,0
LPP,60,20220810,160000,9375,9400,9200,9250,499,0
LPP,60,20220810,170000,9255,9400,9235,9340,386,0
LPP,60,20220811,100000,9345,9380,9310,9310,28,0
LPP,60,20220811,110000,9300,9340,9275,9340,24,0
LPP,60,20220811,120000,9285,9320,9285,9320,3,0
LPP,60,20220811,130000,9340,9380,9330,9350,26,0
LPP,60,20220811,140000,9350,9355,9315,9315,11,0
LPP,60,20220811,150000,9350,9360,9320,9320,23,0
LPP,60,20220811,160000,9340,9430,9315,9395,292,0
LPP,60,20220811,170000,9390,9415,9330,9380,586,0
LPP,60,20220812,100000,9400,9550,9360,9495,183,0
LPP,60,20220812,110000,9500,9520,9390,9425,141,0
LPP,60,20220812,120000,9420,9455,9420,9445,574,0
LPP,60,20220812,130000,9445,9450,9425,9450,538,0
LPP,60,20220812,140000,9450,9450,9425,9445,37,0
LPP,60,20220812,150000,9445,9460,9410,9450,104,0
LPP,60,20220812,160000,9450,9450,9400,9450,102,0
LPP,60,20220812,170000,9450,9530,9390,9530,424,0
LPP,60,20220816,100000,9530,9635,9485,9635,102,0
LPP,60,20220816,110000,9605,9740,9605,9685,476,0
LPP,60,20220816,120000,9695,9850,9650,9850,590,0
LPP,60,20220816,130000,9850,9850,9790,9830,320,0
LPP,60,20220816,140000,9835,9850,9820,9850,227,0
LPP,60,20220816,150000,9825,9850,9755,9800,171,0
LPP,60,20220816,160000,9800,9845,9730,9815,172,0
LPP,60,20220816,170000,9830,9830,9700,9735,540,0
LPP,60,20220817,100000,9795,9795,9600,9640,73,0
LPP,60,20220817,110000,9640,9675,9540,9580,115,0
LPP,60,20220817,120000,9580,9595,9370,9400,269,0
LPP,60,20220817,130000,9405,9460,9405,9410,26,0
LPP,60,20220817,140000,9410,9490,9400,9490,202,0
LPP,60,20220817,150000,9495,9525,9420,9470,82,0
LPP,60,20220817,160000,9465,9510,9450,9495,186,0
LPP,60,20220817,170000,9510,9510,9310,9320,400,0
LPP,60,20220818,100000,9320,9570,9320,9570,29,0
LPP,60,20220818,110000,9585,9590,9530,9580,32,0
LPP,60,20220818,120000,9575,9630,9550,9550,70,0
LPP,60,20220818,130000,9565,9585,9355,9395,99,0
LPP,60,20220818,140000,9400,9545,9390,9545,39,0
LPP,60,20220818,150000,9550,9570,9425,9485,96,0
LPP,60,20220818,160000,9480,9575,9480,9530,89,0
LPP,60,20220818,170000,9490,9610,9455,9605,421,0
LPP,60,20220819,100000,9440,9495,9415,9420,41,0
LPP,60,20220819,110000,9455,9780,9455,9675,168,0
LPP,60,20220819,120000,9755,9865,9740,9845,215,0
LPP,60,20220819,130000,9800,9890,9760,9830,196,0
LPP,60,20220819,140000,9805,9875,9755,9820,165,0
LPP,60,20220819,150000,9820,9875,9765,9825,181,0
LPP,60,20220819,160000,9830,9880,9575,9630,202,0
LPP,60,20220819,170000,9625,9795,9605,9680,382,0
LPP,60,20220822,100000,9440,9620,9425,9605,64,0
LPP,60,20220822,110000,9555,9600,9525,9545,34,0
LPP,60,20220822,120000,9545,9560,9470,9560,100,0
LPP,60,20220822,130000,9580,9695,9555,9570,52,0
LPP,60,20220822,140000,9565,9645,9540,9585,122,0
LPP,60,20220822,150000,9585,9720,9585,9605,51,0
LPP,60,20220822,160000,9570,9585,9535,9585,107,0
LPP,60,20220822,170000,9580,9665,9510,9525,545,0
LPP,60,20220823,100000,9525,9610,9525,9610,15,0
LPP,60,20220823,110000,9610,9740,9610,9690,57,0
LPP,60,20220823,120000,9690,9695,9655,9655,32,0
LPP,60,20220823,130000,9690,9690,9510,9550,86,0
LPP,60,20220823,140000,9555,9595,9540,9540,42,0
LPP,60,20220823,150000,9565,9575,9470,9515,44,0
LPP,60,20220823,160000,9520,9570,9470,9525,96,0
LPP,60,20220823,170000,9560,9730,9485,9615,752,0
LPP,60,20220824,100000,9515,9630,9510,9630,44,0
LPP,60,20220824,110000,9650,9745,9620,9730,301,0
LPP,60,20220824,120000,9750,9785,9505,9590,107,0
LPP,60,20220824,130000,9590,9720,9580,9675,48,0
LPP,60,20220824,140000,9660,9685,9650,9685,21,0
LPP,60,20220824,150000,9680,9715,9650,9675,56,0
LPP,60,20220824,160000,9660,9660,9480,9480,98,0
LPP,60,20220824,170000,9520,9560,9500,9500,310,0
LPP,60,20220825,100000,9650,9820,9605,9750,240,0
LPP,60,20220825,110000,9750,9780,9735,9735,69,0
LPP,60,20220825,120000,9715,9750,9665,9665,206,0
LPP,60,20220825,130000,9715,9760,9660,9660,81,0
LPP,60,20220825,140000,9725,9740,9680,9700,27,0
LPP,60,20220825,150000,9730,9735,9670,9675,44,0
LPP,60,20220825,160000,9705,9710,9590,9590,105,0
LPP,60,20220825,170000,9630,9650,9565,9600,161,0
LPP,60,20220826,100000,9670,9740,9565,9740,450,0
LPP,60,20220826,110000,9735,9735,9555,9620,180,0
LPP,60,20220826,120000,9615,9650,9570,9625,227,0
LPP,60,20220826,130000,9620,9645,9520,9550,101,0
LPP,60,20220826,140000,9540,9635,9515,9600,161,0
LPP,60,20220826,150000,9600,9635,9590,9615,532,0
LPP,60,20220826,160000,9620,9715,9610,9685,107,0
LPP,60,20220826,170000,9690,9690,9565,9595,321,0
LPP,60,20220829,100000,9600,9600,9395,9405,348,0
LPP,60,20220829,110000,9405,9405,9250,9315,277,0
LPP,60,20220829,120000,9280,9405,9280,9305,94,0
LPP,60,20220829,130000,9310,9360,9210,9220,280,0
LPP,60,20220829,140000,9205,9275,9185,9225,136,0
LPP,60,20220829,150000,9220,9260,9135,9135,272,0
LPP,60,20220829,160000,9150,9210,9060,9130,189,0
LPP,60,20220829,170000,9115,9230,9095,9095,638,0
LPP,60,20220830,100000,9220,9265,9125,9150,95,0
LPP,60,20220830,110000,9150,9210,9115,9210,70,0
LPP,60,20220830,120000,9210,9210,9080,9105,126,0
LPP,60,20220830,130000,9105,9150,9050,9135,134,0
LPP,60,20220830,140000,9110,9110,9055,9080,47,0
LPP,60,20220830,150000,9080,9080,9050,9065,114,0
LPP,60,20220830,160000,9060,9075,8885,8920,256,0
LPP,60,20220830,170000,8910,8945,8400,8500,1160,0
LPP,60,20220831,100000,8595,8705,8280,8280,525,0
LPP,60,20220831,110000,8270,8515,8105,8400,549,0
LPP,60,20220831,120000,8360,8505,8340,8505,299,0
LPP,60,20220831,130000,8480,8550,8480,8480,184,0
LPP,60,20220831,140000,8500,8520,8480,8480,146,0
LPP,60,20220831,150000,8480,8610,8480,8490,196,0
LPP,60,20220831,160000,8495,8520,8460,8460,290,0
LPP,60,20220831,170000,8470,8600,8400,8490,1235,0
LPP,60,20220901,100000,8505,8505,8315,8485,305,0
LPP,60,20220901,110000,8460,8575,8420,8420,335,0
LPP,60,20220901,120000,8465,8475,8400,8445,359,0
LPP,60,20220901,130000,8440,8480,8430,8455,63,0
LPP,60,20220901,140000,8465,8615,8455,8580,92,0
LPP,60,20220901,150000,8565,8595,8480,8500,84,0
LPP,60,20220901,160000,8505,8525,8340,8400,479,0
LPP,60,20220901,170000,8405,8405,8215,8215,2131,0
LPP,60,20220902,100000,8435,8460,8210,8250,2867,0
LPP,60,20220902,110000,8250,8425,8215,8365,219,0
LPP,60,20220902,120000,8365,8575,8305,8305,1402,0
LPP,60,20220902,130000,8385,8440,8320,8335,471,0
LPP,60,20220902,140000,8380,8380,8300,8310,112,0
LPP,60,20220902,150000,8300,8335,8220,8265,127,0
LPP,60,20220902,160000,8260,8310,8240,8280,101,0
LPP,60,20220902,170000,8270,8470,8255,8380,787,0
LPP,60,20220905,100000,8320,8390,8300,8375,80,0
LPP,60,20220905,110000,8340,8400,8300,8400,140,0
LPP,60,20220905,120000,8400,8555,8400,8555,26,0
LPP,60,20220905,130000,8505,8570,8500,8530,36,0
LPP,60,20220905,140000,8530,8535,8480,8535,119,0
LPP,60,20220905,150000,8530,8580,8515,8580,61,0
LPP,60,20220905,160000,8580,8580,8325,8325,250,0
LPP,60,20220905,170000,8335,8390,8310,8330,209,0
LPP,60,20220906,100000,8495,8500,8380,8380,38,0
LPP,60,20220906,110000,8355,8355,8285,8330,426,0
LPP,60,20220906,120000,8330,8330,8165,8250,42,0
LPP,60,20220906,130000,8240,8280,8210,8250,145,0
LPP,60,20220906,140000,8250,8250,8130,8150,51,0
LPP,60,20220906,150000,8150,8155,8020,8090,70,0
LPP,60,20220906,160000,8090,8105,7940,7940,209,0
LPP,60,20220906,170000,7940,7965,7820,7860,711,0
LPP,60,20220907,100000,7750,7945,7700,7785,240,0
LPP,60,20220907,110000,7780,8050,7760,8020,183,0
LPP,60,20220907,120000,8040,8185,7890,8185,351,0
LPP,60,20220907,130000,8180,8240,8045,8180,283,0
LPP,60,20220907,140000,8185,8260,8080,8260,167,0
LPP,60,20220907,150000,8255,8265,8185,8235,324,0
LPP,60,20220907,160000,8235,8330,8215,8265,462,0
LPP,60,20220907,170000,8255,8500,8200,8500,1235,0
LPP,60,20220908,100000,8595,8615,8390,8525,509,0
LPP,60,20220908,110000,8530,8670,8500,8595,292,0
LPP,60,20220908,120000,8595,8600,8510,8535,274,0
LPP,60,20220908,130000,8530,8540,8480,8515,278,0
LPP,60,20220908,140000,8505,8555,8490,8535,1273,0
LPP,60,20220908,150000,8540,8545,8440,8490,467,0
LPP,60,20220908,160000,8495,8530,8330,8485,350,0
LPP,60,20220908,170000,8470,8590,8460,8505,756,0
LPP,60,20220909,100000,8510,8585,8400,8530,244,0
LPP,60,20220909,110000,8520,8590,8465,8525,234,0
LPP,60,20220909,120000,8520,8525,8480,8490,195,0
LPP,60,20220909,130000,8485,8505,8455,8500,73,0
LPP,60,20220909,140000,8480,8530,8475,8480,157,0
LPP,60,20220909,150000,8490,8600,8480,8580,338,0
LPP,60,20220909,160000,8595,8640,8530,8640,213,0
LPP,60,20220909,170000,8645,8680,8550,8675,350,0
LPP,60,20220912,100000,8705,8740,8305,8455,323,0
LPP,60,20220912,110000,8460,8600,8460,8575,77,0
LPP,60,20220912,120000,8535,8545,8500,8500,104,0
LPP,60,20220912,130000,8500,8540,8420,8435,133,0
LPP,60,20220912,140000,8470,8470,8325,8415,111,0
LPP,60,20220912,150000,8425,8690,8415,8670,233,0
LPP,60,20220912,160000,8660,8735,8520,8520,180,0
LPP,60,20220912,170000,8520,8630,8400,8545,400,0
LPP,60,20220913,100000,8640,8645,8420,8460,109,0
LPP,60,20220913,110000,8460,8460,8370,8375,142,0
LPP,60,20220913,120000,8390,8460,8375,8420,188,0
LPP,60,20220913,130000,8400,8470,8400,8410,49,0
LPP,60,20220913,140000,8410,8505,8385,8500,204,0
LPP,60,20220913,150000,8465,8500,8290,8290,893,0
LPP,60,20220913,160000,8305,8375,8250,8265,304,0
LPP,60,20220913,170000,8260,8300,8200,8210,862,0
LPP,60,20220914,100000,8225,8245,8070,8215,172,0
LPP,60,20220914,110000,8250,8335,8225,8270,103,0
LPP,60,20220914,120000,8270,8370,8225,8310,95,0
LPP,60,20220914,130000,8300,8340,8270,8340,144,0
LPP,60,20220914,140000,8340,8340,8295,8320,470,0
LPP,60,20220914,150000,8300,8385,8285,8335,276,0
LPP,60,20220914,160000,8335,8400,8320,8400,298,0
LPP,60,20220914,170000,8400,8400,8250,8355,1457,0
LPP,60,20220915,100000,8355,8470,8285,8410,169,0
LPP,60,20220915,110000,8375,8420,8305,8315,99,0
LPP,60,20220915,120000,8305,8460,8305,8425,252,0
LPP,60,20220915,130000,8405,8460,8380,8440,81,0
LPP,60,20220915,140000,8445,8450,8400,8450,91,0
LPP,60,20220915,150000,8440,8480,8385,8425,407,0
LPP,60,20220915,160000,8440,8460,8360,8400,696,0
LPP,60,20220915,170000,8390,8505,8350,8440,1192,0
LPP,60,20220916,100000,8350,8505,8330,8450,189,0
LPP,60,20220916,110000,8420,8425,8255,8410,131,0
LPP,60,20220916,120000,8420,8500,8365,8495,307,0
LPP,60,20220916,130000,8495,8510,8360,8440,89,0
LPP,60,20220916,140000,8445,8445,8400,8420,58,0
LPP,60,20220916,150000,8420,8445,8400,8420,90,0
LPP,60,20220916,160000,8410,8485,8205,8265,1030,0
LPP,60,20220916,170000,8240,8405,8200,8225,4764,0
LPP,60,20220919,100000,8225,8455,8225,8430,211,0
LPP,60,20220919,110000,8450,8495,8415,8460,179,0
LPP,60,20220919,120000,8460,8470,8320,8320,189,0
LPP,60,20220919,130000,8380,8450,8350,8410,70,0
LPP,60,20220919,140000,8410,8485,8410,8430,76,0
LPP,60,20220919,150000,8430,8500,8410,8480,117,0
LPP,60,20220919,160000,8480,8520,8440,8500,180,0
LPP,60,20220919,170000,8470,8550,8455,8530,334,0
LPP,60,20220920,100000,8530,8530,8410,8410,85,0
LPP,60,20220920,110000,8410,8440,8300,8395,164,0
LPP,60,20220920,120000,8380,8380,8325,8370,93,0
LPP,60,20220920,130000,8340,8425,8325,8400,115,0
LPP,60,20220920,140000,8400,8425,8305,8320,202,0
LPP,60,20220920,150000,8320,8415,8320,8350,81,0
LPP,60,20220920,160000,8345,8445,8335,8400,102,0
LPP,60,20220920,170000,8400,8420,8320,8325,575,0
LPP,60,20220921,100000,8305,8395,8275,8395,39,0
LPP,60,20220921,110000,8370,8375,8265,8305,168,0
LPP,60,20220921,120000,8310,8365,8310,8320,86,0
LPP,60,20220921,130000,8325,8425,8280,8405,122,0
LPP,60,20220921,140000,8380,8380,8320,8350,27,0
LPP,60,20220921,150000,8365,8425,8320,8390,90,0
LPP,60,20220921,160000,8385,8500,8385,8465,222,0
LPP,60,20220921,170000,8490,8540,8445,8470,992,0
LPP,60,20220922,100000,8345,8495,8325,8495,186,0
LPP,60,20220922,110000,8465,8570,8440,8545,118,0
LPP,60,20220922,120000,8550,8610,8540,8600,126,0
LPP,60,20220922,130000,8600,8725,8535,8725,355,0
LPP,60,20220922,140000,8745,8750,8685,8740,146,0
LPP,60,20220922,150000,8720,8850,8700,8840,156,0
LPP,60,20220922,160000,8830,8840,8755,8785,126,0
LPP,60,20220922,170000,8755,8890,8755,8800,461,0
LPP,60,20220923,100000,8805,8805,8510,8600,291,0
LPP,60,20220923,110000,8600,8605,8405,8500,224,0
LPP,60,20220923,120000,8455,8455,8305,8305,199,0
LPP,60,20220923,130000,8330,8500,8310,8500,113,0
LPP,60,20220923,140000,8495,8510,8420,8490,101,0
LPP,60,20220923,150000,8505,8520,8430,8485,160,0
LPP,60,20220923,160000,8460,8515,8330,8355,229,0
LPP,60,20220923,170000,8355,8405,8300,8300,572,0
LPP,60,20220926,100000,8250,8485,8115,8405,263,0
LPP,60,20220926,110000,8340,8390,8325,8375,73,0
LPP,60,20220926,120000,8380,8395,8310,8310,86,0
LPP,60,20220926,130000,8340,8350,8270,8350,106,0
LPP,60,20220926,140000,8350,8350,8270,8300,128,0
LPP,60,20220926,150000,8310,8440,8260,8440,132,0
LPP,60,20220926,160000,8430,8450,8285,8340,172,0
LPP,60,20220926,170000,8350,8360,8210,8235,872,0
LPP,60,20220927,100000,8240,8400,8240,8355,93,0
LPP,60,20220927,110000,8335,8380,8270,8280,104,0
LPP,60,20220927,120000,8285,8315,8180,8290,164,0
LPP,60,20220927,130000,8345,8405,8345,8385,94,0
LPP,60,20220927,140000,8385,8490,8385,8490,76,0
LPP,60,20220927,150000,8455,8695,8445,8645,222,0
LPP,60,20220927,160000,8620,8640,8405,8520,189,0
LPP,60,20220927,170000,8490,8620,8405,8610,1008,0
LPP,60,20220928,100000,8410,8550,8315,8440,208,0
LPP,60,20220928,110000,8430,8430,8350,8375,172,0
LPP,60,20220928,120000,8365,8385,8250,8280,295,0
LPP,60,20220928,130000,8275,8300,8200,8225,199,0
LPP,60,20220928,140000,8215,8295,8205,8270,120,0
LPP,60,20220928,150000,8270,8310,8245,8310,158,0
LPP,60,20220928,160000,8280,8305,8185,8215,235,0
LPP,60,20220928,170000,8210,8285,8180,8180,2478,0
LPP,60,20220929,100000,8200,8260,7940,7970,188,0
LPP,60,20220929,110000,8000,8100,7970,8100,215,0
LPP,60,20220929,120000,8060,8150,8040,8130,424,0
LPP,60,20220929,130000,8140,8175,8110,8175,88,0
LPP,60,20220929,140000,8145,8175,8100,8100,91,0
LPP,60,20220929,150000,8100,8140,8050,8085,429,0
LPP,60,20220929,160000,8095,8110,7990,8000,429,0
LPP,60,20220929,170000,8000,8000,7805,7805,1178,0
LPP,60,20220930,100000,7995,7995,7770,7840,285,0
LPP,60,20220930,110000,7820,7855,7780,7820,338,0
LPP,60,20220930,120000,7850,7950,7785,7950,220,0
LPP,60,20220930,130000,7925,7940,7850,7850,123,0
LPP,60,20220930,140000,7840,7880,7750,7750,196,0
LPP,60,20220930,150000,7750,7830,7705,7830,202,0
LPP,60,20220930,160000,7830,7850,7695,7710,263,0
LPP,60,20220930,170000,7735,7840,7700,7795,1098,0
LPP,60,20221003,100000,7990,7990,7615,7645,115,0
LPP,60,20221003,110000,7580,7745,7565,7715,129,0
LPP,60,20221003,120000,7710,7735,7680,7695,89,0
LPP,60,20221003,130000,7735,7755,7710,7710,82,0
LPP,60,20221003,140000,7710,7815,7690,7725,296,0
LPP,60,20221003,150000,7720,7735,7690,7700,238,0
LPP,60,20221003,160000,7705,7765,7670,7670,368,0
LPP,60,20221003,170000,7685,7830,7665,7735,578,0
LPP,60,20221004,100000,7915,7980,7755,7975,207,0
LPP,60,20221004,110000,7975,7990,7855,7920,246,0
LPP,60,20221004,120000,7930,7955,7850,7850,1473,0
LPP,60,20221004,130000,7865,7945,7850,7900,1144,0
LPP,60,20221004,140000,7900,7955,7900,7910,738,0
LPP,60,20221004,150000,7950,7995,7935,7995,83,0
LPP,60,20221004,160000,7995,7995,7935,7955,90,0
LPP,60,20221004,170000,7990,8200,7945,8180,1423,0
LPP,60,20221005,100000,8200,8260,8005,8090,199,0
LPP,60,20221005,110000,8080,8150,8045,8150,175,0
LPP,60,20221005,120000,8170,8180,8090,8100,72,0
LPP,60,20221005,130000,8105,8180,8075,8140,102,0
LPP,60,20221005,140000,8140,8155,8050,8120,79,0
LPP,60,20221005,150000,8115,8140,8035,8140,81,0
LPP,60,20221005,160000,8140,8140,8060,8115,228,0
LPP,60,20221005,170000,8115,8150,7915,8030,891,0
LPP,60,20221006,100000,8200,8830,8120,8695,964,0
LPP,60,20221006,110000,8650,8650,8395,8450,726,0
LPP,60,20221006,120000,8475,8520,8375,8465,200,0
LPP,60,20221006,130000,8460,8500,8460,8495,72,0
LPP,60,20221006,140000,8495,8520,8460,8480,164,0
LPP,60,20221006,150000,8480,8520,8360,8415,169,0
LPP,60,20221006,160000,8360,8410,8300,8300,231,0
LPP,60,20221006,170000,8300,8355,8200,8275,940,0
LPP,60,20221007,100000,8195,8330,8165,8325,296,0
LPP,60,20221007,110000,8325,8390,8270,8345,65,0
LPP,60,20221007,120000,8390,8520,8385,8415,203,0
LPP,60,20221007,130000,8405,8405,8320,8350,64,0
LPP,60,20221007,140000,8320,8380,8320,8345,49,0
LPP,60,20221007,150000,8345,8405,8270,8400,147,0
LPP,60,20221007,160000,8365,8400,8200,8225,307,0
LPP,60,20221007,170000,8225,8350,8180,8250,927,0
LPP,60,20221010,100000,8085,8300,8025,8270,458,0
LPP,60,20221010,110000,8280,8320,8100,8230,640,0
LPP,60,20221010,120000,8285,8375,8225,8300,226,0
LPP,60,20221010,130000,8300,8325,8155,8190,218,0
LPP,60,20221010,140000,8155,8270,8155,8270,116,0
LPP,60,20221010,150000,8270,8315,8245,8315,198,0
LPP,60,20221010,160000,8305,8315,8210,8225,601,0
LPP,60,20221010,170000,8235,8285,8155,8155,890,0
LPP,60,20221011,100000,8115,8155,8080,8130,331,0
LPP,60,20221011,110000,8125,8235,8105,8235,265,0
LPP,60,20221011,120000,8230,8250,8200,8230,134,0
LPP,60,20221011,130000,8200,8420,8195,8415,199,0
LPP,60,20221011,140000,8390,8390,8245,8355,815,0
LPP,60,20221011,150000,8355,8440,8355,8410,520,0
LPP,60,20221011,160000,8410,8430,8220,8240,487,0
LPP,60,20221011,170000,8210,8210,8025,8040,912,0
LPP,60,20221012,100000,8125,8190,8050,8075,274,0
LPP,60,20221012,110000,8085,8100,7965,7965,95,0
LPP,60,20221012,120000,7985,8045,7960,8045,195,0
LPP,60,20221012,130000,8045,8045,7955,7995,131,0
LPP,60,20221012,140000,7995,8015,7950,7950,103,0
LPP,60,20221012,150000,7960,8065,7950,8000,612,0
LPP,60,20221012,160000,7985,7985,7850,7920,324,0
LPP,60,20221012,170000,7920,8000,7825,7825,1555,0
LPP,60,20221013,100000,7825,7845,7635,7660,294,0
LPP,60,20221013,110000,7670,7740,7640,7665,256,0
LPP,60,20221013,120000,7650,7660,7600,7620,529,0
LPP,60,20221013,130000,7615,7700,7605,7690,829,0
LPP,60,20221013,140000,7650,7650,7600,7620,302,0
LPP,60,20221013,150000,7620,7620,7300,7305,1932,0
LPP,60,20221013,160000,7305,7440,7305,7395,697,0
LPP,60,20221013,170000,7390,7455,7360,7360,1086,0
LPP,60,20221014,100000,7500,7680,7300,7450,1207,0
LPP,60,20221014,110000,7450,7450,7195,7200,327,0
LPP,60,20221014,120000,7200,7575,7200,7535,1430,0
LPP,60,20221014,130000,7540,7770,7540,7770,531,0
LPP,60,20221014,140000,7750,7775,7570,7610,642,0
LPP,60,20221014,150000,7630,7750,7630,7750,510,0
LPP,60,20221014,160000,7745,7840,7735,7780,740,0
LPP,60,20221014,170000,7770,7850,7760,7850,4326,0
LPP,60,20221017,100000,7850,7945,7725,7760,108,0
LPP,60,20221017,110000,7735,7735,7610,7670,252,0
LPP,60,20221017,120000,7690,7690,7560,7580,149,0
LPP,60,20221017,130000,7590,7660,7555,7645,108,0
LPP,60,20221017,140000,7605,7620,7570,7585,65,0
LPP,60,20221017,150000,7610,7655,7585,7600,151,0
LPP,60,20221017,160000,7660,7900,7625,7705,992,0
LPP,60,20221017,170000,7740,7910,7700,7875,954,0
LPP,60,20221018,100000,7925,8020,7805,7980,249,0
LPP,60,20221018,110000,8000,8040,7960,8000,84,0
LPP,60,20221018,120000,7985,8000,7860,7905,254,0
LPP,60,20221018,130000,7925,7945,7825,7895,130,0
LPP,60,20221018,140000,7900,7935,7880,7895,92,0
LPP,60,20221018,150000,7890,7925,7890,7910,118,0
LPP,60,20221018,160000,7905,7905,7800,7800,173,0
LPP,60,20221018,170000,7815,7925,7800,7900,765,0
LPP,60,20221019,100000,7900,7900,7655,7715,242,0
LPP,60,20221019,110000,7710,7835,7710,7835,163,0
LPP,60,20221019,120000,7805,7945,7800,7945,110,0
LPP,60,20221019,130000,7955,7970,7800,7830,129,0
LPP,60,20221019,140000,7840,7875,7800,7850,108,0
LPP,60,20221019,150000,7870,7870,7780,7820,131,0
LPP,60,20221019,160000,7820,7865,7750,7800,114,0
LPP,60,20221019,170000,7800,7850,7775,7780,423,0
LPP,60,20221020,100000,7685,7800,7685,7770,118,0
LPP,60,20221020,110000,7785,7895,7765,7895,69,0
LPP,60,20221020,120000,7870,7895,7800,7895,34,0
LPP,60,20221020,130000,7895,7905,7865,7890,62,0
LPP,60,20221020,140000,7875,7900,7845,7900,47,0
LPP,60,20221020,150000,7895,7900,7780,7820,91,0
LPP,60,20221020,160000,7805,7805,7725,7725,83,0
LPP,60,20221020,170000,7760,7820,7705,7770,845,0
LPP,60,20221021,100000,7770,7795,7665,7775,42,0
LPP,60,20221021,110000,7735,7735,7655,7680,167,0
LPP,60,20221021,120000,7665,7665,7610,7620,131,0
LPP,60,20221021,130000,7645,7690,7620,7690,82,0
LPP,60,20221021,140000,7690,7740,7675,7690,128,0
LPP,60,20221021,150000,7690,7690,7605,7645,119,0
LPP,60,20221021,160000,7645,7745,7645,7735,107,0
LPP,60,20221021,170000,7730,7770,7680,7680,357,0
LPP,60,20221024,100000,7770,7800,7670,7730,74,0
LPP,60,20221024,110000,7745,7930,7730,7915,137,0
LPP,60,20221024,120000,7900,7940,7825,7885,116,0
LPP,60,20221024,130000,7885,8050,7885,8050,160,0
LPP,60,20221024,140000,8010,8035,7855,7960,162,0
LPP,60,20221024,150000,7970,8035,7910,8035,106,0
LPP,60,20221024,160000,8040,8045,7905,8000,135,0
LPP,60,20221024,170000,8010,8015,7830,7930,873,0
LPP,60,20221025,100000,8020,8045,7920,7920,101,0
LPP,60,20221025,110000,7955,7955,7880,7915,119,0
LPP,60,20221025,120000,7915,8050,7915,7985,180,0
LPP,60,20221025,130000,8000,8025,7970,8010,67,0
LPP,60,20221025,140000,8005,8040,8000,8000,78,0
LPP,60,20221025,150000,8000,8005,7875,7945,294,0
LPP,60,20221025,160000,7910,8070,7900,8045,176,0
LPP,60,20221025,170000,8035,8115,8025,8110,827,0
LPP,60,20221026,100000,8100,8140,8040,8135,194,0
LPP,60,20221026,110000,8135,8245,8085,8225,118,0
LPP,60,20221026,120000,8230,8280,8230,8260,115,0
LPP,60,20221026,130000,8265,8340,8250,8320,171,0
LPP,60,20221026,140000,8320,8340,8295,8295,68,0
LPP,60,20221026,150000,8300,8320,8240,8280,111,0
LPP,60,20221026,160000,8285,8390,8285,8375,190,0
LPP,60,20221026,170000,8375,8420,8340,8420,600,0
LPP,60,20221027,100000,8470,8470,8205,8265,185,0
LPP,60,20221027,110000,8270,8345,8250,8325,220,0
LPP,60,20221027,120000,8325,8355,8255,8305,294,0
LPP,60,20221027,130000,8315,8365,8295,8305,98,0
LPP,60,20221027,140000,8320,8350,8275,8325,160,0
LPP,60,20221027,150000,8335,8375,8280,8315,226,0
LPP,60,20221027,160000,8310,8350,8290,8305,211,0
LPP,60,20221027,170000,8310,8460,8305,8460,853,0
LPP,60,20221028,100000,8460,8460,8245,8250,192,0
LPP,60,20221028,110000,8250,8350,8250,8345,143,0
LPP,60,20221028,120000,8335,8350,8265,8310,114,0
LPP,60,20221028,130000,8315,8320,8285,8300,140,0
LPP,60,20221028,140000,8290,8350,8285,8290,159,0
LPP,60,20221028,150000,8300,8320,8280,8305,234,0
LPP,60,20221028,160000,8305,8335,8290,8320,157,0
LPP,60,20221028,170000,8315,8320,8215,8250,931,0
LPP,60,20221031,100000,8300,8300,8120,8165,173,0
LPP,60,20221031,110000,8165,8290,8165,8255,266,0
LPP,60,20221031,120000,8250,8295,8225,8280,173,0
LPP,60,20221031,130000,8270,8325,8265,8270,196,0
LPP,60,20221031,140000,8280,8300,8260,8270,136,0
LPP,60,20221031,150000,8280,8320,8245,8245,365,0
LPP,60,20221031,160000,8255,8275,8220,8265,249,0
LPP,60,20221031,170000,8265,8300,8200,8290,907,0
LPP,60,20221102,100000,8370,8370,8100,8135,547,0
LPP,60,20221102,110000,8140,8200,8105,8150,526,0
LPP,60,20221102,120000,8155,8210,8130,8150,867,0
LPP,60,20221102,130000,8140,8165,8115,8120,367,0
LPP,60,20221102,140000,8130,8145,7950,7985,596,0
LPP,60,20221102,150000,7995,8180,7960,8125,456,0
LPP,60,20221102,160000,8150,8175,8030,8100,356,0
LPP,60,20221102,170000,8075,8195,8075,8175,917,0
LPP,60,20221103,100000,8095,8095,7960,8020,245,0
LPP,60,20221103,110000,8020,8035,7930,7965,388,0
LPP,60,20221103,120000,7960,8035,7960,8035,98,0
LPP,60,20221103,130000,8020,8040,8000,8005,63,0
LPP,60,20221103,140000,8010,8030,8000,8020,136,0
LPP,60,20221103,150000,8020,8040,8000,8020,391,0
LPP,60,20221103,160000,8025,8075,8000,8075,135,0
LPP,60,20221103,170000,8075,8100,8030,8100,500,0
LPP,60,20221104,100000,8100,8195,8050,8180,286,0
LPP,60,20221104,110000,8180,8245,8155,8210,128,0
LPP,60,20221104,120000,8200,8360,8185,8310,415,0
LPP,60,20221104,130000,8350,8350,8255,8270,191,0
LPP,60,20221104,140000,8295,8345,8250,8340,144,0
LPP,60,20221104,150000,8340,8360,8285,8350,221,0
LPP,60,20221104,160000,8350,8380,8255,8295,327,0
LPP,60,20221104,170000,8295,8340,8175,8175,659,0
LPP,60,20221107,100000,8180,8180,8010,8155,359,0
LPP,60,20221107,110000,8170,8320,8170,8240,548,0
LPP,60,20221107,120000,8240,8345,8220,8340,210,0
LPP,60,20221107,130000,8335,8500,8335,8450,432,0
LPP,60,20221107,140000,8455,8650,8455,8645,497,0
LPP,60,20221107,150000,8645,8665,8610,8665,274,0
LPP,60,20221107,160000,8665,8760,8630,8680,378,0
LPP,60,20221107,170000,8695,8800,8695,8795,776,0
LPP,60,20221108,100000,8700,8700,8515,8645,318,0
LPP,60,20221108,110000,8630,8720,8630,8720,236,0
LPP,60,20221108,120000,8710,8780,8700,8780,136,0
LPP,60,20221108,130000,8765,8880,8760,8855,120,0
LPP,60,20221108,140000,8855,8855,8770,8790,81,0
LPP,60,20221108,150000,8780,8830,8735,8780,221,0
LPP,60,20221108,160000,8775,8810,8710,8750,192,0
LPP,60,20221108,170000,8735,8825,8685,8825,847,0
LPP,60,20221109,100000,8825,8980,8785,8810,248,0
LPP,60,20221109,110000,8795,8900,8785,8865,192,0
LPP,60,20221109,120000,8870,8995,8865,8985,188,0
LPP,60,20221109,130000,8970,8970,8915,8940,80,0
LPP,60,20221109,140000,8905,9010,8905,8905,164,0
LPP,60,20221109,150000,8930,8930,8835,8865,154,0
LPP,60,20221109,160000,8875,8920,8850,8885,239,0
LPP,60,20221109,170000,8875,8875,8655,8765,1003,0
LPP,60,20221110,100000,8770,8770,8595,8595,142,0
LPP,60,20221110,110000,8585,8585,8415,8440,141,0
LPP,60,20221110,120000,8425,8580,8415,8550,118,0
LPP,60,20221110,130000,8550,8555,8495,8515,108,0
LPP,60,20221110,140000,8510,8540,8510,8535,121,0
LPP,60,20221110,150000,8540,8835,8515,8800,696,0
LPP,60,20221110,160000,8800,9000,8780,8930,907,0
LPP,60,20221110,170000,8950,9195,8950,9165,1207,0
LPP,60,20221114,100000,9245,9360,9115,9350,706,0
LPP,60,20221114,110000,9355,9510,9325,9460,476,0
LPP,60,20221114,120000,9435,9500,9405,9415,338,0
LPP,60,20221114,130000,9405,9500,9405,9460,273,0
LPP,60,20221114,140000,9480,9500,9400,9495,379,0
LPP,60,20221114,150000,9495,9620,9470,9600,625,0
LPP,60,20221114,160000,9560,9870,9545,9820,477,0
LPP,60,20221114,170000,9810,9890,9505,9800,1691,0
LPP,60,20221115,100000,9850,9850,9560,9605,325,0
LPP,60,20221115,110000,9590,9680,9540,9600,112,0
LPP,60,20221115,120000,9650,9800,9575,9770,405,0
LPP,60,20221115,130000,9765,9795,9610,9720,112,0
LPP,60,20221115,140000,9700,9800,9670,9800,51,0
LPP,60,20221115,150000,9800,9970,9750,9860,1061,0
LPP,60,20221115,160000,9835,9940,9770,9885,472,0
LPP,60,20221115,170000,9880,9970,9750,9825,726,0
LPP,60,20221116,100000,9600,9820,9515,9660,606,0
LPP,60,20221116,110000,9660,9660,9550,9595,333,0
LPP,60,20221116,120000,9620,9795,9600,9740,157,0
LPP,60,20221116,130000,9730,9750,9700,9700,44,0
LPP,60,20221116,140000,9730,9765,9680,9705,110,0
LPP,60,20221116,150000,9710,9740,9660,9740,88,0
LPP,60,20221116,160000,9740,9825,9710,9760,256,0
LPP,60,20221116,170000,9725,9900,9720,9835,574,0
LPP,60,20221117,100000,9700,9840,9470,9495,605,0
LPP,60,20221117,110000,9495,9495,9300,9365,319,0
LPP,60,20221117,120000,9380,9400,9245,9255,175,0
LPP,60,20221117,130000,9275,9275,9140,9230,216,0
LPP,60,20221117,140000,9205,9260,9155,9190,161,0
LPP,60,20221117,150000,9180,9200,9125,9160,317,0
LPP,60,20221117,160000,9200,9345,9150,9290,334,0
LPP,60,20221117,170000,9290,9310,9160,9180,802,0
LPP,60,20221118,100000,9250,9270,8920,9180,402,0
LPP,60,20221118,110000,9185,9400,9185,9400,274,0
LPP,60,20221118,120000,9385,9435,9350,9380,183,0
LPP,60,20221118,130000,9380,9390,9300,9305,110,0
LPP,60,20221118,140000,9280,9310,9195,9195,101,0
LPP,60,20221118,150000,9195,9295,9195,9260,91,0
LPP,60,20221118,160000,9275,9300,9245,9265,205,0
LPP,60,20221118,170000,9270,9270,9225,9250,774,0
LPP,60,20221121,100000,9130,9180,8935,9050,306,0
LPP,60,20221121,110000,9050,9060,9005,9005,143,0
LPP,60,20221121,120000,9040,9050,9005,9045,76,0
LPP,60,20221121,130000,9045,9055,9005,9005,117,0
LPP,60,20221121,140000,9005,9005,8920,8925,516,0
LPP,60,20221121,150000,8950,9150,8950,9095,390,0
LPP,60,20221121,160000,9120,9210,9095,9205,144,0
LPP,60,20221121,170000,9205,9245,9100,9100,470,0
LPP,60,20221122,100000,9050,9050,8845,9050,398,0
LPP,60,20221122,110000,9050,9150,8975,9150,195,0
LPP,60,20221122,120000,9150,9275,9120,9275,138,0
LPP,60,20221122,130000,9280,9295,9240,9290,157,0
LPP,60,20221122,140000,9295,9295,9185,9185,118,0
LPP,60,20221122,150000,9220,9345,9220,9335,127,0
LPP,60,20221122,160000,9310,9310,9255,9255,117,0
LPP,60,20221122,170000,9285,9285,9185,9220,373,0
LPP,60,20221123,100000,9220,9355,9220,9275,77,0
LPP,60,20221123,110000,9275,9340,9225,9340,63,0
LPP,60,20221123,120000,9320,9320,9220,9220,54,0
LPP,60,20221123,130000,9215,9215,9140,9210,93,0
LPP,60,20221123,140000,9205,9205,9140,9140,61,0
LPP,60,20221123,150000,9155,9155,9040,9045,133,0
LPP,60,20221123,160000,9055,9145,9040,9140,80,0
LPP,60,20221123,170000,9105,9135,9020,9020,419,0
LPP,60,20221124,100000,9185,9185,8935,9115,131,0
LPP,60,20221124,110000,9115,9175,9115,9170,151,0
LPP,60,20221124,120000,9170,9250,9170,9250,64,0
LPP,60,20221124,130000,9230,9250,9200,9225,51,0
LPP,60,20221124,140000,9235,9260,9230,9260,46,0
LPP,60,20221124,150000,9260,9340,9230,9335,128,0
LPP,60,20221124,160000,9315,9315,9225,9225,82,0
LPP,60,20221124,170000,9260,9390,9260,9335,619,0
LPP,60,20221125,100000,9205,9210,9010,9180,421,0
LPP,60,20221125,110000,9195,9310,9195,9305,142,0
LPP,60,20221125,120000,9305,9400,9295,9355,125,0
LPP,60,20221125,130000,9355,9400,9300,9310,51,0
LPP,60,20221125,140000,9310,9340,9310,9310,49,0
LPP,60,20221125,150000,9310,9385,9305,9345,180,0
LPP,60,20221125,160000,9385,9500,9350,9500,290,0
LPP,60,20221125,170000,9500,9515,9355,9390,395,0
LPP,60,20221128,100000,9270,9345,9170,9220,181,0
LPP,60,20221128,110000,9265,9285,9210,9240,287,0
LPP,60,20221128,120000,9240,9255,9210,9235,76,0
LPP,60,20221128,130000,9225,9245,9180,9200,399,0
LPP,60,20221128,140000,9195,9200,9180,9190,103,0
LPP,60,20221128,150000,9200,9200,9140,9140,100,0
LPP,60,20221128,160000,9130,9190,9075,9150,138,0
LPP,60,20221128,170000,9155,9170,9100,9100,336,0
LPP,60,20221129,100000,9100,9260,9100,9205,397,0
LPP,60,20221129,110000,9210,9315,9210,9300,262,0
LPP,60,20221129,120000,9300,9315,9280,9280,85,0
LPP,60,20221129,130000,9280,9310,9250,9250,234,0
LPP,60,20221129,140000,9250,9270,9240,9250,440,0
LPP,60,20221129,150000,9260,9275,9240,9270,326,0
LPP,60,20221129,160000,9270,9485,9270,9445,385,0
LPP,60,20221129,170000,9445,9540,9430,9435,725,0
LPP,60,20221130,100000,9540,9540,9305,9340,303,0
LPP,60,20221130,110000,9340,9545,9320,9500,205,0
LPP,60,20221130,120000,9460,9540,9460,9520,98,0
LPP,60,20221130,130000,9545,9580,9480,9500,99,0
LPP,60,20221130,140000,9500,9535,9485,9500,136,0
LPP,60,20221130,150000,9530,9565,9490,9530,262,0
LPP,60,20221130,160000,9530,9665,9530,9610,254,0
LPP,60,20221130,170000,9610,9615,9475,9565,4048,0
LPP,60,20221201,100000,9695,9770,9580,9630,218,0
LPP,60,20221201,110000,9605,9625,9510,9565,405,0
LPP,60,20221201,120000,9570,9655,9545,9655,186,0
LPP,60,20221201,130000,9655,9745,9655,9710,254,0
LPP,60,20221201,140000,9705,9725,9655,9655,100,0
LPP,60,20221201,150000,9655,9725,9620,9620,148,0
LPP,60,20221201,160000,9600,9700,9565,9645,222,0
LPP,60,20221201,170000,9640,9690,9580,9655,783,0
LPP,60,20221202,100000,9690,9690,9400,9500,556,0
LPP,60,20221202,110000,9475,9605,9460,9505,144,0
LPP,60,20221202,120000,9505,9615,9495,9590,86,0
LPP,60,20221202,130000,9590,9670,9575,9640,77,0
LPP,60,20221202,140000,9620,9725,9600,9695,222,0
LPP,60,20221202,150000,9690,9715,9515,9530,360,0
LPP,60,20221202,160000,9520,9610,9495,9550,1074,0
LPP,60,20221202,170000,9570,9685,9530,9600,808,0
LPP,60,20221205,100000,9680,9735,9610,9705,128,0
LPP,60,20221205,110000,9685,9715,9660,9670,135,0
LPP,60,20221205,120000,9660,9710,9645,9710,118,0
LPP,60,20221205,130000,9710,9755,9675,9700,130,0
LPP,60,20221205,140000,9700,9725,9690,9715,78,0
LPP,60,20221205,150000,9705,9705,9530,9530,287,0
LPP,60,20221205,160000,9530,9640,9455,9535,674,0
LPP,60,20221205,170000,9495,9535,9435,9470,560,0
LPP,60,20221206,100000,9410,9465,9370,9445,306,0
LPP,60,20221206,110000,9425,9495,9425,9495,59,0
LPP,60,20221206,120000,9495,9500,9455,9475,145,0
LPP,60,20221206,130000,9480,9550,9480,9545,81,0
LPP,60,20221206,140000,9540,9555,9525,9540,28,0
LPP,60,20221206,150000,9530,9600,9530,9580,69,0
LPP,60,20221206,160000,9560,9595,9545,9575,105,0
LPP,60,20221206,170000,9550,9575,9475,9515,328,0
LPP,60,20221207,100000,9495,9500,9410,9500,119,0
LPP,60,20221207,110000,9500,9545,9475,9515,169,0
LPP,60,20221207,120000,9515,9560,9495,9510,73,0
LPP,60,20221207,130000,9510,9535,9510,9510,42,0
LPP,60,20221207,140000,9510,9530,9505,9525,27,0
LPP,60,20221207,150000,9520,9540,9520,9535,33,0
LPP,60,20221207,160000,9550,9555,9500,9520,133,0
LPP,60,20221207,170000,9540,9600,9505,9550,517,0
LPP,60,20221208,100000,9505,9565,9500,9515,48,0
LPP,60,20221208,110000,9555,9575,9505,9545,118,0
LPP,60,20221208,120000,9545,9575,9505,9575,194,0
LPP,60,20221208,130000,9550,9600,9550,9585,84,0
LPP,60,20221208,140000,9585,9595,9565,9585,74,0
LPP,60,20221208,150000,9585,9590,9560,9585,106,0
LPP,60,20221208,160000,9585,9585,9505,9545,149,0
LPP,60,20221208,170000,9535,9600,9505,9550,429,0
LPP,60,20221209,100000,9520,9650,9520,9650,119,0
LPP,60,20221209,110000,9645,9645,9575,9625,124,0
LPP,60,20221209,120000,9600,9630,9575,9590,100,0
LPP,60,20221209,130000,9610,9625,9560,9585,65,0
LPP,60,20221209,140000,9600,9600,9570,9600,34,0
LPP,60,20221209,150000,9595,9595,9510,9560,192,0
LPP,60,20221209,160000,9560,9590,9510,9535,157,0
LPP,60,20221209,170000,9540,9600,9515,9600,679,0
LPP,60,20221212,100000,9500,9590,9455,9590,225,0
LPP,60,20221212,110000,9565,9630,9550,9555,140,0
LPP,60,20221212,120000,9555,9690,9555,9685,312,0
LPP,60,20221212,130000,9685,9685,9630,9645,88,0
LPP,60,20221212,140000,9625,9720,9620,9705,206,0
LPP,60,20221212,150000,9730,9750,9710,9730,178,0
LPP,60,20221212,160000,9710,9735,9695,9720,217,0
LPP,60,20221212,170000,9730,9800,9695,9770,931,0
LPP,60,20221213,100000,9730,9745,9600,9700,532,0
LPP,60,20221213,110000,9700,9735,9670,9700,267,0
LPP,60,20221213,120000,9705,9755,9705,9710,136,0
LPP,60,20221213,130000,9710,9750,9675,9750,138,0
LPP,60,20221213,140000,9730,9800,9720,9730,135,0
LPP,60,20221213,150000,9730,9950,9700,9950,377,0
LPP,60,20221213,160000,9955,9980,9890,9950,207,0
LPP,60,20221213,170000,9950,9950,9835,9855,1029,0
LPP,60,20221214,100000,9760,9980,9750,9980,192,0
LPP,60,20221214,110000,9980,9980,9935,9950,354,0
LPP,60,20221214,120000,9950,10050,9950,10010,155,0
LPP,60,20221214,130000,10010,10100,10010,10040,115,0
LPP,60,20221214,140000,10060,10070,10020,10050,83,0
LPP,60,20221214,150000,10050,10130,10020,10090,144,0
LPP,60,20221214,160000,10100,10140,10070,10100,156,0
LPP,60,20221214,170000,10120,10140,10090,10090,623,0
LPP,60,20221215,100000,9920,10000,9820,9820,530,0
LPP,60,20221215,110000,9850,10060,9835,9990,351,0
LPP,60,20221215,120000,9990,10030,9940,9970,231,0
LPP,60,20221215,130000,9960,10000,9930,10000,104,0
LPP,60,20221215,140000,10010,10070,9980,9980,108,0
LPP,60,20221215,150000,9990,10000,9880,9910,675,0
LPP,60,20221215,160000,9910,9955,9880,9950,357,0
LPP,60,20221215,170000,9950,10050,9945,9980,1886,0
LPP,60,20221216,100000,9850,9885,9725,9860,480,0
LPP,60,20221216,110000,9860,9885,9825,9860,372,0
LPP,60,20221216,120000,9860,9980,9850,9900,369,0
LPP,60,20221216,130000,9900,9925,9850,9925,67,0
LPP,60,20221216,140000,9900,9925,9850,9915,154,0
LPP,60,20221216,150000,9925,9980,9925,9980,191,0
LPP,60,20221216,160000,9990,10020,9905,9905,497,0
LPP,60,20221216,170000,9905,9940,9740,9885,4095,0
LPP,60,20221219,100000,9810,9960,9810,9920,135,0
LPP,60,20221219,110000,9925,10040,9920,9995,292,0
LPP,60,20221219,120000,10000,10000,9900,9945,90,0
LPP,60,20221219,130000,9945,9970,9895,9965,96,0
LPP,60,20221219,140000,9965,10020,9935,10000,56,0
LPP,60,20221219,150000,10000,10010,9880,9915,215,0
LPP,60,20221219,160000,9905,10000,9885,9965,260,0
LPP,60,20221219,170000,9965,9985,9885,9940,516,0
LPP,60,20221220,100000,9895,9900,9830,9865,127,0
LPP,60,20221220,110000,9855,9895,9850,9865,166,0
LPP,60,20221220,120000,9880,9995,9880,9985,180,0
LPP,60,20221220,130000,10000,10030,9990,10020,157,0
LPP,60,20221220,140000,10000,10020,9995,9995,81,0
LPP,60,20221220,150000,9995,10010,9980,9990,251,0
LPP,60,20221220,160000,9990,9995,9950,9995,170,0
LPP,60,20221220,170000,9995,10030,9995,10030,486,0
LPP,60,20221221,100000,10020,10050,9995,10050,142,0
LPP,60,20221221,110000,10060,10150,10030,10110,327,0
LPP,60,20221221,120000,10110,10260,10110,10210,286,0
LPP,60,20221221,130000,10210,10240,10160,10240,88,0
LPP,60,20221221,140000,10240,10400,10190,10300,276,0
LPP,60,20221221,150000,10300,10430,10280,10400,317,0
LPP,60,20221221,160000,10390,10600,10360,10550,254,0
LPP,60,20221221,170000,10630,10660,10420,10560,1853,0
LPP,60,20221222,100000,10600,10600,10500,10550,175,0
LPP,60,20221222,110000,10590,10590,10360,10360,190,0
LPP,60,20221222,120000,10360,10470,10220,10470,256,0
LPP,60,20221222,130000,10430,10430,10330,10350,61,0
LPP,60,20221222,140000,10350,10450,10320,10450,59,0
LPP,60,20221222,150000,10450,10460,10360,10380,108,0
LPP,60,20221222,160000,10390,10530,10380,10490,171,0
LPP,60,20221222,170000,10490,10620,10490,10500,595,0
LPP,60,20221223,100000,10360,10470,10350,10450,159,0
LPP,60,20221223,110000,10440,10570,10440,10570,93,0
LPP,60,20221223,120000,10570,10610,10520,10580,149,0
LPP,60,20221223,130000,10580,10640,10580,10640,77,0
LPP,60,20221223,140000,10630,10650,10600,10600,100,0
LPP,60,20221223,150000,10630,11000,10630,10870,668,0
LPP,60,20221223,160000,10870,10870,10700,10710,172,0
LPP,60,20221223,170000,10720,10870,10710,10830,486,0
LPP,60,20221227,100000,10930,10930,10790,10810,66,0
LPP,60,20221227,110000,10810,10810,10710,10710,38,0
LPP,60,20221227,120000,10700,10750,10640,10750,46,0
LPP,60,20221227,130000,10750,10780,10670,10670,26,0
LPP,60,20221227,140000,10670,10690,10650,10670,58,0
LPP,60,20221227,150000,10650,10650,10560,10560,225,0
LPP,60,20221227,160000,10570,10610,10550,10580,62,0
LPP,60,20221227,170000,10580,10660,10580,10660,133,0
LPP,60,20221228,100000,10630,10630,10550,10580,201,0
LPP,60,20221228,110000,10550,10590,10550,10590,27,0
LPP,60,20221228,120000,10590,10640,10590,10620,139,0
LPP,60,20221228,130000,10630,10630,10560,10590,111,0
LPP,60,20221228,140000,10590,10600,10570,10580,104,0
LPP,60,20221228,150000,10560,10580,10550,10560,113,0
LPP,60,20221228,160000,10550,10550,10500,10510,119,0
LPP,60,20221228,170000,10510,10520,10470,10490,403,0
LPP,60,20221229,100000,10450,10450,10260,10400,198,0
LPP,60,20221229,110000,10380,10450,10350,10420,132,0
LPP,60,20221229,120000,10420,10490,10410,10480,90,0
LPP,60,20221229,130000,10480,10550,10470,10490,55,0
LPP,60,20221229,140000,10480,10550,10480,10550,57,0
LPP,60,20221229,150000,10530,10600,10510,10540,105,0
LPP,60,20221229,160000,10550,10700,10540,10670,135,0
LPP,60,20221229,170000,10660,10720,10630,10720,489,0
LPP,60,20221230,100000,10720,10720,10530,10670,91,0
LPP,60,20221230,110000,10620,10640,10540,10620,97,0
LPP,60,20221230,120000,10640,10640,10600,10600,33,0
LPP,60,20221230,130000,10630,10720,10600,10720,86,0
LPP,60,20221230,140000,10680,10700,10520,10650,177,0
LPP,60,20221230,150000,10670,10700,10600,10600,59,0
LPP,60,20221230,160000,10600,10690,10560,10640,77,0
LPP,60,20221230,170000,10640,10750,10590,10650,491,0
LPP,60,20230102,100000,10650,10700,10600,10630,66,0
LPP,60,20230102,110000,10620,10640,10560,10600,99,0
LPP,60,20230102,120000,10560,10580,10440,10440,30,0
LPP,60,20230102,130000,10450,10610,10450,10610,37,0
LPP,60,20230102,140000,10550,10580,10520,10580,24,0
LPP,60,20230102,150000,10600,10600,10520,10520,16,0
LPP,60,20230102,160000,10520,10530,10480,10520,50,0
LPP,60,20230102,170000,10510,10580,10480,10580,294,0
LPP,60,20230103,100000,10530,10610,10470,10500,529,0
LPP,60,20230103,110000,10500,10650,10430,10640,384,0
LPP,60,20230103,120000,10610,10670,10600,10630,225,0
LPP,60,20230103,130000,10610,10640,10600,10610,174,0
LPP,60,20230103,140000,10610,10750,10610,10720,309,0
LPP,60,20230103,150000,10720,10950,10690,10930,323,0
LPP,60,20230103,160000,10930,10950,10840,10880,426,0
LPP,60,20230103,170000,10880,10990,10850,10990,588,0
LPP,60,20230104,100000,10970,11000,10750,10940,802,0
LPP,60,20230104,110000,10920,10960,10850,10850,74,0
LPP,60,20230104,120000,10850,10930,10850,10900,231,0
LPP,60,20230104,130000,10930,10950,10870,10890,156,0
LPP,60,20230104,140000,10880,10900,10830,10830,160,0
LPP,60,20230104,150000,10860,10910,10820,10910,202,0
LPP,60,20230104,160000,10870,10900,10840,10870,151,0
LPP,60,20230104,170000,10900,10960,10860,10960,748,0
LPP,60,20230105,100000,10970,11280,10860,11120,296,0
LPP,60,20230105,110000,11160,11190,11090,11160,159,0
LPP,60,20230105,120000,11150,11210,11150,11200,168,0
LPP,60,20230105,130000,11170,11250,11160,11250,93,0
LPP,60,20230105,140000,11250,11390,11210,11240,273,0
LPP,60,20230105,150000,11240,11240,11060,11160,257,0
LPP,60,20230105,160000,11130,11250,11100,11110,202,0
LPP,60,20230105,170000,11110,11280,11100,11190,722,0
LPP,60,20230109,100000,11330,11380,11080,11180,258,0
LPP,60,20230109,110000,11180,11310,11170,11170,261,0
LPP,60,20230109,120000,11140,11220,11120,11160,121,0
LPP,60,20230109,130000,11170,11200,11150,11180,281,0
LPP,60,20230109,140000,11200,11270,11170,11250,250,0
LPP,60,20230109,150000,11240,11440,11220,11410,230,0
LPP,60,20230109,160000,11420,11500,11400,11500,227,0
LPP,60,20230109,170000,11500,11770,11480,11730,1022,0
LPP,60,20230110,100000,11600,11710,11320,11450,613,0
LPP,60,20230110,110000,11440,11650,11340,11650,485,0
LPP,60,20230110,120000,11640,11760,11630,11660,215,0
LPP,60,20230110,130000,11660,11660,11560,11570,132,0
LPP,60,20230110,140000,11570,11650,11570,11650,96,0
LPP,60,20230110,150000,11660,11720,11650,11660,205,0
LPP,60,20230110,160000,11670,11980,11670,11980,453,0
LPP,60,20230110,170000,11960,12630,11960,12530,2487,0
LPP,60,20230111,100000,12010,12460,11680,12130,732,0
LPP,60,20230111,110000,12100,12130,11610,11650,1998,0
LPP,60,20230111,120000,11650,11680,11450,11480,652,0
LPP,60,20230111,130000,11500,11630,11470,11630,348,0
LPP,60,20230111,140000,11630,11650,11570,11600,198,0
LPP,60,20230111,150000,11580,11680,11540,11540,262,0
LPP,60,20230111,160000,11550,11590,11370,11420,656,0
LPP,60,20230111,170000,11410,11500,11390,11440,1098,0
LPP,60,20230112,100000,11390,11390,10740,10980,2317,0
LPP,60,20230112,110000,10990,11100,10890,10950,1618,0
LPP,60,20230112,120000,10950,10950,10840,10950,1077,0
LPP,60,20230112,130000,10920,10950,10890,10940,1118,0
LPP,60,20230112,140000,10930,10950,10840,10890,473,0
LPP,60,20230112,150000,10890,10900,10820,10890,1600,0
LPP,60,20230112,160000,10890,10890,10710,10750,713,0
LPP,60,20230112,170000,10770,10800,10700,10750,1159,0
LPP,60,20230113,100000,10710,10780,10610,10750,404,0
LPP,60,20230113,110000,10750,10800,10710,10790,629,0
LPP,60,20230113,120000,10760,10780,10730,10740,691,0
LPP,60,20230113,130000,10750,10750,10670,10670,383,0
LPP,60,20230113,140000,10690,10700,10640,10680,186,0
LPP,60,20230113,150000,10680,10680,10630,10650,132,0
LPP,60,20230113,160000,10650,10690,10520,10690,478,0
LPP,60,20230113,170000,10690,10690,10540,10540,674,0
LPP,60,20230116,100000,10540,10710,10540,10570,410,0
LPP,60,20230116,110000,10600,10650,10570,10600,624,0
LPP,60,20230116,120000,10610,10610,10580,10580,678,0
LPP,60,20230116,130000,10570,10600,10550,10590,533,0
LPP,60,20230116,140000,10590,10730,10580,10720,1521,0
LPP,60,20230116,150000,10720,10740,10690,10730,299,0
LPP,60,20230116,160000,10690,10790,10670,10700,613,0
LPP,60,20230116,170000,10720,10750,10680,10750,1188,0
LPP,60,20230117,100000,10750,10750,10620,10650,266,0
LPP,60,20230117,110000,10650,10700,10650,10680,282,0
LPP,60,20230117,120000,10680,10680,10560,10600,299,0
LPP,60,20230117,130000,10570,10600,10550,10560,424,0
LPP,60,20230117,140000,10590,10590,10450,10470,237,0
LPP,60,20230117,150000,10470,10660,10420,10590,395,0
LPP,60,20230117,160000,10590,10590,10510,10550,908,0
LPP,60,20230117,170000,10550,10550,10530,10550,1255,0
LPP,60,20230118,100000,10630,10630,10350,10480,502,0
LPP,60,20230118,110000,10490,10550,10490,10530,308,0
LPP,60,20230118,120000,10540,10550,10460,10530,159,0
LPP,60,20230118,130000,10500,10510,10410,10480,393,0
LPP,60,20230118,140000,10500,10500,10440,10470,203,0
LPP,60,20230118,150000,10470,10540,10460,10510,1489,0
LPP,60,20230118,160000,10530,10720,10510,10600,965,0
LPP,60,20230118,170000,10610,10630,10520,10600,1515,0
LPP,60,20230119,100000,10540,10550,10420,10510,197,0
LPP,60,20230119,110000,10480,10550,10460,10480,125,0
LPP,60,20230119,120000,10450,10490,10290,10350,414,0
LPP,60,20230119,130000,10350,10390,10210,10270,291,0
LPP,60,20230119,140000,10270,10370,10270,10290,129,0
LPP,60,20230119,150000,10310,10350,10240,10320,144,0
LPP,60,20230119,160000,10290,10500,10290,10500,524,0
LPP,60,20230119,170000,10490,10500,10400,10440,1125,0
LPP,60,20230120,100000,10440,10510,10400,10500,102,0
LPP,60,20230120,110000,10500,10620,10500,10580,202,0
LPP,60,20230120,120000,10560,10600,10510,10570,177,0
LPP,60,20230120,130000,10530,10570,10490,10500,155,0
LPP,60,20230120,140000,10530,10560,10500,10520,63,0
LPP,60,20230120,150000,10510,10530,10470,10470,64,0
LPP,60,20230120,160000,10470,10540,10460,10540,203,0
LPP,60,20230120,170000,10500,10610,10500,10600,1153,0
LPP,60,20230123,100000,10640,10660,10420,10490,247,0
LPP,60,20230123,110000,10480,10510,10440,10490,393,0
LPP,60,20230123,120000,10480,10510,10460,10510,107,0
LPP,60,20230123,130000,10490,10520,10410,10510,362,0
LPP,60,20230123,140000,10510,10510,10490,10500,133,0
LPP,60,20230123,150000,10510,10510,10460,10490,91,0
LPP,60,20230123,160000,10490,10590,10460,10570,338,0
LPP,60,20230123,170000,10560,10620,10540,10610,485,0
LPP,60,20230124,100000,10550,10590,10520,10540,174,0
LPP,60,20230124,110000,10540,10560,10430,10460,758,0
LPP,60,20230124,120000,10460,10550,10460,10500,176,0
LPP,60,20230124,130000,10500,10550,10460,10550,130,0
LPP,60,20230124,140000,10550,10550,10500,10500,59,0
LPP,60,20230124,150000,10500,10550,10490,10490,70,0
LPP,60,20230124,160000,10480,10530,10470,10500,297,0
LPP,60,20230124,170000,10500,10540,10480,10510,439,0
LPP,60,20230125,100000,10480,10550,10370,10440,588,0
LPP,60,20230125,110000,10470,10470,10340,10340,132,0
LPP,60,20230125,120000,10340,10410,10310,10410,176,0
LPP,60,20230125,130000,10410,10410,10360,10370,71,0
LPP,60,20230125,140000,10390,10420,10390,10410,44,0
LPP,60,20230125,150000,10420,10430,10370,10370,111,0
LPP,60,20230125,160000,10360,10440,10350,10380,190,0
LPP,60,20230125,170000,10360,10430,10360,10380,411,0
LPP,60,20230126,100000,10330,10420,10330,10360,101,0
LPP,60,20230126,110000,10360,10380,10330,10380,105,0
LPP,60,20230126,120000,10380,10390,10320,10330,274,0
LPP,60,20230126,130000,10330,10390,10330,10390,98,0
LPP,60,20230126,140000,10370,10400,10320,10370,455,0
LPP,60,20230126,150000,10380,10400,10370,10390,277,0
LPP,60,20230126,160000,10400,10460,10380,10380,399,0
LPP,60,20230126,170000,10400,10400,10370,10390,780,0
LPP,60,20230127,100000,10300,10360,10130,10170,455,0
LPP,60,20230127,110000,10180,10200,10110,10120,552,0
LPP,60,20230127,120000,10150,10150,10110,10150,425,0
LPP,60,20230127,130000,10150,10160,10130,10140,371,0
LPP,60,20230127,140000,10150,10230,10150,10230,215,0
LPP,60,20230127,150000,10230,10310,10230,10310,278,0
LPP,60,20230127,160000,10310,10340,10250,10310,269,0
LPP,60,20230127,170000,10330,10400,10300,10400,1104,0
LPP,60,20230130,100000,10400,10400,10170,10230,292,0
LPP,60,20230130,110000,10230,10260,10200,10250,192,0
LPP,60,20230130,120000,10230,10250,10180,10200,135,0
LPP,60,20230130,130000,10190,10230,10190,10220,85,0
LPP,60,20230130,140000,10220,10240,10200,10220,169,0
LPP,60,20230130,150000,10210,10230,10200,10200,79,0
LPP,60,20230130,160000,10210,10220,10200,10220,97,0
LPP,60,20230130,170000,10200,10230,10170,10220,555,0
LPP,60,20230131,100000,10200,10210,10000,10050,689,0
LPP,60,20230131,110000,10050,10150,10020,10150,330,0
LPP,60,20230131,120000,10120,10120,10060,10090,256,0
LPP,60,20230131,130000,10080,10110,10030,10090,218,0
LPP,60,20230131,140000,10080,10140,10060,10090,312,0
LPP,60,20230131,150000,10080,10150,10060,10110,267,0
LPP,60,20230131,160000,10120,10190,10080,10140,538,0
LPP,60,20230131,170000,10140,10190,10120,10120,2407,0
LPP,60,20230201,100000,10070,10190,9905,9970,675,0
LPP,60,20230201,110000,9985,10060,9970,10030,278,0
LPP,60,20230201,120000,10030,10040,9975,10020,327,0
LPP,60,20230201,130000,10020,10070,10020,10050,70,0
LPP,60,20230201,140000,10060,10100,10030,10100,72,0
LPP,60,20230201,150000,10070,10100,10040,10100,110,0
LPP,60,20230201,160000,10100,10170,10080,10150,399,0
LPP,60,20230201,170000,10120,10140,10040,10090,643,0
LPP,60,20230202,100000,10110,10220,10050,10130,287,0
LPP,60,20230202,110000,10130,10220,10070,10170,338,0
LPP,60,20230202,120000,10170,10220,10160,10170,142,0
LPP,60,20230202,130000,10170,10220,10120,10220,121,0
LPP,60,20230202,140000,10220,10290,10160,10260,174,0
LPP,60,20230202,150000,10260,10430,10260,10400,270,0
LPP,60,20230202,160000,10390,10400,10290,10290,240,0
LPP,60,20230202,170000,10290,10380,10260,10280,1177,0
LPP,60,20230203,100000,10230,10230,10160,10210,266,0
LPP,60,20230203,110000,10210,10270,10190,10270,229,0
LPP,60,20230203,120000,10270,10270,10250,10250,157,0
LPP,60,20230203,130000,10250,10270,10250,10270,233,0
LPP,60,20230203,140000,10260,10270,10250,10270,151,0
LPP,60,20230203,150000,10250,10420,10250,10390,642,0
LPP,60,20230203,160000,10390,10420,10340,10390,400,0
LPP,60,20230203,170000,10370,10400,10330,10350,632,0
LPP,60,20230206,100000,10350,10350,10260,10300,93,0
LPP,60,20230206,110000,10280,10280,10140,10220,224,0
LPP,60,20230206,120000,10220,10220,10100,10130,296,0
LPP,60,20230206,130000,10150,10190,10130,10130,154,0
LPP,60,20230206,140000,10130,10220,10130,10210,148,0
LPP,60,20230206,150000,10210,10220,10130,10130,133,0
LPP,60,20230206,160000,10160,10210,10140,10170,224,0
LPP,60,20230206,170000,10190,10190,10120,10120,722,0
LPP,60,20230207,100000,10120,10160,10060,10100,384,0
LPP,60,20230207,110000,10100,10140,10100,10120,51,0
LPP,60,20230207,120000,10110,10150,10080,10080,94,0
LPP,60,20230207,130000,10100,10140,10080,10110,202,0
LPP,60,20230207,140000,10110,10140,10090,10130,92,0
LPP,60,20230207,150000,10130,10140,10090,10110,71,0
LPP,60,20230207,160000,10110,10120,10050,10100,250,0
LPP,60,20230207,170000,10100,10140,10060,10120,669,0
LPP,60,20230208,100000,10130,10140,10070,10140,181,0
LPP,60,20230208,110000,10140,10170,10100,10150,426,0
LPP,60,20230208,120000,10150,10170,10140,10160,120,0
LPP,60,20230208,130000,10170,10210,10150,10170,353,0
LPP,60,20230208,140000,10170,10180,10150,10170,189,0
LPP,60,20230208,150000,10170,10180,10150,10180,160,0
LPP,60,20230208,160000,10170,10170,10080,10080,122,0
LPP,60,20230208,170000,10080,10140,10050,10100,444,0
LPP,60,20230209,100000,10030,10110,10030,10070,266,0
LPP,60,20230209,110000,10080,10110,10070,10070,205,0
LPP,60,20230209,120000,10080,10110,10060,10100,181,0
LPP,60,20230209,130000,10100,10100,10070,10070,24,0
LPP,60,20230209,140000,10070,10100,10060,10100,148,0
LPP,60,20230209,150000,10080,10130,10070,10130,218,0
LPP,60,20230209,160000,10100,10130,10050,10080,180,0
LPP,60,20230209,170000,10060,10130,10060,10090,513,0
LPP,60,20230210,100000,10030,10030,9830,9840,453,0
LPP,60,20230210,110000,9845,9895,9810,9820,519,0
LPP,60,20230210,120000,9820,9855,9620,9700,408,0
LPP,60,20230210,130000,9690,9790,9650,9745,445,0
LPP,60,20230210,140000,9735,9785,9710,9760,240,0
LPP,60,20230210,150000,9765,9800,9625,9665,654,0
LPP,60,20230210,160000,9685,9750,9660,9660,615,0
LPP,60,20230210,170000,9655,9735,9620,9655,893,0
LPP,60,20230213,100000,9630,9750,9510,9555,683,0
LPP,60,20230213,110000,9595,9700,9595,9635,171,0
LPP,60,20230213,120000,9650,9690,9635,9675,132,0
LPP,60,20230213,130000,9675,9700,9640,9690,80,0
LPP,60,20230213,140000,9690,9770,9680,9750,195,0
LPP,60,20230213,150000,9755,9870,9750,9845,184,0
LPP,60,20230213,160000,9850,9910,9795,9910,330,0
LPP,60,20230213,170000,9920,9940,9805,9840,408,0
LPP,60,20230214,100000,9840,9965,9750,9790,156,0
LPP,60,20230214,110000,9790,9795,9750,9765,76,0
LPP,60,20230214,120000,9765,9870,9760,9850,110,0
LPP,60,20230214,130000,9860,9860,9795,9800,60,0
LPP,60,20230214,140000,9800,9805,9780,9805,81,0
LPP,60,20230214,150000,9810,9840,9765,9765,421,0
LPP,60,20230214,160000,9780,9805,9710,9800,357,0
LPP,60,20230214,170000,9805,9830,9750,9795,472,0
LPP,60,20230215,100000,9790,9815,9725,9805,113,0
LPP,60,20230215,110000,9835,9860,9790,9850,87,0
LPP,60,20230215,120000,9840,9840,9780,9800,82,0
LPP,60,20230215,130000,9785,9910,9785,9875,151,0
LPP,60,20230215,140000,9875,9875,9850,9850,15,0
LPP,60,20230215,150000,9870,9870,9790,9835,163,0
LPP,60,20230215,160000,9830,9935,9805,9805,247,0
LPP,60,20230215,170000,9830,10010,9830,9970,624,0
LPP,60,20230216,100000,9950,9950,9725,9805,294,0
LPP,60,20230216,110000,9840,9870,9765,9785,188,0
LPP,60,20230216,120000,9805,9910,9805,9885,75,0
LPP,60,20230216,130000,9860,9885,9740,9850,365,0
LPP,60,20230216,140000,9850,9870,9785,9785,143,0
LPP,60,20230216,150000,9800,9815,9710,9735,239,0
LPP,60,20230216,160000,9735,9820,9725,9820,164,0
LPP,60,20230216,170000,9830,9880,9785,9850,491,0
LPP,60,20230217,100000,9730,9835,9620,9725,337,0
LPP,60,20230217,110000,9710,9830,9680,9800,183,0
LPP,60,20230217,120000,9800,9910,9780,9910,87,0
LPP,60,20230217,130000,9910,9910,9825,9885,74,0
LPP,60,20230217,140000,9890,9905,9860,9860,78,0
LPP,60,20230217,150000,9870,9965,9855,9965,161,0
LPP,60,20230217,160000,9965,10010,9915,9915,250,0
LPP,60,20230217,170000,9915,9985,9915,9985,273,0
LPP,60,20230220,100000,10040,10040,9900,9960,585,0
LPP,60,20230220,110000,9975,9980,9945,9955,692,0
LPP,60,20230220,120000,9960,9975,9950,9950,38,0
LPP,60,20230220,130000,9950,9965,9950,9960,56,0
LPP,60,20230220,140000,9960,9965,9950,9965,45,0
LPP,60,20230220,150000,9950,9970,9950,9965,95,0
LPP,60,20230220,160000,9965,9965,9835,9850,315,0
LPP,60,20230220,170000,9835,9925,9835,9905,393,0
LPP,60,20230221,100000,9820,9820,9630,9690,275,0
LPP,60,20230221,110000,9700,9780,9675,9780,51,0
LPP,60,20230221,120000,9725,9735,9705,9705,26,0
LPP,60,20230221,130000,9725,9760,9700,9700,58,0
LPP,60,20230221,140000,9700,9750,9700,9750,183,0
LPP,60,20230221,150000,9750,9950,9750,9950,236,0
LPP,60,20230221,160000,9970,10020,9870,9895,386,0
LPP,60,20230221,170000,9895,9995,9815,9880,468,0
LPP,60,20230222,100000,9600,9895,9545,9620,331,0
LPP,60,20230222,110000,9610,9630,9450,9535,469,0
LPP,60,20230222,120000,9545,9660,9525,9615,222,0
LPP,60,20230222,130000,9615,9700,9550,9595,220,0
LPP,60,20230222,140000,9590,9655,9590,9600,220,0
LPP,60,20230222,150000,9620,9625,9580,9620,501,0
LPP,60,20230222,160000,9620,9625,9570,9575,614,0
LPP,60,20230222,170000,9555,9600,9510,9600,441,0
LPP,60,20230223,100000,9560,9635,9510,9520,308,0
LPP,60,20230223,110000,9555,9610,9535,9575,227,0
LPP,60,20230223,120000,9555,9570,9470,9510,342,0
LPP,60,20230223,130000,9530,9545,9470,9515,342,0
LPP,60,20230223,140000,9505,9535,9495,9530,106,0
LPP,60,20230223,150000,9530,9545,9490,9525,168,0
LPP,60,20230223,160000,9530,9545,9500,9525,174,0
LPP,60,20230223,170000,9535,9575,9510,9515,520,0
LPP,60,20230224,100000,9550,9550,9475,9485,83,0
LPP,60,20230224,110000,9485,9505,9410,9500,272,0
LPP,60,20230224,120000,9505,9520,9505,9510,49,0
LPP,60,20230224,130000,9520,9525,9490,9490,191,0
LPP,60,20230224,140000,9505,9510,9455,9510,209,0
LPP,60,20230224,150000,9510,9525,9405,9480,211,0
LPP,60,20230224,160000,9465,9475,9435,9475,82,0
LPP,60,20230224,170000,9490,9500,9415,9435,442,0
LPP,60,20230227,100000,9435,9440,9385,9400,99,0
LPP,60,20230227,110000,9420,9420,9350,9385,86,0
LPP,60,20230227,120000,9370,9385,9310,9355,212,0
LPP,60,20230227,130000,9385,9420,9350,9420,147,0
LPP,60,20230227,140000,9420,9520,9420,9515,230,0
LPP,60,20230227,150000,9510,9710,9500,9620,237,0
LPP,60,20230227,160000,9650,9710,9625,9705,161,0
LPP,60,20230227,170000,9710,9715,9585,9585,320,0
LPP,60,20230228,100000,9500,9545,9450,9485,141,0
LPP,60,20230228,110000,9485,9555,9440,9455,258,0
LPP,60,20230228,120000,9455,9500,9455,9465,134,0
LPP,60,20230228,130000,9460,9520,9445,9520,189,0
LPP,60,20230228,140000,9520,9530,9475,9475,160,0
LPP,60,20230228,150000,9495,9495,9340,9365,335,0
LPP,60,20230228,160000,9375,9420,9320,9330,218,0
LPP,60,20230228,170000,9340,9420,9310,9420,1889,0
LPP,60,20230301,100000,9400,9480,9335,9380,217,0
LPP,60,20230301,110000,9385,9400,9270,9380,329,0
LPP,60,20230301,120000,9385,9470,9385,9425,259,0
LPP,60,20230301,130000,9405,9480,9405,9455,121,0
LPP,60,20230301,140000,9455,9475,9430,9450,147,0
LPP,60,20230301,150000,9440,9535,9415,9500,291,0
LPP,60,20230301,160000,9495,9585,9440,9585,220,0
LPP,60,20230301,170000,9545,9620,9520,9610,634,0
LPP,60,20230302,100000,9455,9735,9455,9705,507,0
LPP,60,20230302,110000,9720,9740,9610,9650,377,0
LPP,60,20230302,120000,9640,9660,9575,9615,202,0
LPP,60,20230302,130000,9615,9655,9565,9575,154,0
LPP,60,20230302,140000,9585,9645,9560,9560,209,0
LPP,60,20230302,150000,9570,9575,9470,9470,131,0
LPP,60,20230302,160000,9465,9510,9430,9495,207,0
LPP,60,20230302,170000,9490,9535,9370,9440,557,0
LPP,60,20230303,100000,9410,9585,9410,9560,319,0
LPP,60,20230303,110000,9570,9660,9570,9630,456,0
LPP,60,20230303,120000,9645,9730,9645,9690,174,0
LPP,60,20230303,130000,9660,9685,9650,9665,377,0
LPP,60,20230303,140000,9665,9670,9650,9650,98,0
LPP,60,20230303,150000,9665,9670,9555,9565,238,0
LPP,60,20230303,160000,9570,9655,9560,9620,309,0
LPP,60,20230303,170000,9620,9665,9580,9650,330,0
LPP,60,20230306,100000,9650,9700,9630,9660,96,0
LPP,60,20230306,110000,9660,9765,9635,9740,181,0
LPP,60,20230306,120000,9740,9805,9730,9780,184,0
LPP,60,20230306,130000,9780,9800,9710,9725,139,0
LPP,60,20230306,140000,9720,9780,9670,9765,199,0
LPP,60,20230306,150000,9755,9890,9720,9845,217,0
LPP,60,20230306,160000,9850,9905,9820,9825,134,0
LPP,60,20230306,170000,9820,9940,9810,9810,500,0
LPP,60,20230307,100000,9750,9750,9655,9665,189,0
LPP,60,20230307,110000,9675,9835,9675,9815,167,0
LPP,60,20230307,120000,9820,9895,9805,9810,222,0
LPP,60,20230307,130000,9805,9810,9725,9765,77,0
LPP,60,20230307,140000,9750,9750,9730,9735,66,0
LPP,60,20230307,150000,9740,9940,9740,9905,212,0
LPP,60,20230307,160000,9905,9995,9840,9905,304,0
LPP,60,20230307,170000,9905,9905,9800,9800,400,0
LPP,60,20230308,100000,9795,9810,9720,9790,56,0
LPP,60,20230308,110000,9790,9800,9710,9765,126,0
LPP,60,20230308,120000,9790,9810,9740,9775,216,0
LPP,60,20230308,130000,9760,9765,9710,9715,50,0
LPP,60,20230308,140000,9710,9725,9640,9725,173,0
LPP,60,20230308,150000,9735,9780,9690,9780,266,0
LPP,60,20230308,160000,9760,9820,9720,9820,253,0
LPP,60,20230308,170000,9820,9850,9750,9815,413,0
LPP,60,20230309,100000,9890,9905,9615,9655,560,0
LPP,60,20230309,110000,9640,9705,9640,9680,163,0
LPP,60,20230309,120000,9680,9695,9640,9675,185,0
LPP,60,20230309,130000,9655,9670,9625,9645,58,0
LPP,60,20230309,140000,9625,9645,9560,9595,254,0
LPP,60,20230309,150000,9615,9715,9590,9715,97,0
LPP,60,20230309,160000,9685,9700,9610,9650,205,0
LPP,60,20230309,170000,9640,9640,9535,9535,703,0
LPP,60,20230310,100000,9490,9500,9320,9380,473,0
LPP,60,20230310,110000,9350,9490,9350,9450,279,0
LPP,60,20230310,120000,9465,9485,9420,9435,203,0
LPP,60,20230310,130000,9435,9490,9430,9475,209,0
LPP,60,20230310,140000,9455,9480,9450,9465,102,0
LPP,60,20230310,150000,9460,9505,9370,9435,350,0
LPP,60,20230310,160000,9430,9505,9330,9390,367,0
LPP,60,20230310,170000,9390,9470,9390,9430,536,0
LPP,60,20230313,100000,9400,9495,9200,9240,369,0
LPP,60,20230313,110000,9250,9260,9100,9145,493,0
LPP,60,20230313,120000,9130,9215,9105,9215,454,0
LPP,60,20230313,130000,9210,9355,9190,9255,309,0
LPP,60,20230313,140000,9240,9310,9155,9240,325,0
LPP,60,20230313,150000,9255,9340,9215,9275,129,0
LPP,60,20230313,160000,9290,9350,9195,9240,276,0
LPP,60,20230313,170000,9245,9320,9195,9195,642,0
LPP,60,20230314,100000,9195,9265,9175,9265,89,0
LPP,60,20230314,110000,9245,9290,9100,9255,325,0
LPP,60,20230314,120000,9255,9330,9245,9300,329,0
LPP,60,20230314,130000,9310,9375,9280,9315,135,0
LPP,60,20230314,140000,9355,9365,9230,9315,298,0
LPP,60,20230314,150000,9350,9505,9350,9500,579,0
LPP,60,20230314,160000,9520,9590,9500,9540,336,0
LPP,60,20230314,170000,9505,9505,9275,9300,675,0
LPP,60,20230315,100000,9300,9445,9240,9410,62,0
LPP,60,20230315,110000,9360,9385,9240,9270,64,0
LPP,60,20230315,120000,9270,9270,9065,9105,351,0
LPP,60,20230315,130000,9100,9170,9100,9100,260,0
LPP,60,20230315,140000,9130,9130,9060,9090,133,0
LPP,60,20230315,150000,9080,9180,9060,9170,219,0
LPP,60,20230315,160000,9140,9235,9135,9225,231,0
LPP,60,20230315,170000,9225,9290,9135,9145,557,0
LPP,60,20230316,100000,9160,9250,9095,9100,146,0
LPP,60,20230316,110000,9100,9185,9050,9105,188,0
LPP,60,20230316,120000,9105,9170,9030,9170,340,0
LPP,60,20230316,130000,9150,9150,9025,9060,157,0
LPP,60,20230316,140000,9050,9090,9000,9090,214,0
LPP,60,20230316,150000,9060,9215,9015,9195,326,0
LPP,60,20230316,160000,9190,9260,9145,9260,239,0
LPP,60,20230316,170000,9270,9340,9205,9270,858,0
LPP,60,20230317,100000,9405,9405,9260,9260,128,0
LPP,60,20230317,110000,9250,9305,9220,9280,104,0
LPP,60,20230317,120000,9280,9380,9210,9335,272,0
LPP,60,20230317,130000,9310,9360,9280,9360,134,0
LPP,60,20230317,140000,9365,9380,9250,9380,152,0
LPP,60,20230317,150000,9380,9380,9225,9255,145,0
LPP,60,20230317,160000,9255,9345,9245,9315,491,0
LPP,60,20230317,170000,9310,9310,9135,9215,3694,0
LPP,60,20230320,100000,9215,9295,9020,9205,220,0
LPP,60,20230320,110000,9210,9270,9200,9270,77,0
LPP,60,20230320,120000,9245,9320,9230,9285,182,0
LPP,60,20230320,130000,9270,9285,9245,9270,151,0
LPP,60,20230320,140000,9255,9275,9240,9270,115,0
LPP,60,20230320,150000,9250,9250,9135,9140,193,0
LPP,60,20230320,160000,9150,9225,9150,9205,154,0
LPP,60,20230320,170000,9230,9290,9210,9290,272,0
LPP,60,20230321,100000,9290,9290,9165,9185,180,0
LPP,60,20230321,110000,9185,9245,9175,9245,55,0
LPP,60,20230321,120000,9245,9245,9165,9190,318,0
LPP,60,20230321,130000,9190,9325,9170,9300,224,0
LPP,60,20230321,140000,9285,9330,9250,9275,256,0
LPP,60,20230321,150000,9275,9335,9260,9335,202,0
LPP,60,20230321,160000,9325,9355,9250,9250,292,0
LPP,60,20230321,170000,9245,9365,9245,9305,450,0
LPP,60,20230322,100000,9250,9250,9135,9145,229,0
LPP,60,20230322,110000,9160,9235,9135,9200,188,0
LPP,60,20230322,120000,9195,9210,9185,9185,82,0
LPP,60,20230322,130000,9190,9250,9160,9185,119,0
LPP,60,20230322,140000,9195,9220,9160,9190,86,0
LPP,60,20230322,150000,9175,9235,9160,9235,190,0
LPP,60,20230322,160000,9215,9260,9165,9250,189,0
LPP,60,20230322,170000,9245,9300,9215,9285,422,0
LPP,60,20230323,100000,9250,9250,9145,9215,153,0
LPP,60,20230323,110000,9205,9215,9160,9195,44,0
LPP,60,20230323,120000,9200,9240,9170,9240,126,0
LPP,60,20230323,130000,9225,9250,9215,9225,37,0
LPP,60,20230323,140000,9225,9245,9225,9245,59,0
LPP,60,20230323,150000,9250,9285,9240,9255,65,0
LPP,60,20230323,160000,9275,9430,9255,9420,258,0
LPP,60,20230323,170000,9425,9455,9250,9390,414,0
LPP,60,20230324,100000,9300,9470,9270,9425,423,0
LPP,60,20230324,110000,9425,9465,9350,9350,123,0
LPP,60,20230324,120000,9315,9420,9315,9410,123,0
LPP,60,20230324,130000,9435,9465,9390,9425,96,0
LPP,60,20230324,140000,9395,9465,9390,9450,132,0
LPP,60,20230324,150000,9445,9445,9335,9385,263,0
LPP,60,20230324,160000,9395,9400,9380,9400,272,0
LPP,60,20230324,170000,9390,9390,9300,9340,513,0
LPP,60,20230327,100000,9410,9410,9300,9365,131,0
LPP,60,20230327,110000,9365,9420,9335,9385,163,0
LPP,60,20230327,120000,9385,9450,9385,9410,121,0
LPP,60,20230327,130000,9425,9465,9415,9465,87,0
LPP,60,20230327,140000,9465,9545,9460,9525,191,0
LPP,60,20230327,150000,9530,9615,9520,9590,130,0
LPP,60,20230327,160000,9600,9755,9600,9750,445,0
LPP,60,20230327,170000,9760,9770,9585,9585,676,0
LPP,60,20230328,100000,9590,9685,9505,9560,149,0
LPP,60,20230328,110000,9525,9545,9410,9465,589,0
LPP,60,20230328,120000,9470,9475,9385,9410,390,0
LPP,60,20230328,130000,9410,9410,9330,9380,226,0
LPP,60,20230328,140000,9375,9415,9360,9375,167,0
LPP,60,20230328,150000,9370,9385,9265,9265,354,0
LPP,60,20230328,160000,9280,9340,9230,9340,676,0
LPP,60,20230328,170000,9345,9410,9340,9345,747,0
LPP,60,20230329,100000,9460,9460,9390,9415,180,0
LPP,60,20230329,110000,9405,9435,9310,9340,532,0
LPP,60,20230329,120000,9340,9350,9310,9320,80,0
LPP,60,20230329,130000,9325,9330,9280,9300,418,0
LPP,60,20230329,140000,9300,9305,9280,9290,121,0
LPP,60,20230329,150000,9285,9305,9260,9305,294,0
LPP,60,20230329,160000,9310,9340,9305,9325,131,0
LPP,60,20230329,170000,9330,9390,9305,9365,588,0
LPP,60,20230330,100000,9275,9345,9110,9270,825,0
LPP,60,20230330,110000,9270,9450,9240,9450,289,0
LPP,60,20230330,120000,9450,9450,9385,9385,79,0
LPP,60,20230330,130000,9405,9455,9400,9455,158,0
LPP,60,20230330,140000,9455,9505,9430,9460,147,0
LPP,60,20230330,150000,9455,9565,9440,9525,292,0
LPP,60,20230330,160000,9510,9540,9440,9505,109,0
LPP,60,20230330,170000,9515,9605,9500,9600,555,0
LPP,60,20230331,100000,9650,9720,9560,9655,292,0
LPP,60,20230331,110000,9660,9660,9630,9645,85,0
LPP,60,20230331,120000,9630,9675,9630,9665,52,0
LPP,60,20230331,130000,9655,9670,9645,9645,61,0
LPP,60,20230331,140000,9665,9665,9630,9635,57,0
LPP,60,20230331,150000,9655,9670,9635,9635,58,0
LPP,60,20230331,160000,9655,9695,9650,9690,113,0
LPP,60,20230331,170000,9690,9690,9525,9580,876,0
LPP,60,20230403,100000,9560,9715,9520,9690,319,0
LPP,60,20230403,110000,9685,9685,9610,9610,72,0
LPP,60,20230403,120000,9610,9710,9600,9695,65,0
LPP,60,20230403,130000,9675,9700,9670,9700,42,0
LPP,60,20230403,140000,9700,9710,9660,9680,52,0
LPP,60,20230403,150000,9690,9690,9670,9670,23,0
LPP,60,20230403,160000,9660,9685,9650,9670,157,0
LPP,60,20230403,170000,9670,9700,9665,9700,484,0
LPP,60,20230404,100000,9640,9690,9640,9675,30,0
LPP,60,20230404,110000,9660,9670,9640,9645,40,0
LPP,60,20230404,120000,9630,9725,9580,9725,254,0
LPP,60,20230404,130000,9735,9740,9700,9720,36,0
LPP,60,20230404,140000,9705,9725,9680,9725,21,0
LPP,60,20230404,150000,9710,9735,9710,9720,9,0
LPP,60,20230404,160000,9710,9780,9710,9740,167,0
LPP,60,20230404,170000,9750,9770,9730,9730,225,0
LPP,60,20230405,100000,9655,9795,9650,9780,107,0
LPP,60,20230405,110000,9775,9775,9730,9750,104,0
LPP,60,20230405,120000,9750,9750,9705,9735,127,0
LPP,60,20230405,130000,9720,9745,9565,9580,180,0
LPP,60,20230405,140000,9570,9570,9480,9495,227,0
LPP,60,20230405,150000,9490,9530,9460,9490,287,0
LPP,60,20230405,160000,9490,9590,9485,9510,241,0
LPP,60,20230405,170000,9520,9570,9485,9520,552,0
LPP,60,20230406,100000,9465,9565,9400,9450,284,0
LPP,60,20230406,110000,9475,9480,9305,9350,193,0
LPP,60,20230406,120000,9350,9350,9260,9325,156,0
LPP,60,20230406,130000,9305,9315,9255,9275,144,0
LPP,60,20230406,140000,9280,9315,9275,9315,50,0
LPP,60,20230406,150000,9315,9325,9270,9300,83,0
LPP,60,20230406,160000,9310,9320,9270,9320,107,0
LPP,60,20230406,170000,9325,9395,9305,9335,353,0
LPP,60,20230411,100000,9335,9350,9165,9180,610,0
LPP,60,20230411,110000,9180,9245,9175,9215,1296,0
LPP,60,20230411,120000,9215,9315,9205,9310,387,0
LPP,60,20230411,130000,9320,9355,9265,9295,322,0
LPP,60,20230411,140000,9300,9300,9215,9260,275,0
LPP,60,20230411,150000,9265,9280,9210,9230,246,0
LPP,60,20230411,160000,9235,9275,9220,9225,367,0
LPP,60,20230411,170000,9230,9285,9220,9285,573,0
LPP,60,20230412,100000,9225,9320,9225,9285,425,0
LPP,60,20230412,110000,9270,9300,9230,9275,274,0
LPP,60,20230412,120000,9290,9330,9275,9315,193,0
LPP,60,20230412,130000,9305,9410,9305,9360,316,0
LPP,60,20230412,140000,9360,9410,9350,9405,241,0
LPP,60,20230412,150000,9415,9575,9400,9550,273,0
LPP,60,20230412,160000,9550,9690,9550,9660,456,0
LPP,60,20230412,170000,9645,9740,9620,9700,823,0
LPP,60,20230413,100000,9695,9695,9555,9605,456,0
LPP,60,20230413,110000,9590,9665,9585,9610,1579,0
LPP,60,20230413,120000,9610,9645,9600,9640,248,0
LPP,60,20230413,130000,9640,9685,9605,9685,412,0
LPP,60,20230413,140000,9685,9780,9670,9715,383,0
LPP,60,20230413,150000,9720,9805,9700,9735,355,0
LPP,60,20230413,160000,9735,9780,9710,9760,295,0
LPP,60,20230413,170000,9770,9825,9760,9780,1037,0
LPP,60,20230414,100000,9835,9835,9705,9735,740,0
LPP,60,20230414,110000,9735,9750,9670,9710,355,0
LPP,60,20230414,120000,9700,9825,9700,9810,308,0
LPP,60,20230414,130000,9800,9820,9765,9765,247,0
LPP,60,20230414,140000,9760,9775,9725,9775,259,0
LPP,60,20230414,150000,9785,9795,9740,9745,226,0
LPP,60,20230414,160000,9740,9800,9740,9750,323,0
LPP,60,20230414,170000,9760,9780,9710,9750,622,0
LPP,60,20230417,100000,9760,9760,9445,9520,749,0
LPP,60,20230417,110000,9520,9560,9505,9540,272,0
LPP,60,20230417,120000,9540,9570,9505,9545,838,0
LPP,60,20230417,130000,9560,9620,9490,9605,301,0
LPP,60,20230417,140000,9620,9660,9585,9640,529,0
LPP,60,20230417,150000,9655,9665,9590,9595,676,0
LPP,60,20230417,160000,9595,9630,9570,9580,581,0
LPP,60,20230417,170000,9580,9630,9560,9580,1100,0
LPP,60,20230418,100000,9585,9630,9550,9600,284,0
LPP,60,20230418,110000,9610,9825,9610,9820,933,0
LPP,60,20230418,120000,9825,9860,9790,9810,612,0
LPP,60,20230418,130000,9805,9875,9760,9845,460,0
LPP,60,20230418,140000,9845,9865,9810,9820,184,0
LPP,60,20230418,150000,9815,9875,9815,9865,210,0
LPP,60,20230418,160000,9865,9875,9840,9845,391,0
LPP,60,20230418,170000,9845,9860,9815,9835,796,0
LPP,60,20230419,100000,9835,9835,9680,9720,99,0
LPP,60,20230419,110000,9720,9770,9700,9755,229,0
LPP,60,20230419,120000,9750,9780,9715,9745,77,0
LPP,60,20230419,130000,9745,9800,9740,9795,142,0
LPP,60,20230419,140000,9795,9820,9735,9795,232,0
LPP,60,20230419,150000,9795,9860,9780,9850,1001,0
LPP,60,20230419,160000,9855,9900,9820,9825,519,0
LPP,60,20230419,170000,9835,9880,9785,9840,530,0
LPP,60,20230420,100000,9920,10110,9780,10080,584,0
LPP,60,20230420,110000,10100,10150,10050,10060,202,0
LPP,60,20230420,120000,10060,10120,10060,10090,273,0
LPP,60,20230420,130000,10080,10140,10060,10130,187,0
LPP,60,20230420,140000,10130,10150,10100,10130,81,0
LPP,60,20230420,150000,10120,10150,10110,10120,146,0
LPP,60,20230420,160000,10140,10180,10100,10130,228,0
LPP,60,20230420,170000,10140,10140,10040,10080,652,0
LPP,60,20230421,100000,10060,10090,9900,9980,124,0
LPP,60,20230421,110000,10010,10100,10010,10040,111,0
LPP,60,20230421,120000,10060,10110,10050,10070,39,0
LPP,60,20230421,130000,10110,10120,10050,10080,55,0
LPP,60,20230421,140000,10050,10110,10010,10110,97,0
LPP,60,20230421,150000,10090,10230,10080,10200,272,0
LPP,60,20230421,160000,10220,10240,10170,10220,551,0
LPP,60,20230421,170000,10210,10270,10210,10260,753,0
LPP,60,20230424,100000,10170,10250,10130,10250,188,0
LPP,60,20230424,110000,10250,10300,10160,10160,128,0
LPP,60,20230424,120000,10180,10300,10180,10250,103,0
LPP,60,20230424,130000,10290,10290,10250,10250,23,0
LPP,60,20230424,140000,10270,10380,10270,10340,108,0
LPP,60,20230424,150000,10350,10350,10240,10240,94,0
LPP,60,20230424,160000,10240,10310,10220,10310,132,0
LPP,60,20230424,170000,10320,10360,10260,10280,602,0
LPP,60,20230425,100000,10180,10280,10160,10240,71,0
LPP,60,20230425,110000,10230,10270,10160,10200,379,0
LPP,60,20230425,120000,10200,10220,10160,10190,355,0
LPP,60,20230425,130000,10200,10240,10200,10220,104,0
LPP,60,20230425,140000,10210,10240,10100,10100,186,0
LPP,60,20230425,150000,10110,10110,10040,10070,242,0
LPP,60,20230425,160000,10070,10160,10050,10100,331,0
LPP,60,20230425,170000,10100,10160,10000,10010,771,0
LPP,60,20230426,100000,9955,9955,9730,9835,407,0
LPP,60,20230426,110000,9835,10080,9795,10010,300,0
LPP,60,20230426,120000,10020,10050,9990,10000,96,0
LPP,60,20230426,130000,10010,10210,10010,10070,328,0
LPP,60,20230426,140000,10070,10080,9910,9970,234,0
LPP,60,20230426,150000,9965,9980,9905,9980,159,0
LPP,60,20230426,160000,9985,10000,9890,9935,399,0
LPP,60,20230426,170000,9935,10080,9930,10000,853,0
LPP,60,20230427,100000,10420,10780,10300,10650,1775,0
LPP,60,20230427,110000,10630,10820,10530,10780,1029,0
LPP,60,20230427,120000,10790,10880,10760,10820,331,0
LPP,60,20230427,130000,10810,11070,10770,11050,879,0
LPP,60,20230427,140000,11020,11460,11020,11390,1477,0
LPP,60,20230427,150000,11390,11640,11300,11640,1272,0
LPP,60,20230427,160000,11640,11760,11600,11700,2434,0
LPP,60,20230427,170000,11690,11900,11660,11900,2466,0
LPP,60,20230428,100000,12000,12820,11920,12670,4885,0
LPP,60,20230428,110000,12680,12680,12330,12430,1155,0
LPP,60,20230428,120000,12420,12530,11950,11970,1078,0
LPP,60,20230428,130000,11980,12200,11940,12180,344,0
LPP,60,20230428,140000,12190,12210,11960,12140,794,0
LPP,60,20230428,150000,12140,12190,11820,12000,534,0
LPP,60,20230428,160000,11960,12080,11910,11970,397,0
LPP,60,20230428,170000,11990,12040,11860,12000,955,0
LPP,60,20230502,100000,11980,12360,11660,12170,913,0
LPP,60,20230502,110000,12180,12220,12000,12100,293,0
LPP,60,20230502,120000,12080,12270,12060,12240,356,0
LPP,60,20230502,130000,12230,12270,12160,12260,266,0
LPP,60,20230502,140000,12250,12340,12220,12340,292,0
LPP,60,20230502,150000,12310,12350,12250,12350,410,0
LPP,60,20230502,160000,12320,12440,12280,12430,622,0
LPP,60,20230502,170000,12400,12500,12370,12430,1253,0
LPP,60,20230504,100000,12340,12600,12140,12560,534,0
LPP,60,20230504,110000,12560,12580,12490,12550,274,0
LPP,60,20230504,120000,12550,12560,12400,12430,312,0
LPP,60,20230504,130000,12430,12480,12300,12420,216,0
LPP,60,20230504,140000,12420,12450,12340,12390,173,0
LPP,60,20230504,150000,12390,12430,12350,12410,249,0
LPP,60,20230504,160000,12410,12430,12260,12260,505,0
LPP,60,20230504,170000,12280,12280,12010,12200,810,0
LPP,60,20230505,100000,12210,12610,12210,12570,665,0
LPP,60,20230505,110000,12560,12600,12530,12600,210,0
LPP,60,20230505,120000,12570,12640,12540,12640,253,0
LPP,60,20230505,130000,12630,12630,12560,12600,241,0
LPP,60,20230505,140000,12600,12630,12540,12540,186,0
LPP,60,20230505,150000,12540,12570,12480,12560,252,0
LPP,60,20230505,160000,12570,12580,12430,12440,215,0
LPP,60,20230505,170000,12440,12550,12440,12500,359,0
LPP,60,20230508,100000,12590,12650,12500,12550,243,0
LPP,60,20230508,110000,12540,12600,12520,12530,86,0
LPP,60,20230508,120000,12550,12750,12550,12650,167,0
LPP,60,20230508,130000,12640,12660,12590,12650,136,0
LPP,60,20230508,140000,12620,12630,12570,12600,247,0
LPP,60,20230508,150000,12600,12670,12510,12530,175,0
LPP,60,20230508,160000,12520,12620,12450,12480,251,0
LPP,60,20230508,170000,12480,12570,12440,12490,395,0
LPP,60,20230509,100000,12600,12600,12300,12500,294,0
LPP,60,20230509,110000,12520,12550,12450,12450,195,0
LPP,60,20230509,120000,12430,12500,12300,12360,123,0
LPP,60,20230509,130000,12360,12430,12320,12400,112,0
LPP,60,20230509,140000,12380,12420,12310,12370,105,0
LPP,60,20230509,150000,12370,12540,12360,12500,221,0
LPP,60,20230509,160000,12500,12580,12400,12510,326,0
LPP,60,20230509,170000,12540,12560,12470,12520,681,0
LPP,60,20230510,100000,12540,12540,12450,12470,80,0
LPP,60,20230510,110000,12480,12520,12460,12500,164,0
LPP,60,20230510,120000,12500,12510,12420,12420,199,0
LPP,60,20230510,130000,12410,12440,12390,12390,76,0
LPP,60,20230510,140000,12390,12420,12380,12420,102,0
LPP,60,20230510,150000,12400,12490,12280,12480,327,0
LPP,60,20230510,160000,12470,12600,12380,12490,393,0
LPP,60,20230510,170000,12480,12630,12480,12580,597,0
LPP,60,20230511,100000,12470,12490,12420,12470,53,0
LPP,60,20230511,110000,12450,12510,12440,12470,219,0
LPP,60,20230511,120000,12460,12480,12430,12430,266,0
LPP,60,20230511,130000,12420,12420,12280,12330,217,0
LPP,60,20230511,140000,12320,12500,12310,12450,308,0
LPP,60,20230511,150000,12450,12510,12430,12500,215,0
LPP,60,20230511,160000,12460,12520,12440,12500,485,0
LPP,60,20230511,170000,12490,12570,12430,12500,834,0
LPP,60,20230512,100000,12400,12530,12370,12460,180,0
LPP,60,20230512,110000,12460,12770,12460,12670,346,0
LPP,60,20230512,120000,12670,12880,12670,12820,293,0
LPP,60,20230512,130000,12820,13060,12800,13060,389,0
LPP,60,20230512,140000,13050,13050,12920,12980,190,0
LPP,60,20230512,150000,12950,13040,12910,13040,245,0
LPP,60,20230512,160000,13040,13040,12950,13020,362,0
LPP,60,20230512,170000,13000,13030,12920,12920,1038,0
LPP,60,20230515,100000,12970,13170,12900,13110,326,0
LPP,60,20230515,110000,13120,13160,13070,13110,330,0
LPP,60,20230515,120000,13070,13130,13070,13130,74,0
LPP,60,20230515,130000,13130,13130,13070,13120,201,0
LPP,60,20230515,140000,13120,13130,13100,13100,72,0
LPP,60,20230515,150000,13100,13150,13100,13120,326,0
LPP,60,20230515,160000,13100,13160,13090,13110,371,0
LPP,60,20230515,170000,13120,13140,12920,12960,918,0
LPP,60,20230516,100000,12910,13100,12800,13020,157,0
LPP,60,20230516,110000,13050,13080,12770,12770,244,0
LPP,60,20230516,120000,12780,12880,12670,12830,169,0
LPP,60,20230516,130000,12800,12960,12730,12960,341,0
LPP,60,20230516,140000,12940,13020,12890,13020,165,0
LPP,60,20230516,150000,13010,13080,12980,13020,279,0
LPP,60,20230516,160000,13020,13020,12920,12990,289,0
LPP,60,20230516,170000,12990,13010,12920,12980,532,0
LPP,60,20230517,100000,12910,12910,12750,12790,328,0
LPP,60,20230517,110000,12790,12800,12750,12780,118,0
LPP,60,20230517,120000,12780,12810,12750,12810,100,0
LPP,60,20230517,130000,12830,12860,12800,12800,114,0
LPP,60,20230517,140000,12800,12860,12800,12840,110,0
LPP,60,20230517,150000,12840,12850,12800,12800,137,0
LPP,60,20230517,160000,12800,12820,12750,12760,205,0
LPP,60,20230517,170000,12770,12830,12750,12750,673,0
LPP,60,20230518,100000,12840,12930,12760,12800,579,0
LPP,60,20230518,110000,12820,12830,12780,12780,64,0
LPP,60,20230518,120000,12830,12830,12780,12790,98,0
LPP,60,20230518,130000,12790,12790,12740,12740,113,0
LPP,60,20230518,140000,12740,12800,12730,12760,157,0
LPP,60,20230518,150000,12800,12820,12770,12780,159,0
LPP,60,20230518,160000,12750,12800,12730,12730,279,0
LPP,60,20230518,170000,12760,12790,12700,12770,514,0
LPP,60,20230519,100000,12780,12880,12750,12770,56,0
LPP,60,20230519,110000,12790,12900,12730,12900,505,0
LPP,60,20230519,120000,12900,13040,12880,12950,198,0
LPP,60,20230519,130000,12970,13190,12970,13130,233,0
LPP,60,20230519,140000,13120,13130,13020,13080,81,0
LPP,60,20230519,150000,13100,13170,13050,13170,270,0
LPP,60,20230519,160000,13160,13280,13150,13190,418,0
LPP,60,20230519,170000,13150,13390,13150,13300,736,0
LPP,60,20230522,100000,13310,13310,13030,13240,141,0
LPP,60,20230522,110000,13210,13290,13160,13290,161,0
LPP,60,20230522,120000,13280,13280,13190,13200,67,0
LPP,60,20230522,130000,13200,13230,13160,13170,73,0
LPP,60,20230522,140000,13170,13170,13100,13140,168,0
LPP,60,20230522,150000,13150,13390,13150,13330,232,0
LPP,60,20230522,160000,13330,13420,13280,13320,213,0
LPP,60,20230522,170000,13320,13350,13200,13280,566,0
LPP,60,20230523,100000,13250,13520,13190,13500,257,0
LPP,60,20230523,110000,13480,13560,13470,13490,334,0
LPP,60,20230523,120000,13490,13500,13420,13470,158,0
LPP,60,20230523,130000,13450,13470,13350,13380,205,0
LPP,60,20230523,140000,13360,13400,13300,13390,152,0
LPP,60,20230523,150000,13370,13440,13340,13420,181,0
LPP,60,20230523,160000,13420,13440,13370,13370,372,0
LPP,60,20230523,170000,13370,13390,13180,13220,759,0
LPP,60,20230524,100000,13180,13190,12940,12970,353,0
LPP,60,20230524,110000,12980,13020,12980,12990,70,0
LPP,60,20230524,120000,12990,13040,12760,12760,225,0
LPP,60,20230524,130000,12790,12800,12660,12710,238,0
LPP,60,20230524,140000,12720,12730,12650,12660,120,0
LPP,60,20230524,150000,12700,12720,12670,12670,126,0
LPP,60,20230524,160000,12670,12690,12420,12500,421,0
LPP,60,20230524,170000,12500,12550,12420,12450,798,0
LPP,60,20230525,100000,12540,12580,12420,12480,557,0
LPP,60,20230525,110000,12470,12560,12460,12490,276,0
LPP,60,20230525,120000,12500,12600,12420,12550,342,0
LPP,60,20230525,130000,12550,12550,12410,12410,95,0
LPP,60,20230525,140000,12430,12460,12300,12300,295,0
LPP,60,20230525,150000,12300,12340,11990,12290,370,0
LPP,60,20230525,160000,12290,12330,12010,12230,298,0
LPP,60,20230525,170000,12210,12290,12150,12180,811,0
LPP,60,20230526,100000,12000,12210,11920,11970,232,0
LPP,60,20230526,110000,12000,12220,11990,12040,111,0
LPP,60,20230526,120000,12040,12050,11830,11990,865,0
LPP,60,20230526,130000,11990,12300,11950,12250,236,0
LPP,60,20230526,140000,12280,12450,12240,12400,262,0
LPP,60,20230526,150000,12430,12440,12180,12240,242,0
LPP,60,20230526,160000,12230,12440,12210,12390,223,0
LPP,60,20230526,170000,12350,12600,12340,12520,917,0
LPP,60,20230529,100000,12610,12710,12510,12560,55,0
LPP,60,20230529,110000,12600,12630,12560,12570,39,0
LPP,60,20230529,120000,12570,12610,12370,12410,53,0
LPP,60,20230529,130000,12420,12460,12400,12420,47,0
LPP,60,20230529,140000,12400,12490,12400,12420,51,0
LPP,60,20230529,150000,12420,12440,12400,12400,36,0
LPP,60,20230529,160000,12400,12430,12390,12400,90,0
LPP,60,20230529,170000,12400,12430,12330,12390,190,0
LPP,60,20230530,100000,12490,12520,12400,12400,149,0
LPP,60,20230530,110000,12360,12470,12350,12360,131,0
LPP,60,20230530,120000,12390,12430,12340,12340,102,0
LPP,60,20230530,130000,12340,12350,12150,12160,198,0
LPP,60,20230530,140000,12130,12220,12080,12200,150,0
LPP,60,20230530,150000,12220,12250,12170,12240,132,0
LPP,60,20230530,160000,12240,12340,12230,12240,139,0
LPP,60,20230530,170000,12240,12350,12120,12250,464,0
LPP,60,20230531,100000,12030,12140,11950,12140,217,0
LPP,60,20230531,110000,12150,12220,12110,12130,143,0
LPP,60,20230531,120000,12160,12340,12160,12230,220,0
LPP,60,20230531,130000,12200,12240,12180,12180,173,0
LPP,60,20230531,140000,12180,12210,12110,12110,211,0
LPP,60,20230531,150000,12110,12230,12020,12120,277,0
LPP,60,20230531,160000,12100,12160,12030,12080,295,0
LPP,60,20230531,170000,12080,12150,12000,12000,4994,0
