<TICKER>,<PER>,<DATE>,<TIME>,<OPEN>,<HIGH>,<LOW>,<CLOSE>,<VOL>,<OPENINT>
MBK,60,20220804,100000,214.4,217.6,214,214,1954,0
MBK,60,20220804,110000,213.8,216.4,211.6,214.2,3560,0
MBK,60,20220804,120000,214.2,217,213.6,216.4,1997,0
MBK,60,20220804,130000,215.4,220,215.4,219,1843,0
MBK,60,20220804,140000,219.6,219.6,216.8,217,2239,0
MBK,60,20220804,150000,217.4,219.6,217,217.4,2440,0
MBK,60,20220804,160000,217.2,219.6,215.8,218.2,4693,0
MBK,60,20220804,170000,218.2,218.8,215.4,216,8704,0
MBK,60,20220805,100000,215,220.6,214,220,3086,0
MBK,60,20220805,110000,220.8,221,217.2,218,2217,0
MBK,60,20220805,120000,218.6,219.2,217.4,218.2,3883,0
MBK,60,20220805,130000,218,218.6,216.2,218.6,4510,0
MBK,60,20220805,140000,218.2,219,217.6,218.4,2132,0
MBK,60,20220805,150000,218,218.4,215.2,215.8,7947,0
MBK,60,20220805,160000,215.6,216.2,213.2,216,7980,0
MBK,60,20220805,170000,216.2,218.8,216.2,217.8,14568,0
MBK,60,20220808,100000,218,221.8,218,218,2208,0
MBK,60,20220808,110000,217.8,217.8,214.8,215.4,1615,0
MBK,60,20220808,120000,216.2,220,216.2,219.8,878,0
MBK,60,20220808,130000,219,220.4,218,220,1684,0
MBK,60,20220808,140000,220.6,223.6,220,223,2833,0
MBK,60,20220808,150000,222.2,229.6,221.8,228.2,8646,0
MBK,60,20220808,160000,227.4,228.2,224.6,225.8,4237,0
MBK,60,20220808,170000,225,235,224.6,234.8,22746,0
MBK,60,20220809,100000,234.8,236.8,232.4,234.6,10837,0
MBK,60,20220809,110000,234.6,237,232,236.6,8097,0
MBK,60,20220809,120000,236.8,245.2,236.8,243,15156,0
MBK,60,20220809,130000,242.6,244,240,241,9679,0
MBK,60,20220809,140000,240.8,243.8,238.2,238.2,9150,0
MBK,60,20220809,150000,238.6,242,238,238,7715,0
MBK,60,20220809,160000,237.8,237.8,235.2,236.6,10713,0
MBK,60,20220809,170000,236.6,237,232.4,232.8,13339,0
MBK,60,20220810,100000,230.2,231.4,224.6,229,10004,0
MBK,60,20220810,110000,229.2,230.4,228.2,229,10418,0
MBK,60,20220810,120000,229.6,230.4,228.6,230,3215,0
MBK,60,20220810,130000,230.4,230.4,228.4,230,2098,0
MBK,60,20220810,140000,229.4,236.2,229,236.2,7132,0
MBK,60,20220810,150000,236.4,241.8,235.4,239,15903,0
MBK,60,20220810,160000,239,239.8,236.8,237.4,8049,0
MBK,60,20220810,170000,237,238,233.6,235.2,8141,0
MBK,60,20220811,100000,239,239.2,235.4,236.8,5998,0
MBK,60,20220811,110000,236.8,236.8,235.6,236.6,2754,0
MBK,60,20220811,120000,236.8,236.8,236,236.6,1213,0
MBK,60,20220811,130000,236,237.4,236,237,2083,0
MBK,60,20220811,140000,237.4,240.6,237.4,240,1584,0
MBK,60,20220811,150000,240,241,239.2,240.4,2756,0
MBK,60,20220811,160000,240.2,244,238.2,242,7075,0
MBK,60,20220811,170000,242.8,244.6,242,244.6,11342,0
MBK,60,20220812,100000,247.2,251.8,245,251.2,5834,0
MBK,60,20220812,110000,251.4,253.2,250,251.2,5509,0
MBK,60,20220812,120000,251.2,252.6,250,252,2982,0
MBK,60,20220812,130000,252,252.6,248.6,250,7470,0
MBK,60,20220812,140000,249.8,249.8,246.6,249.6,2727,0
MBK,60,20220812,150000,249.6,252.4,248.2,252.2,5377,0
MBK,60,20220812,160000,252.2,252.2,250,251.8,1797,0
MBK,60,20220812,170000,251.2,252.4,250,251.2,8538,0
MBK,60,20220816,100000,253,261.8,251.6,260,10153,0
MBK,60,20220816,110000,260,264,257.6,263,6283,0
MBK,60,20220816,120000,262,262,257.8,257.8,7268,0
MBK,60,20220816,130000,257.8,261,257.8,260.4,3380,0
MBK,60,20220816,140000,260,263.2,260,261.2,5161,0
MBK,60,20220816,150000,261.2,263.4,259,259.6,8148,0
MBK,60,20220816,160000,260.2,261.6,259.8,260,9405,0
MBK,60,20220816,170000,260,260.4,256,258.2,28832,0
MBK,60,20220817,100000,260,261.8,255.2,255.6,8289,0
MBK,60,20220817,110000,255.6,255.6,249,251.2,8634,0
MBK,60,20220817,120000,251.2,251.2,248.2,249.8,7416,0
MBK,60,20220817,130000,249.8,252.4,249.4,249.6,12328,0
MBK,60,20220817,140000,249.2,250.8,245,246,15563,0
MBK,60,20220817,150000,246.2,248,245,245.6,12819,0
MBK,60,20220817,160000,245.6,247.4,244.4,245.6,12343,0
MBK,60,20220817,170000,245.6,247.2,243.8,246,22341,0
MBK,60,20220818,100000,245,250.6,242.8,248.2,10889,0
MBK,60,20220818,110000,249.8,253,249.2,252.4,4168,0
MBK,60,20220818,120000,252.2,255.8,252,253,5760,0
MBK,60,20220818,130000,254,256.6,254,254.6,4325,0
MBK,60,20220818,140000,254.4,255.4,252,254,3200,0
MBK,60,20220818,150000,254.2,256.2,252.6,255.4,6722,0
MBK,60,20220818,160000,255.4,256.4,252.2,252.4,6066,0
MBK,60,20220818,170000,252.8,255.6,251.8,253.6,11341,0
MBK,60,20220819,100000,249.4,252.4,247.2,248,4533,0
MBK,60,20220819,110000,248,249,242.8,245.2,8270,0
MBK,60,20220819,120000,245,249,244.8,247.6,5484,0
MBK,60,20220819,130000,247.8,250.6,247.2,248.6,5369,0
MBK,60,20220819,140000,249.4,250,248,249.4,4699,0
MBK,60,20220819,150000,249.8,253,247.6,247.6,4285,0
MBK,60,20220819,160000,247.8,249.4,243.8,245.8,7111,0
MBK,60,20220819,170000,245.6,246.8,242.6,243.8,10981,0
MBK,60,20220822,100000,241,242.2,235.2,237,3308,0
MBK,60,20220822,110000,235.8,236.6,233,234.4,4282,0
MBK,60,20220822,120000,234,234.2,231.2,233.8,5971,0
MBK,60,20220822,130000,233.4,236.2,233,236.2,4865,0
MBK,60,20220822,140000,236,237.6,235,235.6,2568,0
MBK,60,20220822,150000,235.8,237.2,234.8,235.4,3779,0
MBK,60,20220822,160000,235,235.4,229.8,231.2,6590,0
MBK,60,20220822,170000,231.2,234.6,229.8,234,10976,0
MBK,60,20220823,100000,234,238.8,233.2,236.4,4058,0
MBK,60,20220823,110000,236.8,238.2,234,234,2950,0
MBK,60,20220823,120000,234.2,235.2,232.4,234.4,5512,0
MBK,60,20220823,130000,234.4,234.6,231.4,232,5201,0
MBK,60,20220823,140000,232,233.6,231,232.2,3532,0
MBK,60,20220823,150000,232.2,233.6,231.2,232.2,4190,0
MBK,60,20220823,160000,232.4,234.8,232.4,233.4,5377,0
MBK,60,20220823,170000,233.6,235,233,233,14351,0
MBK,60,20220824,100000,235.6,235.6,226.6,227,3949,0
MBK,60,20220824,110000,227.4,230,227.4,230,2946,0
MBK,60,20220824,120000,229.4,230,226,227.2,3772,0
MBK,60,20220824,130000,227.2,231.2,226.6,229.2,3562,0
MBK,60,20220824,140000,229,231.6,228.8,230.4,2418,0
MBK,60,20220824,150000,230.2,230.2,226.6,228.8,5735,0
MBK,60,20220824,160000,228.6,229.2,226,227.4,4301,0
MBK,60,20220824,170000,227.4,229,226.2,228,10040,0
MBK,60,20220825,100000,234.4,238,230,236.6,4976,0
MBK,60,20220825,110000,236.6,238.2,236.2,237.6,1491,0
MBK,60,20220825,120000,237.4,237.6,231,231.4,2197,0
MBK,60,20220825,130000,231.6,234.2,231.6,233,1553,0
MBK,60,20220825,140000,232.6,234.6,231.2,232,1743,0
MBK,60,20220825,150000,231.8,233.6,230.6,230.6,3608,0
MBK,60,20220825,160000,230.8,231.6,230,231.4,4018,0
MBK,60,20220825,170000,231.6,234.6,230.6,232,4592,0
MBK,60,20220826,100000,232,233.2,229,229.6,813,0
MBK,60,20220826,110000,229,229.2,227,229.2,2970,0
MBK,60,20220826,120000,228,230.2,228,229.8,1953,0
MBK,60,20220826,130000,230.4,230.4,228,230,3362,0
MBK,60,20220826,140000,229.6,232.8,228.8,232.8,1707,0
MBK,60,20220826,150000,231.8,231.8,228.8,230.2,1073,0
MBK,60,20220826,160000,230.6,233.6,228.8,230,2644,0
MBK,60,20220826,170000,229,230.4,225.2,227,10746,0
MBK,60,20220829,100000,225,225,219.8,223.4,4356,0
MBK,60,20220829,110000,224.2,224.4,219,220,1964,0
MBK,60,20220829,120000,219.4,220.8,216.4,220.8,1940,0
MBK,60,20220829,130000,219.6,219.8,218.4,219,789,0
MBK,60,20220829,140000,218.4,221.2,218,221.2,2464,0
MBK,60,20220829,150000,220.4,221.4,218.2,218.2,2725,0
MBK,60,20220829,160000,218.2,219,217.2,218,4199,0
MBK,60,20220829,170000,217.4,219.6,216.2,217.4,6684,0
MBK,60,20220830,100000,220,222.6,214.8,221.8,2411,0
MBK,60,20220830,110000,221.6,223.8,220.6,221.8,2133,0
MBK,60,20220830,120000,221.8,223,221.8,222.4,599,0
MBK,60,20220830,130000,222.2,223.8,221.8,223,792,0
MBK,60,20220830,140000,223.4,224.4,222.8,223.6,1218,0
MBK,60,20220830,150000,223.6,224.2,218,218.6,1489,0
MBK,60,20220830,160000,218,218.8,216.4,217.4,2471,0
MBK,60,20220830,170000,217.6,217.8,213.2,213.2,11485,0
MBK,60,20220831,100000,211.8,219.2,209,215.2,7591,0
MBK,60,20220831,110000,214.2,218.2,212.8,217.2,5098,0
MBK,60,20220831,120000,217,218.6,215.2,217,3407,0
MBK,60,20220831,130000,217,217.8,215.2,215.4,2624,0
MBK,60,20220831,140000,215.8,217.4,215.4,217,4314,0
MBK,60,20220831,150000,217,220.4,217,220.4,2570,0
MBK,60,20220831,160000,220.2,220.2,216.6,217,3187,0
MBK,60,20220831,170000,217,219.4,217,217,30933,0
MBK,60,20220901,100000,213.2,214.8,210.2,211.2,5235,0
MBK,60,20220901,110000,211.2,212.8,208.2,210,10071,0
MBK,60,20220901,120000,210.4,211.4,209,210.6,3210,0
MBK,60,20220901,130000,210.6,212.4,210.2,211.2,2343,0
MBK,60,20220901,140000,211.6,212.4,210.4,211,1851,0
MBK,60,20220901,150000,210.8,212,209.6,209.6,5366,0
MBK,60,20220901,160000,209.6,209.6,208.2,208.2,5485,0
MBK,60,20220901,170000,208.4,208.6,205.4,206,25642,0
MBK,60,20220902,100000,212,213.8,205,205.6,65552,0
MBK,60,20220902,110000,205.6,210.8,205.4,210.8,2038,0
MBK,60,20220902,120000,210.8,213.2,209.8,211,7430,0
MBK,60,20220902,130000,211,212.6,209.8,212.4,6203,0
MBK,60,20220902,140000,212.6,212.8,210.4,211.6,6119,0
MBK,60,20220902,150000,211,211.8,210,210.6,8562,0
MBK,60,20220902,160000,210.6,212.2,210.2,211.2,7166,0
MBK,60,20220902,170000,211.4,217.6,210.8,215.6,12258,0
MBK,60,20220905,100000,216,216.4,211,212.8,2127,0
MBK,60,20220905,110000,213.6,216.4,212,215.6,2162,0
MBK,60,20220905,120000,215.6,220,214.6,220,4514,0
MBK,60,20220905,130000,219,221,216.6,216.8,2702,0
MBK,60,20220905,140000,216.6,217,216,216.2,1834,0
MBK,60,20220905,150000,216.4,219.2,216.4,217.4,1592,0
MBK,60,20220905,160000,217.6,218.8,215.4,215.8,4311,0
MBK,60,20220905,170000,215.4,217.8,214.6,217,5125,0
MBK,60,20220906,100000,220,221.4,218.2,218.6,12369,0
MBK,60,20220906,110000,219,219,212.8,212.8,5327,0
MBK,60,20220906,120000,212.8,215,211.8,215,4838,0
MBK,60,20220906,130000,215.2,217,213,213.8,2401,0
MBK,60,20220906,140000,212.8,216.8,212.8,216.8,1502,0
MBK,60,20220906,150000,216.4,217,214.4,216.6,2002,0
MBK,60,20220906,160000,215.4,218.2,214.6,215.8,6899,0
MBK,60,20220906,170000,215.4,217.6,213.2,215,11615,0
MBK,60,20220907,100000,214.8,214.8,206.6,207.8,7631,0
MBK,60,20220907,110000,207.8,211.2,207.2,210.2,3802,0
MBK,60,20220907,120000,209.6,210.4,207.4,209.8,3304,0
MBK,60,20220907,130000,211,211,207.4,208.2,3535,0
MBK,60,20220907,140000,208,211,208,208.8,3543,0
MBK,60,20220907,150000,208.2,210.6,207,210.6,5119,0
MBK,60,20220907,160000,210,214,209.4,211.2,7071,0
MBK,60,20220907,170000,211.2,213.6,209.8,212,12748,0
MBK,60,20220908,100000,215,219,215,219,8212,0
MBK,60,20220908,110000,218.6,224.2,218.2,220.8,6155,0
MBK,60,20220908,120000,220.4,226,220.2,226,6079,0
MBK,60,20220908,130000,226,226,223.6,225.2,4856,0
MBK,60,20220908,140000,225.8,227.2,225,227.2,3862,0
MBK,60,20220908,150000,227.4,229.2,225.6,226.8,8231,0
MBK,60,20220908,160000,226.4,227,225,225.4,9698,0
MBK,60,20220908,170000,225.2,228.8,225,227.8,12536,0
MBK,60,20220909,100000,232,247.2,232,242.8,13647,0
MBK,60,20220909,110000,243,245.8,242,244,4015,0
MBK,60,20220909,120000,244,244.8,242.2,243,3327,0
MBK,60,20220909,130000,243.2,246,243,245.6,3935,0
MBK,60,20220909,140000,245.6,245.6,244,245,3077,0
MBK,60,20220909,150000,244.6,246.6,244,245.4,3431,0
MBK,60,20220909,160000,245.6,246.6,244.8,246.2,3593,0
MBK,60,20220909,170000,246,248,245,245.8,10264,0
MBK,60,20220912,100000,248,250,240,250,9909,0
MBK,60,20220912,110000,249.4,255,249.4,255,7980,0
MBK,60,20220912,120000,254.4,254.8,252.6,252.8,13847,0
MBK,60,20220912,130000,253,254.4,251,251,13514,0
MBK,60,20220912,140000,251,254,250.2,253.6,2601,0
MBK,60,20220912,150000,254,257.8,253.8,257.8,5585,0
MBK,60,20220912,160000,257.6,258.8,255,256.4,5310,0
MBK,60,20220912,170000,256.4,258.2,254.2,256,9005,0
MBK,60,20220913,100000,258,259.6,253.6,258,6516,0
MBK,60,20220913,110000,258.8,258.8,249.2,252.6,6343,0
MBK,60,20220913,120000,252.8,255.8,251,252.4,2695,0
MBK,60,20220913,130000,252.2,257.6,252.2,257.6,2306,0
MBK,60,20220913,140000,256.8,258,256,257.8,2080,0
MBK,60,20220913,150000,257.4,261.4,250,250.2,13975,0
MBK,60,20220913,160000,250.2,258.2,250,256.4,9340,0
MBK,60,20220913,170000,256.4,258,254.2,254.2,13551,0
MBK,60,20220914,100000,253,261.6,253,260.8,6970,0
MBK,60,20220914,110000,260.8,261.6,257.6,257.8,3553,0
MBK,60,20220914,120000,259,261,256.8,260.6,3426,0
MBK,60,20220914,130000,261,264.8,260,264.8,4067,0
MBK,60,20220914,140000,263.4,263.6,259.8,260,5385,0
MBK,60,20220914,150000,260.6,261.8,259.2,259.2,2725,0
MBK,60,20220914,160000,260,262.8,257.6,261.4,5640,0
MBK,60,20220914,170000,261.8,263.6,260,263.4,16830,0
MBK,60,20220915,100000,264,265,258.2,262.2,4781,0
MBK,60,20220915,110000,263.4,263.4,254.2,257.8,8264,0
MBK,60,20220915,120000,257.2,262.6,255.2,260.4,4425,0
MBK,60,20220915,130000,260.4,262.6,258.4,260.4,1950,0
MBK,60,20220915,140000,260.6,261.6,258.8,259.8,1057,0
MBK,60,20220915,150000,259.2,262,258.2,259.8,3499,0
MBK,60,20220915,160000,259.8,261.8,256.8,261.8,6029,0
MBK,60,20220915,170000,261.8,263.4,259.2,259.2,9593,0
MBK,60,20220916,100000,256.8,261.8,254.2,256,2959,0
MBK,60,20220916,110000,255.6,257,251.8,253.2,2446,0
MBK,60,20220916,120000,253.4,255.4,253.4,253.8,1559,0
MBK,60,20220916,130000,254,255.2,252.6,252.8,1198,0
MBK,60,20220916,140000,252.6,252.8,250.6,252.2,1751,0
MBK,60,20220916,150000,252,252,247.2,249,4447,0
MBK,60,20220916,160000,249.2,250.8,245.6,248.6,10592,0
MBK,60,20220916,170000,248.6,254.4,248.6,251.6,53900,0
MBK,60,20220919,100000,248.6,254,248.6,250.8,2233,0
MBK,60,20220919,110000,250.8,254.4,250.4,250.6,2938,0
MBK,60,20220919,120000,251.6,251.8,246,250.2,2123,0
MBK,60,20220919,130000,249.2,249.2,246.2,248.6,1367,0
MBK,60,20220919,140000,247.6,248.2,246,247.6,1380,0
MBK,60,20220919,150000,248,248.8,246.6,247.6,2729,0
MBK,60,20220919,160000,247.2,251,247.2,249.8,2890,0
MBK,60,20220919,170000,249.8,250.2,248.4,249,5411,0
MBK,60,20220920,100000,254,256.6,253.6,254,2824,0
MBK,60,20220920,110000,254.2,255.2,252.4,254.4,2152,0
MBK,60,20220920,120000,254.4,255.2,252.2,253.4,3421,0
MBK,60,20220920,130000,252.6,254.6,250.8,254.6,4131,0
MBK,60,20220920,140000,254.6,257.6,254.4,255,6440,0
MBK,60,20220920,150000,255,255.8,250.4,250.8,5161,0
MBK,60,20220920,160000,250.6,251.2,248.4,251,9373,0
MBK,60,20220920,170000,250.8,251.4,247,248.6,17668,0
MBK,60,20220921,100000,248,250.2,242.6,247.4,3438,0
MBK,60,20220921,110000,247,247,243,245,3257,0
MBK,60,20220921,120000,245.2,247.8,244.8,247,2633,0
MBK,60,20220921,130000,248,250.4,246.2,249.8,2811,0
MBK,60,20220921,140000,249.8,249.8,245.4,245.4,1872,0
MBK,60,20220921,150000,245.6,246,243.2,243.8,3731,0
MBK,60,20220921,160000,244,245.8,242.4,243,3895,0
MBK,60,20220921,170000,243.4,245.8,242.8,244.2,9477,0
MBK,60,20220922,100000,242.6,246,225,244.8,4416,0
MBK,60,20220922,110000,244.8,248,244.6,245.4,2693,0
MBK,60,20220922,120000,245.6,245.8,242.6,244.2,3460,0
MBK,60,20220922,130000,244.2,247,244.2,247,1245,0
MBK,60,20220922,140000,246.8,246.8,242.4,244.2,2501,0
MBK,60,20220922,150000,244,247.2,242.6,245.6,3675,0
MBK,60,20220922,160000,245.6,246.2,243.4,244.6,3840,0
MBK,60,20220922,170000,244.6,246.6,244,244,9419,0
MBK,60,20220923,100000,249,249,235.2,237,5030,0
MBK,60,20220923,110000,238,238.4,234.8,235.4,3170,0
MBK,60,20220923,120000,235.4,237.4,232.6,234,3145,0
MBK,60,20220923,130000,234,236,232.4,232.6,3476,0
MBK,60,20220923,140000,232,234.8,232,234.2,4269,0
MBK,60,20220923,150000,234.8,237,232.4,233.2,2416,0
MBK,60,20220923,160000,233,236,228.2,228.8,8664,0
MBK,60,20220923,170000,228.8,233.6,224.2,228.4,22440,0
MBK,60,20220926,100000,227.8,231.6,218.2,228.2,9363,0
MBK,60,20220926,110000,228.2,228.8,226.4,226.4,1453,0
MBK,60,20220926,120000,226.8,229.2,225.4,226.8,4195,0
MBK,60,20220926,130000,226.8,228.8,225,225.8,2116,0
MBK,60,20220926,140000,225.8,227,222,223,3251,0
MBK,60,20220926,150000,222.2,225.2,222,224,5629,0
MBK,60,20220926,160000,223.6,225,220.4,225,6243,0
MBK,60,20220926,170000,225.4,226.6,222.8,223.8,15968,0
MBK,60,20220927,100000,224.2,229,223.8,227.8,7199,0
MBK,60,20220927,110000,227.8,229.4,225,225.8,5335,0
MBK,60,20220927,120000,225.8,226.4,224.4,225.6,6249,0
MBK,60,20220927,130000,226,229.6,225.6,229.6,5916,0
MBK,60,20220927,140000,228.4,230.2,228.4,228.6,4319,0
MBK,60,20220927,150000,228.4,228.8,225.4,225.4,4273,0
MBK,60,20220927,160000,225.4,225.6,222.4,223.4,7442,0
MBK,60,20220927,170000,223.4,225.4,220.2,224.8,18444,0
MBK,60,20220928,100000,216,220.6,212.4,217.8,13146,0
MBK,60,20220928,110000,219,220,214.6,214.6,4550,0
MBK,60,20220928,120000,214.2,214.2,207,209,17940,0
MBK,60,20220928,130000,209.4,214.4,209,211.8,14582,0
MBK,60,20220928,140000,213.2,213.2,210,210.6,5001,0
MBK,60,20220928,150000,210.6,216,210.4,212.2,9513,0
MBK,60,20220928,160000,213.2,213.4,207.8,211.6,9897,0
MBK,60,20220928,170000,212.2,216.2,211.2,215,22823,0
MBK,60,20220929,100000,215,215.8,205,209.4,12673,0
MBK,60,20220929,110000,209.6,211,208.2,208.4,6361,0
MBK,60,20220929,120000,208.4,210,207.4,207.6,4801,0
MBK,60,20220929,130000,208,210,207.4,209.2,4162,0
MBK,60,20220929,140000,209.6,210.6,208.4,209,3528,0
MBK,60,20220929,150000,209,209.6,204.4,205.6,10551,0
MBK,60,20220929,160000,206.2,206.8,203,203,8704,0
MBK,60,20220929,170000,202.6,203.8,201.6,203.2,10940,0
MBK,60,20220930,100000,202.8,206.2,201,204.8,9678,0
MBK,60,20220930,110000,204.8,204.8,200.4,201.4,4310,0
MBK,60,20220930,120000,201.4,204.6,200,204.6,4259,0
MBK,60,20220930,130000,204.6,204.8,201.8,201.8,2712,0
MBK,60,20220930,140000,202.2,203.6,199.2,200.6,7156,0
MBK,60,20220930,150000,200.8,201.4,199.2,201.4,3306,0
MBK,60,20220930,160000,201.2,201.2,197,200,10063,0
MBK,60,20220930,170000,200,200.6,197.3,200.4,20564,0
MBK,60,20221003,100000,199.6,200.2,191,191.8,7991,0
MBK,60,20221003,110000,191.7,191.7,188.7,189.9,9943,0
MBK,60,20221003,120000,189.1,192.5,187,192.1,9167,0
MBK,60,20221003,130000,192.4,192.8,189.2,189.7,6455,0
MBK,60,20221003,140000,189.7,191.2,188.4,189.5,9095,0
MBK,60,20221003,150000,189.7,189.9,186.6,188.2,13018,0
MBK,60,20221003,160000,187.9,191.9,187.5,188.4,9326,0
MBK,60,20221003,170000,188.5,196.2,188.5,195.4,15715,0
MBK,60,20221004,100000,199.8,205,198.1,204,15911,0
MBK,60,20221004,110000,204.2,206,203.4,204.4,8359,0
MBK,60,20221004,120000,204.4,205.6,201.6,203.8,8787,0
MBK,60,20221004,130000,204,205.6,203,203.2,4720,0
MBK,60,20221004,140000,203,204.4,202,202.6,3353,0
MBK,60,20221004,150000,203,204,201.8,203.4,5364,0
MBK,60,20221004,160000,203.4,205.6,203.4,205,13068,0
MBK,60,20221004,170000,205.2,210.2,205,210.2,18478,0
MBK,60,20221005,100000,209.4,209.6,204.4,207.4,6629,0
MBK,60,20221005,110000,207.4,208.6,205.8,208.2,4517,0
MBK,60,20221005,120000,208,208.8,207.2,208.2,2771,0
MBK,60,20221005,130000,208.2,208.2,206.8,207.4,1416,0
MBK,60,20221005,140000,207.6,208,206,207.8,5290,0
MBK,60,20221005,150000,207.6,207.6,205.6,205.6,2457,0
MBK,60,20221005,160000,205.6,207.6,203.4,207.4,10413,0
MBK,60,20221005,170000,207.4,207.4,202.8,203.6,15777,0
MBK,60,20221006,100000,205.4,212.8,205.4,210.8,6776,0
MBK,60,20221006,110000,211,211.2,205.6,206.2,5484,0
MBK,60,20221006,120000,205.6,207.8,203.2,203.2,3516,0
MBK,60,20221006,130000,203,203.6,200.6,202,5968,0
MBK,60,20221006,140000,202.4,204.4,202,202,3484,0
MBK,60,20221006,150000,202.2,205.4,201.8,204.6,4694,0
MBK,60,20221006,160000,204.6,206,203,203,5490,0
MBK,60,20221006,170000,203,203.8,198.6,200,20836,0
MBK,60,20221007,100000,199,204.6,198,198.6,6714,0
MBK,60,20221007,110000,198.6,199.7,196.5,196.5,7368,0
MBK,60,20221007,120000,196.9,198,196.2,197.7,4734,0
MBK,60,20221007,130000,197.3,198.1,196.3,197.3,6106,0
MBK,60,20221007,140000,197.5,197.8,195.3,196,5116,0
MBK,60,20221007,150000,195.9,197.2,193.3,194.2,10398,0
MBK,60,20221007,160000,194.1,195.8,193.1,193.4,8524,0
MBK,60,20221007,170000,193.4,196.1,193.1,195.8,19106,0
MBK,60,20221010,100000,194,194,189.3,189.6,10346,0
MBK,60,20221010,110000,189.6,189.7,186.3,187.6,14057,0
MBK,60,20221010,120000,187.3,189.3,187,188.7,9874,0
MBK,60,20221010,130000,188.8,189.1,186.5,186.6,8595,0
MBK,60,20221010,140000,187,187.9,186.4,186.8,6324,0
MBK,60,20221010,150000,187.1,188.5,186.4,188.5,12497,0
MBK,60,20221010,160000,188,188.8,185.4,185.7,13483,0
MBK,60,20221010,170000,185.7,186.2,185.1,185.1,19500,0
MBK,60,20221011,100000,185.1,185.1,179.7,181.7,9715,0
MBK,60,20221011,110000,181.7,183,179.5,181.3,8852,0
MBK,60,20221011,120000,181.6,184.5,181.6,182.4,4332,0
MBK,60,20221011,130000,182.4,186.6,182,186.6,7480,0
MBK,60,20221011,140000,186.7,186.8,185.5,186,6858,0
MBK,60,20221011,150000,186,190.5,185.7,190,7728,0
MBK,60,20221011,160000,190,190.4,184,185.2,10755,0
MBK,60,20221011,170000,184.7,185.7,182.6,183.9,14876,0
MBK,60,20221012,100000,186.5,187.5,181,182.5,6485,0
MBK,60,20221012,110000,182.5,185,181,181.9,6221,0
MBK,60,20221012,120000,182,186.1,182,184.8,1892,0
MBK,60,20221012,130000,185,185.4,183.8,184.8,3339,0
MBK,60,20221012,140000,185.4,185.4,182.8,182.8,2833,0
MBK,60,20221012,150000,182.7,185.2,182.1,184.5,5395,0
MBK,60,20221012,160000,184.4,185.5,181.5,184.6,6737,0
MBK,60,20221012,170000,184.7,185,183,183.2,11736,0
MBK,60,20221013,100000,182.1,186.6,180.2,183.5,4324,0
MBK,60,20221013,110000,183.5,184.9,181.3,181.9,3010,0
MBK,60,20221013,120000,181.9,182.2,180.4,180.7,5604,0
MBK,60,20221013,130000,180.7,181.6,180.1,181.6,5067,0
MBK,60,20221013,140000,181.6,183.5,181.2,182.9,3800,0
MBK,60,20221013,150000,182.9,184.5,175.2,177.2,16949,0
MBK,60,20221013,160000,176.9,180.8,176.5,179.8,8891,0
MBK,60,20221013,170000,180.1,181.5,178.8,180.6,16024,0
MBK,60,20221014,100000,187.3,190.3,184.5,187.9,13211,0
MBK,60,20221014,110000,187.8,189,184.7,185.1,8247,0
MBK,60,20221014,120000,185.1,186.9,184.5,186.3,4253,0
MBK,60,20221014,130000,186.1,188.8,186,188.6,5086,0
MBK,60,20221014,140000,188.8,188.8,183.8,184.7,7129,0
MBK,60,20221014,150000,184.7,188.7,184.7,188.3,5697,0
MBK,60,20221014,160000,188.3,190.4,187.5,187.8,10005,0
MBK,60,20221014,170000,187.4,188.3,185.6,188.3,15985,0
MBK,60,20221017,100000,187.8,189.3,184.6,187.1,3414,0
MBK,60,20221017,110000,187.1,187.1,183.8,184.6,3383,0
MBK,60,20221017,120000,184.4,184.4,182.6,183,3862,0
MBK,60,20221017,130000,182.7,183.3,181.4,181.6,5861,0
MBK,60,20221017,140000,182,182.8,181.4,182.8,5855,0
MBK,60,20221017,150000,182.8,184.8,182,183.7,8072,0
MBK,60,20221017,160000,183.8,188,183.8,186,9626,0
MBK,60,20221017,170000,186,187.5,184.7,186.2,13946,0
MBK,60,20221018,100000,190,200.8,190,200.6,23034,0
MBK,60,20221018,110000,200.6,202,198.6,200.2,11357,0
MBK,60,20221018,120000,200.6,202.8,200,200.6,8180,0
MBK,60,20221018,130000,200.2,203,199.2,202.6,8238,0
MBK,60,20221018,140000,203,205,202,202,8416,0
MBK,60,20221018,150000,202.6,203.8,202.2,203.8,5524,0
MBK,60,20221018,160000,203.8,205.8,202.2,202.6,11284,0
MBK,60,20221018,170000,203,204,201.2,202.6,15105,0
MBK,60,20221019,100000,201,202,199.1,201,6444,0
MBK,60,20221019,110000,201,202,199.3,202,4115,0
MBK,60,20221019,120000,202.8,206.4,202,205.8,6438,0
MBK,60,20221019,130000,206,206,202.2,202.2,3800,0
MBK,60,20221019,140000,203.2,203.8,201.4,202.6,3566,0
MBK,60,20221019,150000,202.2,203,199.5,201.2,6201,0
MBK,60,20221019,160000,201.2,203.4,200.2,201.8,4600,0
MBK,60,20221019,170000,201.8,204.4,201.8,204,12064,0
MBK,60,20221020,100000,204.8,205.6,199.3,204,4309,0
MBK,60,20221020,110000,204.2,207.2,204.2,205.8,3038,0
MBK,60,20221020,120000,206,208,205.4,208,4330,0
MBK,60,20221020,130000,208.2,211.8,206.8,211.8,7333,0
MBK,60,20221020,140000,211.8,216,211,215.8,6826,0
MBK,60,20221020,150000,215,216.8,212.2,213.8,8947,0
MBK,60,20221020,160000,214.4,217,212.6,215.2,9905,0
MBK,60,20221020,170000,215.2,218.8,214.6,218.6,23718,0
MBK,60,20221021,100000,217,224.6,213,223.6,15675,0
MBK,60,20221021,110000,223.6,224,219.4,222.6,7214,0
MBK,60,20221021,120000,222,229.8,222,228.4,14735,0
MBK,60,20221021,130000,228.4,232,227.8,229.6,10706,0
MBK,60,20221021,140000,229.6,232.8,228.6,231.6,7664,0
MBK,60,20221021,150000,231.4,232.6,226.8,230,15942,0
MBK,60,20221021,160000,230,230.2,227.8,229.6,17867,0
MBK,60,20221021,170000,229.6,233,228,229.6,28726,0
MBK,60,20221024,100000,233,233,222,224.4,19029,0
MBK,60,20221024,110000,224.4,227.2,222.8,226.2,6078,0
MBK,60,20221024,120000,226,231.6,226,231.6,6146,0
MBK,60,20221024,130000,231.6,232,229,230.8,4226,0
MBK,60,20221024,140000,230.8,231.6,228.4,231.6,5561,0
MBK,60,20221024,150000,231.8,233.2,231,232.8,8153,0
MBK,60,20221024,160000,232.6,235.6,231.8,234.2,14002,0
MBK,60,20221024,170000,234.2,234.6,231.6,234.2,21241,0
MBK,60,20221025,100000,234.2,236.8,233,235.4,4720,0
MBK,60,20221025,110000,235.4,239.2,235.4,239.2,4783,0
MBK,60,20221025,120000,239.4,241.8,235,237.6,7702,0
MBK,60,20221025,130000,237.2,241,237,240.6,3907,0
MBK,60,20221025,140000,239.6,240,238.2,238.6,4753,0
MBK,60,20221025,150000,238.4,238.4,235.2,235.8,3361,0
MBK,60,20221025,160000,235.8,240.2,235.8,238.2,19506,0
MBK,60,20221025,170000,238.2,239.4,237.4,239,10277,0
MBK,60,20221026,100000,239,245.8,238.2,244.6,6768,0
MBK,60,20221026,110000,244.8,246.2,243,243.8,6198,0
MBK,60,20221026,120000,244,244,240.4,241.4,4877,0
MBK,60,20221026,130000,241.2,241.6,240.8,241.2,2483,0
MBK,60,20221026,140000,241.4,241.6,240.8,241.4,3493,0
MBK,60,20221026,150000,241,241,239.4,240.6,4837,0
MBK,60,20221026,160000,240.8,245.2,240.8,244.6,6652,0
MBK,60,20221026,170000,244.8,247,244,246,16086,0
MBK,60,20221027,100000,244.8,246.8,242.2,245,3403,0
MBK,60,20221027,110000,246.2,251.8,245.6,250.4,8157,0
MBK,60,20221027,120000,250.4,252.4,248.8,252.4,16640,0
MBK,60,20221027,130000,252.2,252.2,250.2,251,2695,0
MBK,60,20221027,140000,251.4,252.6,250,250.4,14669,0
MBK,60,20221027,150000,250.8,252,248.4,250.2,6600,0
MBK,60,20221027,160000,250.2,252.8,249.6,251.6,11574,0
MBK,60,20221027,170000,251.6,256,251.4,255.6,16850,0
MBK,60,20221028,100000,255.6,258.8,251.6,252.8,7171,0
MBK,60,20221028,110000,253,256.6,252,256,2350,0
MBK,60,20221028,120000,255.6,257,254.2,256.8,1304,0
MBK,60,20221028,130000,256.8,257.8,255.6,256.2,2609,0
MBK,60,20221028,140000,256.2,258.8,255.8,255.8,3926,0
MBK,60,20221028,150000,255.8,256.2,252.2,254.6,5481,0
MBK,60,20221028,160000,254.2,257.8,254,256.6,4296,0
MBK,60,20221028,170000,256.4,257.4,254.6,255,11598,0
MBK,60,20221031,100000,255,258.8,254,254,7460,0
MBK,60,20221031,110000,255,263.2,255,261.6,8919,0
MBK,60,20221031,120000,261.2,261.4,258.6,258.6,1334,0
MBK,60,20221031,130000,259.6,261,259.6,260,1824,0
MBK,60,20221031,140000,260,262.6,259.8,262.4,3942,0
MBK,60,20221031,150000,262.8,266.6,262,263.2,9888,0
MBK,60,20221031,160000,263.2,267.6,263.2,266.8,5087,0
MBK,60,20221031,170000,266.8,268.8,265.4,267.6,16505,0
MBK,60,20221102,100000,270,278,269,272.2,16773,0
MBK,60,20221102,110000,271.8,274.6,269,273.6,8434,0
MBK,60,20221102,120000,273.2,274.2,270.6,272,3345,0
MBK,60,20221102,130000,271.8,274,270.2,270.2,4199,0
MBK,60,20221102,140000,270.4,270.6,264.6,267.2,8523,0
MBK,60,20221102,150000,267.2,268.6,264.8,267.2,4302,0
MBK,60,20221102,160000,267.6,268.4,262.2,263.8,7670,0
MBK,60,20221102,170000,263.8,270,263.8,269.8,24520,0
MBK,60,20221103,100000,260,264,250.4,260,14937,0
MBK,60,20221103,110000,260,265,259.8,262.2,5995,0
MBK,60,20221103,120000,262.4,263,259.2,260.2,3024,0
MBK,60,20221103,130000,261,263,260.2,261.8,3087,0
MBK,60,20221103,140000,261.6,264.4,261.6,263.2,6062,0
MBK,60,20221103,150000,262.6,263.2,259.4,260.6,4594,0
MBK,60,20221103,160000,260.2,262.6,258.2,262.4,7116,0
MBK,60,20221103,170000,262.4,262.8,259.2,260.8,17792,0
MBK,60,20221104,100000,264,267,261.8,264,7822,0
MBK,60,20221104,110000,264.4,266.6,263,265.4,2803,0
MBK,60,20221104,120000,265.4,266.6,264,264.2,2472,0
MBK,60,20221104,130000,262,263.8,259.8,262.4,4868,0
MBK,60,20221104,140000,262,265.2,262,264.4,2880,0
MBK,60,20221104,150000,265,265.2,263.8,265.2,2127,0
MBK,60,20221104,160000,265.2,268.4,264.6,268.2,5371,0
MBK,60,20221104,170000,268.2,268.2,265.8,265.8,8541,0
MBK,60,20221107,100000,264,273.2,263,271.6,5331,0
MBK,60,20221107,110000,271.4,277.4,271.4,275.4,4706,0
MBK,60,20221107,120000,275.8,279,275.8,278,6332,0
MBK,60,20221107,130000,277.8,279.4,275.2,276.8,2063,0
MBK,60,20221107,140000,276.8,277,273,275.2,4551,0
MBK,60,20221107,150000,276,277,274.6,275.2,1794,0
MBK,60,20221107,160000,275.4,277.8,274.4,275.6,2555,0
MBK,60,20221107,170000,275.2,279,273.2,275.8,11744,0
MBK,60,20221108,100000,276.2,279.8,270.2,279.8,7436,0
MBK,60,20221108,110000,278.8,281.8,278,280.8,5592,0
MBK,60,20221108,120000,279.8,279.8,276.4,278.6,1719,0
MBK,60,20221108,130000,278.6,281,278.6,280.8,1425,0
MBK,60,20221108,140000,281,281.6,279.6,281.6,1603,0
MBK,60,20221108,150000,281.8,282.8,280.6,282,2823,0
MBK,60,20221108,160000,282.2,296,281.8,292.6,17033,0
MBK,60,20221108,170000,292,293.4,285,288.6,28826,0
MBK,60,20221109,100000,293,298.8,287.2,297.6,24964,0
MBK,60,20221109,110000,298.2,304.6,297.8,302.8,20308,0
MBK,60,20221109,120000,303,307,301.8,306,7145,0
MBK,60,20221109,130000,305.2,311.2,305.2,311,10329,0
MBK,60,20221109,140000,309.6,311,306.8,308,5889,0
MBK,60,20221109,150000,308.6,310.4,307.6,308.6,5712,0
MBK,60,20221109,160000,309,312.2,307.8,310.2,11302,0
MBK,60,20221109,170000,310.4,317.6,309.4,312.2,25189,0
MBK,60,20221110,100000,311,311.4,303.2,306.6,13919,0
MBK,60,20221110,110000,306.6,306.8,302,304,9940,0
MBK,60,20221110,120000,304,304.8,301.2,302.6,6237,0
MBK,60,20221110,130000,303,303.6,301,301,3829,0
MBK,60,20221110,140000,301.2,302,300.4,301.4,3872,0
MBK,60,20221110,150000,301.8,315,301.8,312.2,18784,0
MBK,60,20221110,160000,312.2,319,310.8,318.8,13253,0
MBK,60,20221110,170000,318.8,326,317.2,320,24720,0
MBK,60,20221114,100000,320,340,317.8,338,34794,0
MBK,60,20221114,110000,338.8,348,337,342,22296,0
MBK,60,20221114,120000,341.4,344.6,338.6,342.6,15371,0
MBK,60,20221114,130000,343,343.2,336.2,337,8767,0
MBK,60,20221114,140000,338,342.2,337.6,341.6,16460,0
MBK,60,20221114,150000,341.6,341.6,338.8,339.2,11836,0
MBK,60,20221114,160000,339.2,340,337,337.8,14347,0
MBK,60,20221114,170000,337.6,339.8,335.2,339.8,27410,0
MBK,60,20221115,100000,340.2,342.4,327.6,327.6,10732,0
MBK,60,20221115,110000,327.6,329.6,323,326.2,12445,0
MBK,60,20221115,120000,326.4,331.4,324.4,330.4,7266,0
MBK,60,20221115,130000,331.6,334,330.2,331.6,5703,0
MBK,60,20221115,140000,332.8,336,332,335.6,5287,0
MBK,60,20221115,150000,336.2,343.2,334.6,337.4,12780,0
MBK,60,20221115,160000,337.4,339.8,334.8,339,5927,0
MBK,60,20221115,170000,339,340,335,335.2,12311,0
MBK,60,20221116,100000,333,335.8,323.2,327.6,9591,0
MBK,60,20221116,110000,327,331.6,325,327.6,8083,0
MBK,60,20221116,120000,327.8,328,324.4,325.6,10670,0
MBK,60,20221116,130000,325.2,331.6,325.2,331,9084,0
MBK,60,20221116,140000,330.2,331.6,328,329.6,7803,0
MBK,60,20221116,150000,329.4,331.6,328.2,329.8,4243,0
MBK,60,20221116,160000,329.8,336.2,329.6,333.4,10548,0
MBK,60,20221116,170000,333.4,335.2,331.4,331.4,16911,0
MBK,60,20221117,100000,331.6,335,326,326,5084,0
MBK,60,20221117,110000,326.6,326.8,318.8,321.2,5839,0
MBK,60,20221117,120000,321.2,323,320,321,6501,0
MBK,60,20221117,130000,321.2,323.6,319.4,323.4,5593,0
MBK,60,20221117,140000,324,325,322.4,324,2819,0
MBK,60,20221117,150000,324,326.6,323.2,325,4411,0
MBK,60,20221117,160000,325.6,330.2,325,326.4,5243,0
MBK,60,20221117,170000,328.2,329.2,325.4,327.6,10042,0
MBK,60,20221118,100000,321.2,325.4,317.4,321.6,4536,0
MBK,60,20221118,110000,321.6,332.4,321.2,329.6,4881,0
MBK,60,20221118,120000,329.2,332.6,329.2,331.4,3261,0
MBK,60,20221118,130000,332,333,328,328,1872,0
MBK,60,20221118,140000,328.2,329,325,325.2,2350,0
MBK,60,20221118,150000,324.4,326.6,324.2,324.2,2228,0
MBK,60,20221118,160000,324.2,325.6,320.6,322.2,5128,0
MBK,60,20221118,170000,322.2,323,320.2,320.2,7631,0
MBK,60,20221121,100000,319.8,323.4,315.4,321.4,7579,0
MBK,60,20221121,110000,320.4,321.4,317,317,3161,0
MBK,60,20221121,120000,317,320,315.4,315.6,5032,0
MBK,60,20221121,130000,315.2,317.6,312.2,313,5031,0
MBK,60,20221121,140000,313,314.8,312.6,313.6,2632,0
MBK,60,20221121,150000,313.6,317.4,313,317.4,4123,0
MBK,60,20221121,160000,317.4,317.4,313,315,5211,0
MBK,60,20221121,170000,315.6,316,313.2,313.8,9478,0
MBK,60,20221122,100000,310,317.4,310,315.8,2739,0
MBK,60,20221122,110000,316.2,319,316.2,318.2,1524,0
MBK,60,20221122,120000,318.8,318.8,315.8,315.8,2556,0
MBK,60,20221122,130000,316.2,316.2,312.8,313.2,1768,0
MBK,60,20221122,140000,313,313.6,312.4,313,1784,0
MBK,60,20221122,150000,312.8,315.8,312.8,315.4,1894,0
MBK,60,20221122,160000,315.6,315.6,312.6,313,2621,0
MBK,60,20221122,170000,313,315,312.4,312.4,10000,0
MBK,60,20221123,100000,316.6,322.2,316,317.4,3000,0
MBK,60,20221123,110000,317,318.8,316,318.6,930,0
MBK,60,20221123,120000,317.4,318.6,316.2,317.8,1131,0
MBK,60,20221123,130000,317.8,318,314.6,314.6,2488,0
MBK,60,20221123,140000,315.4,316.6,314.2,316.2,2006,0
MBK,60,20221123,150000,316.4,316.8,313.2,314,3803,0
MBK,60,20221123,160000,314,316.4,311,314.8,3063,0
MBK,60,20221123,170000,315,316.8,313.6,314.8,4330,0
MBK,60,20221124,100000,318.8,319.8,315.2,316,1399,0
MBK,60,20221124,110000,316,320,316,319,1110,0
MBK,60,20221124,120000,318.4,319,317.4,318.6,529,0
MBK,60,20221124,130000,318.6,318.6,317,317,409,0
MBK,60,20221124,140000,317,318.6,317,317.8,1570,0
MBK,60,20221124,150000,317.4,320,317,319.4,2775,0
MBK,60,20221124,160000,319.2,321.4,318,321.2,2190,0
MBK,60,20221124,170000,321.6,322.2,319.2,320.2,4842,0
MBK,60,20221125,100000,323.8,325.8,314.2,317,3006,0
MBK,60,20221125,110000,317.8,322.2,317.6,318.8,1635,0
MBK,60,20221125,120000,319.2,320.4,318.2,319.6,3583,0
MBK,60,20221125,130000,319.8,322,319,320.2,2387,0
MBK,60,20221125,140000,320.4,321.6,319.8,320,986,0
MBK,60,20221125,150000,319.8,320.4,317.2,318.6,1100,0
MBK,60,20221125,160000,318.6,322,318,322,2611,0
MBK,60,20221125,170000,322,323.2,320.8,322.6,5432,0
MBK,60,20221128,100000,322.8,322.8,317,319.6,1836,0
MBK,60,20221128,110000,318.2,322,317.2,320.4,2053,0
MBK,60,20221128,120000,320.8,324,318.4,320.8,4414,0
MBK,60,20221128,130000,320.2,322.6,319,319.6,3152,0
MBK,60,20221128,140000,319.4,320.4,318.2,320.4,3724,0
MBK,60,20221128,150000,319.4,319.6,316.6,317.6,4454,0
MBK,60,20221128,160000,317.2,318.4,315.4,316.4,5612,0
MBK,60,20221128,170000,316.4,319.8,314,314,11924,0
MBK,60,20221129,100000,314,317,312.2,315.4,3400,0
MBK,60,20221129,110000,316,316,313.2,314.6,1397,0
MBK,60,20221129,120000,315.4,318,315,315.8,1606,0
MBK,60,20221129,130000,315.4,315.6,313,314.2,6727,0
MBK,60,20221129,140000,314.2,314.2,313.2,313.6,2508,0
MBK,60,20221129,150000,313.8,316.8,313,314.8,1732,0
MBK,60,20221129,160000,315,315,313.6,314.8,4576,0
MBK,60,20221129,170000,315,318,314.2,316,8144,0
MBK,60,20221130,100000,321.6,322,314.4,316.8,2471,0
MBK,60,20221130,110000,316,316.8,313.6,314.2,4530,0
MBK,60,20221130,120000,315.8,319.4,314.4,318.6,3712,0
MBK,60,20221130,130000,318.8,319.6,318,319,3367,0
MBK,60,20221130,140000,319,321.4,319,320.2,3504,0
MBK,60,20221130,150000,320,321,319,319.6,3381,0
MBK,60,20221130,160000,319.2,320.4,318.4,318.8,6420,0
MBK,60,20221130,170000,318,318.2,314.2,315.2,53764,0
MBK,60,20221201,100000,320.8,324,317,318.8,4075,0
MBK,60,20221201,110000,318,319,316,319,1787,0
MBK,60,20221201,120000,317.6,318.6,316.6,317.6,1364,0
MBK,60,20221201,130000,316.8,322,316.4,319.8,8174,0
MBK,60,20221201,140000,319.8,320.6,319,319.8,3553,0
MBK,60,20221201,150000,319.4,320.6,318.6,319.2,2173,0
MBK,60,20221201,160000,319.4,320.4,317.6,317.6,3220,0
MBK,60,20221201,170000,317.8,320,317.6,319,7986,0
MBK,60,20221202,100000,316,317,311,314.8,4016,0
MBK,60,20221202,110000,313.8,315.2,313.8,314.2,2635,0
MBK,60,20221202,120000,314,315,312.2,314.6,6781,0
MBK,60,20221202,130000,314.6,315,313,313,4755,0
MBK,60,20221202,140000,313,313.2,311.6,313.2,10299,0
MBK,60,20221202,150000,313.4,315.8,311.4,314.6,3551,0
MBK,60,20221202,160000,313.6,314.6,312.2,312.8,3291,0
MBK,60,20221202,170000,313.4,315.6,312,312,6250,0
MBK,60,20221205,100000,312,314.2,310.2,311.2,2567,0
MBK,60,20221205,110000,311.2,311.8,308,311.6,4128,0
MBK,60,20221205,120000,311.6,311.8,309.2,310.6,6186,0
MBK,60,20221205,130000,310.6,311.8,310.2,311.8,2274,0
MBK,60,20221205,140000,311.6,312.8,310.8,312.8,2842,0
MBK,60,20221205,150000,313,313.2,310.4,310.4,3598,0
MBK,60,20221205,160000,310.4,310.8,308.4,309,5765,0
MBK,60,20221205,170000,308.4,309.8,307,308.6,6163,0
MBK,60,20221206,100000,307.8,307.8,300.8,302,3867,0
MBK,60,20221206,110000,302,302,299,300,3752,0
MBK,60,20221206,120000,300,300,295.4,298,3377,0
MBK,60,20221206,130000,297.6,299.2,296.4,299.2,1548,0
MBK,60,20221206,140000,299.4,300.4,298.4,299.2,859,0
MBK,60,20221206,150000,299.2,299.8,297.8,298.6,1470,0
MBK,60,20221206,160000,299.6,300,296.2,296.4,4793,0
MBK,60,20221206,170000,296.4,298.6,295.4,296.4,5201,0
MBK,60,20221207,100000,295,299.8,291.8,299.8,5434,0
MBK,60,20221207,110000,299.4,300.6,298.6,298.6,1724,0
MBK,60,20221207,120000,298.6,300,298.2,299.4,1258,0
MBK,60,20221207,130000,299.4,300.4,298.2,298.4,434,0
MBK,60,20221207,140000,298.6,299.8,298.4,299.2,335,0
MBK,60,20221207,150000,299.2,300.2,295.4,295.4,9460,0
MBK,60,20221207,160000,295.6,296.4,292.6,293.2,4587,0
MBK,60,20221207,170000,293,296,292.2,295,11594,0
MBK,60,20221208,100000,296.2,296.2,290.8,291.8,5564,0
MBK,60,20221208,110000,292.6,292.6,288.4,288.6,7010,0
MBK,60,20221208,120000,288.4,290,288.2,288.8,2168,0
MBK,60,20221208,130000,288.8,289,287.8,288.2,2767,0
MBK,60,20221208,140000,288,288.2,286.4,286.4,3841,0
MBK,60,20221208,150000,286.2,286.4,285.2,286.2,2457,0
MBK,60,20221208,160000,286.4,287,282.2,286.6,7922,0
MBK,60,20221208,170000,286,286,283,285.6,7342,0
MBK,60,20221209,100000,289.8,290,285,285.4,2843,0
MBK,60,20221209,110000,285.8,285.8,282.2,284.8,1818,0
MBK,60,20221209,120000,285.4,285.6,283.4,284,1988,0
MBK,60,20221209,130000,284.6,284.6,281.6,281.6,3555,0
MBK,60,20221209,140000,282.6,284.8,282.2,284.6,7622,0
MBK,60,20221209,150000,285,285,281,282.8,6249,0
MBK,60,20221209,160000,281.8,282.6,280,281.2,8040,0
MBK,60,20221209,170000,281,282.4,280.2,281.2,17907,0
MBK,60,20221212,100000,290.8,290.8,278.2,279.4,3942,0
MBK,60,20221212,110000,279.6,285.6,279.6,285,6036,0
MBK,60,20221212,120000,285.6,286.8,284,286.4,3379,0
MBK,60,20221212,130000,286.6,286.6,285.2,286.4,1283,0
MBK,60,20221212,140000,285.8,286.8,285.4,286.4,1044,0
MBK,60,20221212,150000,286.8,288,286.2,287.4,2009,0
MBK,60,20221212,160000,287,287,284.4,284.6,5954,0
MBK,60,20221212,170000,284.8,290,284.6,289.4,5868,0
MBK,60,20221213,100000,290.8,294,288,289,5227,0
MBK,60,20221213,110000,288.8,289,286,286.8,4543,0
MBK,60,20221213,120000,287,288.4,285.6,286.2,5163,0
MBK,60,20221213,130000,285.2,287.8,285.2,287.6,1055,0
MBK,60,20221213,140000,287.2,290,287,289.8,1913,0
MBK,60,20221213,150000,289.8,295,289.4,293.2,34998,0
MBK,60,20221213,160000,293.4,298.6,293,297,10352,0
MBK,60,20221213,170000,297,297.2,289.6,290,26965,0
MBK,60,20221214,100000,293,293,287.6,292,4234,0
MBK,60,20221214,110000,291.6,293,289.6,289.6,3488,0
MBK,60,20221214,120000,289.6,290.2,288.8,289.6,1707,0
MBK,60,20221214,130000,289.6,292.8,289,292.8,1245,0
MBK,60,20221214,140000,292.2,293,290,290.6,1212,0
MBK,60,20221214,150000,290.8,294.6,290.6,294,2575,0
MBK,60,20221214,160000,294,296.4,293,296.4,4569,0
MBK,60,20221214,170000,296.4,296.8,295,295,13737,0
MBK,60,20221215,100000,295,296.8,284,285,10284,0
MBK,60,20221215,110000,284.2,288,284,286.8,1327,0
MBK,60,20221215,120000,286.4,288,285.2,286.4,5101,0
MBK,60,20221215,130000,286.2,287.2,286,286.2,941,0
MBK,60,20221215,140000,286,288,286,286.2,1576,0
MBK,60,20221215,150000,286.6,286.6,284.4,285.2,7410,0
MBK,60,20221215,160000,284.8,285.2,281.8,282.2,5227,0
MBK,60,20221215,170000,282.8,285,282.8,285,8699,0
MBK,60,20221216,100000,280,282.6,277.6,282,3416,0
MBK,60,20221216,110000,281.8,283,279.6,283,1625,0
MBK,60,20221216,120000,283,283,280.4,280.6,2105,0
MBK,60,20221216,130000,280.2,281.8,280,281.6,1419,0
MBK,60,20221216,140000,281.6,283,279,279.6,4157,0
MBK,60,20221216,150000,279.6,281.4,279.4,281.4,8169,0
MBK,60,20221216,160000,281,287,281,284,10816,0
MBK,60,20221216,170000,284.6,284.6,280.2,281.2,73471,0
MBK,60,20221219,100000,282,286,280.2,280.8,2241,0
MBK,60,20221219,110000,281,282.8,280.4,281.4,1704,0
MBK,60,20221219,120000,281.4,282,280.4,280.4,2876,0
MBK,60,20221219,130000,280.6,281,280,281,2783,0
MBK,60,20221219,140000,280.6,281,279.6,280.6,1566,0
MBK,60,20221219,150000,280.2,281,280,280,1821,0
MBK,60,20221219,160000,280.4,281,280.2,280.2,2377,0
MBK,60,20221219,170000,280.4,281.6,279.2,279.2,6845,0
MBK,60,20221220,100000,277.6,278.8,272.8,277.8,2618,0
MBK,60,20221220,110000,277.8,278.4,275.4,278.4,1556,0
MBK,60,20221220,120000,278.6,279.2,276.2,278,2145,0
MBK,60,20221220,130000,279,280,278.4,279.6,4454,0
MBK,60,20221220,140000,279.6,279.6,278.4,278.8,1099,0
MBK,60,20221220,150000,279.4,281,278.8,279.4,7625,0
MBK,60,20221220,160000,279.2,283,278.8,283,3924,0
MBK,60,20221220,170000,283,284.8,282.2,282.2,9285,0
MBK,60,20221221,100000,285,285.4,281.2,282.8,2506,0
MBK,60,20221221,110000,283.8,283.8,282,283.6,2063,0
MBK,60,20221221,120000,283.6,284,282.8,283.8,1529,0
MBK,60,20221221,130000,284.4,285.6,284.2,285.6,1112,0
MBK,60,20221221,140000,285.6,286.6,284.6,286.2,2035,0
MBK,60,20221221,150000,286.2,289.8,286.2,289.8,4431,0
MBK,60,20221221,160000,288.8,292.4,288.8,292.4,4406,0
MBK,60,20221221,170000,292.4,294.6,292.2,293.2,7532,0
MBK,60,20221222,100000,295.6,302.2,294,302.2,10212,0
MBK,60,20221222,110000,302.6,308,302,306,8197,0
MBK,60,20221222,120000,305.8,306,303.2,306,2369,0
MBK,60,20221222,130000,305.4,305.8,303.2,303.2,2686,0
MBK,60,20221222,140000,303.2,304.8,301.2,304.8,7486,0
MBK,60,20221222,150000,304.8,306,302.4,303.6,3603,0
MBK,60,20221222,160000,305,305.2,302,302.8,2840,0
MBK,60,20221222,170000,302,303,300.6,301.4,7190,0
MBK,60,20221223,100000,303.6,303.6,295,297,5715,0
MBK,60,20221223,110000,297,297.8,295.8,297.6,4006,0
MBK,60,20221223,120000,298,300,297.6,299.8,1929,0
MBK,60,20221223,130000,300,301.4,299.2,301.4,1763,0
MBK,60,20221223,140000,301.4,301.4,299.2,299.8,3083,0
MBK,60,20221223,150000,299.8,302.4,299.4,300,3200,0
MBK,60,20221223,160000,300.2,300.2,298.6,298.6,3537,0
MBK,60,20221223,170000,299.4,300.6,299.4,300,5246,0
MBK,60,20221227,100000,300,302,296.2,297,1970,0
MBK,60,20221227,110000,297.4,297.8,296.4,297.8,2270,0
MBK,60,20221227,120000,297.8,298.4,297,297.8,1144,0
MBK,60,20221227,130000,298.2,298.2,294.2,294.2,2329,0
MBK,60,20221227,140000,294.2,295.8,294.2,294.2,1183,0
MBK,60,20221227,150000,295,295.8,292,292,1809,0
MBK,60,20221227,160000,292,292.8,285,288.4,7378,0
MBK,60,20221227,170000,288.2,289,286.4,287,7174,0
MBK,60,20221228,100000,286,286,281.4,285.2,7599,0
MBK,60,20221228,110000,285,287.8,284.4,287.6,2270,0
MBK,60,20221228,120000,287.8,289.4,287.2,288,1794,0
MBK,60,20221228,130000,288,288.6,287.4,288.6,341,0
MBK,60,20221228,140000,288.6,290,288.6,289,1138,0
MBK,60,20221228,150000,289,289.8,288,289.6,1154,0
MBK,60,20221228,160000,289.2,292.8,289.2,291.4,3956,0
MBK,60,20221228,170000,291.8,293.8,291.4,293,8377,0
MBK,60,20221229,100000,293.8,293.8,288.2,289.6,1850,0
MBK,60,20221229,110000,290.4,290.8,289.4,289.4,502,0
MBK,60,20221229,120000,290,292,290,292,917,0
MBK,60,20221229,130000,292,294.2,291.8,293,1552,0
MBK,60,20221229,140000,293,295.2,292.6,294.6,2534,0
MBK,60,20221229,150000,294.6,295,291.6,292.2,1866,0
MBK,60,20221229,160000,292.4,294.8,290.2,294.4,3894,0
MBK,60,20221229,170000,294.2,298.4,294.2,296.8,14458,0
MBK,60,20221230,100000,296.6,296.6,292.8,294,3167,0
MBK,60,20221230,110000,293.4,295,292.4,295,1824,0
MBK,60,20221230,120000,295,297.6,294.4,296,1723,0
MBK,60,20221230,130000,295.6,297,295,296.6,1411,0
MBK,60,20221230,140000,296.4,297.4,296.2,296.6,1787,0
MBK,60,20221230,150000,297.2,297.4,294.6,296.6,4952,0
MBK,60,20221230,160000,296.2,297.6,295,295,8470,0
MBK,60,20221230,170000,294.8,298.2,294.8,296,11255,0
MBK,60,20230102,100000,296,302.8,294,302.8,3080,0
MBK,60,20230102,110000,302.6,302.8,299,299,1259,0
MBK,60,20230102,120000,299,299.8,297.8,298.8,468,0
MBK,60,20230102,130000,299.2,299.2,297.8,297.8,216,0
MBK,60,20230102,140000,298.2,298.6,297.4,297.8,611,0
MBK,60,20230102,150000,297.8,298,297.2,297.6,1092,0
MBK,60,20230102,160000,298,299,297.4,298.8,1028,0
MBK,60,20230102,170000,298.8,298.8,297.4,297.4,3002,0
MBK,60,20230103,100000,297.4,301,297,299.2,2640,0
MBK,60,20230103,110000,299.4,307.4,298,307.4,10657,0
MBK,60,20230103,120000,307.4,313,307.4,312.2,5358,0
MBK,60,20230103,130000,311,316.6,310,316.2,12354,0
MBK,60,20230103,140000,316.4,321.4,314.6,321.2,10957,0
MBK,60,20230103,150000,321.2,328.2,319.2,327.2,15047,0
MBK,60,20230103,160000,327,327.6,324.2,324.2,10776,0
MBK,60,20230103,170000,324.2,326,321.2,322.2,31764,0
MBK,60,20230104,100000,324,330.4,316,330,19019,0
MBK,60,20230104,110000,330.6,333.6,329,332.6,22081,0
MBK,60,20230104,120000,332.2,334.2,330.4,333,10961,0
MBK,60,20230104,130000,332.2,334,330.4,331,6090,0
MBK,60,20230104,140000,330.8,333,330.8,332.4,4425,0
MBK,60,20230104,150000,332.4,335.8,332.4,335.8,5930,0
MBK,60,20230104,160000,335.8,337.4,333.6,333.8,6072,0
MBK,60,20230104,170000,333.4,336.8,333.4,334,22713,0
MBK,60,20230105,100000,332,337,328,336,7823,0
MBK,60,20230105,110000,336.6,341.6,336,340.4,8622,0
MBK,60,20230105,120000,341.2,344,338.4,338.4,8663,0
MBK,60,20230105,130000,339.6,342,338.4,340,5992,0
MBK,60,20230105,140000,340,340.2,337.2,337.6,7057,0
MBK,60,20230105,150000,337.2,337.2,328.6,334.2,22283,0
MBK,60,20230105,160000,334.2,337.4,334,335,5904,0
MBK,60,20230105,170000,334.8,338,334.2,336.4,14088,0
MBK,60,20230109,100000,340,346.2,338.6,341,8320,0
MBK,60,20230109,110000,341,346.4,340.6,343.2,11571,0
MBK,60,20230109,120000,343.2,345.2,342.6,344.4,3771,0
MBK,60,20230109,130000,344.2,345.6,342.8,342.8,3164,0
MBK,60,20230109,140000,342.8,344.2,342.6,342.8,4604,0
MBK,60,20230109,150000,342.8,342.8,339.2,341.6,5166,0
MBK,60,20230109,160000,340.8,343.8,340,343.8,5009,0
MBK,60,20230109,170000,344,346.4,341.8,345,15715,0
MBK,60,20230110,100000,345,349.8,341.4,348,8280,0
MBK,60,20230110,110000,347.4,350.6,347,350.6,3508,0
MBK,60,20230110,120000,351,352.6,350,350.8,2815,0
MBK,60,20230110,130000,350.4,351.4,346.6,347.8,6837,0
MBK,60,20230110,140000,347,348.6,346.2,348.6,1121,0
MBK,60,20230110,150000,348.2,351.8,348.2,351.8,2116,0
MBK,60,20230110,160000,351.6,356.2,349,356.2,9150,0
MBK,60,20230110,170000,355.2,359.6,353.2,356,18049,0
MBK,60,20230111,100000,358,360.8,354.2,357.8,8262,0
MBK,60,20230111,110000,357.4,358,348.2,350.4,19919,0
MBK,60,20230111,120000,349,354,349,352,2646,0
MBK,60,20230111,130000,351.8,351.8,348.4,348.8,20693,0
MBK,60,20230111,140000,348.8,349.8,347.2,347.6,3195,0
MBK,60,20230111,150000,347,347.2,344.6,345.2,7433,0
MBK,60,20230111,160000,345.2,345.2,339.4,340.4,7435,0
MBK,60,20230111,170000,340.4,343.6,339.4,339.8,16643,0
MBK,60,20230112,100000,339,345.6,336.4,345.4,6604,0
MBK,60,20230112,110000,345.6,348.6,344,348,14362,0
MBK,60,20230112,120000,348,348,346,348,6313,0
MBK,60,20230112,130000,347.6,351,346.6,348,9064,0
MBK,60,20230112,140000,347.6,348,344,344.8,9073,0
MBK,60,20230112,150000,345,347.2,341.2,344.6,7000,0
MBK,60,20230112,160000,345.2,346.8,343.2,345.4,7407,0
MBK,60,20230112,170000,345.2,346,343.2,344.4,11005,0
MBK,60,20230113,100000,346.2,346.2,340,342.2,6921,0
MBK,60,20230113,110000,342,345.4,342,344.6,3810,0
MBK,60,20230113,120000,344.2,348,342,346.4,7666,0
MBK,60,20230113,130000,346.4,346.4,344,344.4,2851,0
MBK,60,20230113,140000,344.2,344.8,344,344.4,3786,0
MBK,60,20230113,150000,344.4,345.4,342,342.4,3030,0
MBK,60,20230113,160000,342.2,345.6,340,344.4,6455,0
MBK,60,20230113,170000,344,345.2,342.6,343.6,8105,0
MBK,60,20230116,100000,344.2,347.8,332.2,332.2,10318,0
MBK,60,20230116,110000,333.8,338.2,332.6,338,3392,0
MBK,60,20230116,120000,337,338,333.2,337,5157,0
MBK,60,20230116,130000,337,339.4,336,338.6,1932,0
MBK,60,20230116,140000,338.2,340,337.8,339.4,1120,0
MBK,60,20230116,150000,340,341.6,339.2,341.4,2534,0
MBK,60,20230116,160000,341.4,346.8,341.4,346.6,5215,0
MBK,60,20230116,170000,346.6,351.8,346,350.6,19334,0
MBK,60,20230117,100000,351,351,342.6,343,7877,0
MBK,60,20230117,110000,343.8,348.6,343.8,346.6,3513,0
MBK,60,20230117,120000,346.6,346.6,338.6,339.4,10213,0
MBK,60,20230117,130000,338.8,340.4,335.6,336.4,7980,0
MBK,60,20230117,140000,337.4,337.6,335,337.4,6877,0
MBK,60,20230117,150000,336.6,338.8,336,336.2,6377,0
MBK,60,20230117,160000,336,336.4,333.2,335,8769,0
MBK,60,20230117,170000,335,337.6,333,335.2,14056,0
MBK,60,20230118,100000,335.2,342.8,332.2,339.4,6356,0
MBK,60,20230118,110000,339,341,333.8,335.2,3025,0
MBK,60,20230118,120000,335.2,335.4,330.8,333.6,3727,0
MBK,60,20230118,130000,332.8,333.8,330.4,331.4,1667,0
MBK,60,20230118,140000,331.6,334,329.2,333.8,4146,0
MBK,60,20230118,150000,333.4,335.8,332.4,334.4,3829,0
MBK,60,20230118,160000,335,337,333.8,334.6,3807,0
MBK,60,20230118,170000,333.6,335,332.8,332.8,10505,0
MBK,60,20230119,100000,330,331.2,325,326.6,4996,0
MBK,60,20230119,110000,326.8,329,326.4,327,1431,0
MBK,60,20230119,120000,327,328.6,325.4,327,2463,0
MBK,60,20230119,130000,327.4,327.6,324.6,325.4,2805,0
MBK,60,20230119,140000,326.4,328.4,325.6,327.8,1411,0
MBK,60,20230119,150000,326.6,327.6,325.4,325.8,1583,0
MBK,60,20230119,160000,326.8,332.8,325.8,332.8,7219,0
MBK,60,20230119,170000,331.6,334.8,330.8,331,11199,0
MBK,60,20230120,100000,335.2,338,333.6,336.8,3283,0
MBK,60,20230120,110000,337.4,337.4,334,335.2,1814,0
MBK,60,20230120,120000,335.2,335.2,333,334.4,1075,0
MBK,60,20230120,130000,334.4,335.8,330.8,332,4400,0
MBK,60,20230120,140000,331,331.6,329.6,330.6,3828,0
MBK,60,20230120,150000,331.6,334,329.2,330,4043,0
MBK,60,20230120,160000,330,333.4,328.6,332.2,4554,0
MBK,60,20230120,170000,331.4,334,330.2,330.2,9509,0
MBK,60,20230123,100000,335,335,326.8,326.8,4857,0
MBK,60,20230123,110000,326.4,327.4,325.2,327.2,2486,0
MBK,60,20230123,120000,327.4,330.4,326.2,329.4,3951,0
MBK,60,20230123,130000,329.8,329.8,326.6,328,4431,0
MBK,60,20230123,140000,327.6,329,327.4,327.8,6934,0
MBK,60,20230123,150000,328,328,327.4,327.6,3914,0
MBK,60,20230123,160000,328,328,326.4,327.2,4074,0
MBK,60,20230123,170000,327.6,328.8,327,328,10420,0
MBK,60,20230124,100000,331.6,334,329.6,330,3360,0
MBK,60,20230124,110000,330,331,329,330,7775,0
MBK,60,20230124,120000,329,329.2,328.4,329.2,1957,0
MBK,60,20230124,130000,328.6,329.8,328.4,329,2417,0
MBK,60,20230124,140000,328.6,329.2,326.8,326.8,2112,0
MBK,60,20230124,150000,326.6,327,326.2,326.4,483,0
MBK,60,20230124,160000,326.6,328.4,325.4,327.8,2601,0
MBK,60,20230124,170000,328.2,329.8,326.8,329,6733,0
MBK,60,20230125,100000,322.8,328.6,314.4,316.2,22639,0
MBK,60,20230125,110000,316.6,319,316,317.4,13035,0
MBK,60,20230125,120000,317.8,318.8,312.4,317,19344,0
MBK,60,20230125,130000,317.8,319,317,318.4,5028,0
MBK,60,20230125,140000,318.6,319.8,316.6,316.6,3793,0
MBK,60,20230125,150000,316.6,317,314,314.6,5485,0
MBK,60,20230125,160000,314.8,315.2,310.2,310.2,10504,0
MBK,60,20230125,170000,310.4,313.4,308.4,313.4,31330,0
MBK,60,20230126,100000,317.8,320,311,311,7447,0
MBK,60,20230126,110000,311,314.8,309.8,314.8,2310,0
MBK,60,20230126,120000,315,315.8,314.4,314.6,1132,0
MBK,60,20230126,130000,314.4,315,314,314.2,939,0
MBK,60,20230126,140000,314.2,319,314,319,2552,0
MBK,60,20230126,150000,319,321.8,317.8,321.2,3341,0
MBK,60,20230126,160000,321.8,323.6,320.2,320.2,5583,0
MBK,60,20230126,170000,320.2,324,320,322.6,6003,0
MBK,60,20230127,100000,325,325.8,320.6,321.6,2251,0
MBK,60,20230127,110000,322.2,323.8,320.6,323.6,1116,0
MBK,60,20230127,120000,322.2,322.2,319,321.2,1845,0
MBK,60,20230127,130000,321,321.6,319.8,320.4,956,0
MBK,60,20230127,140000,320.4,321.4,318.6,318.6,1763,0
MBK,60,20230127,150000,318.8,321,316.2,318.6,3552,0
MBK,60,20230127,160000,319.6,322,319,319,3472,0
MBK,60,20230127,170000,318.6,321,316.2,317.4,11953,0
MBK,60,20230130,100000,310,313.6,308.6,313,4855,0
MBK,60,20230130,110000,312.8,313.2,311,313.2,1179,0
MBK,60,20230130,120000,313.2,313.6,311.2,312.4,1617,0
MBK,60,20230130,130000,312.6,313.6,310.4,310.4,1772,0
MBK,60,20230130,140000,311,312.8,309.2,312,2028,0
MBK,60,20230130,150000,312,312.4,308.2,309,4718,0
MBK,60,20230130,160000,309,309.8,307.2,307.6,4660,0
MBK,60,20230130,170000,307.4,309.2,306.2,309.2,8607,0
MBK,60,20230131,100000,309,312.8,307.8,312.8,5740,0
MBK,60,20230131,110000,313,315.8,312.4,315.6,3960,0
MBK,60,20230131,120000,315.8,315.8,313.4,314.8,1997,0
MBK,60,20230131,130000,315.6,319,315,318.4,3878,0
MBK,60,20230131,140000,318.4,319,316.6,316.8,2517,0
MBK,60,20230131,150000,317.2,319.2,317.2,318.6,3227,0
MBK,60,20230131,160000,318.4,320.8,317.6,318,4358,0
MBK,60,20230131,170000,317.8,319.4,317.4,317.8,16324,0
MBK,60,20230201,100000,320,321.8,314.8,315.2,5337,0
MBK,60,20230201,110000,314.4,317.4,314.2,314.6,1517,0
MBK,60,20230201,120000,314,317,314,317,1208,0
MBK,60,20230201,130000,317,320.2,316.4,318.2,3364,0
MBK,60,20230201,140000,318.4,320,317,318.4,1375,0
MBK,60,20230201,150000,319.2,319.2,316,316,823,0
MBK,60,20230201,160000,316.6,318,315.4,316.6,3801,0
MBK,60,20230201,170000,316,317,314.2,314.8,9722,0
MBK,60,20230202,100000,320.4,323.6,314.2,314.8,5444,0
MBK,60,20230202,110000,314.2,319.4,313,317.4,3454,0
MBK,60,20230202,120000,318,320.4,316.4,316.4,1848,0
MBK,60,20230202,130000,316,317,314.4,317,2065,0
MBK,60,20230202,140000,317.6,319.8,315.8,319.8,1536,0
MBK,60,20230202,150000,319.2,321.6,318.8,319.6,2784,0
MBK,60,20230202,160000,320,320.6,317.8,318.6,4419,0
MBK,60,20230202,170000,318.6,320,317.8,318.8,7529,0
MBK,60,20230203,100000,320.2,320.2,316.2,318,1971,0
MBK,60,20230203,110000,317.4,322.8,317.4,319.6,1347,0
MBK,60,20230203,120000,320.4,322.2,319.8,321.6,1201,0
MBK,60,20230203,130000,321.6,321.8,317.2,319.4,12004,0
MBK,60,20230203,140000,319.4,322,318.8,320,2055,0
MBK,60,20230203,150000,320,320.6,318.8,320.2,3393,0
MBK,60,20230203,160000,319.4,320.6,317.4,318.2,2360,0
MBK,60,20230203,170000,318.8,321.6,318.4,320,7697,0
MBK,60,20230206,100000,320,322.2,316.4,316.4,1656,0
MBK,60,20230206,110000,316.8,316.8,313,313,1483,0
MBK,60,20230206,120000,313.8,313.8,310.6,311.8,1678,0
MBK,60,20230206,130000,311.6,313.4,310.4,313.2,1653,0
MBK,60,20230206,140000,313.2,315.6,313.2,314.6,2641,0
MBK,60,20230206,150000,314.6,315,312,312.4,2245,0
MBK,60,20230206,160000,312,313,311.4,312,2805,0
MBK,60,20230206,170000,312,314.2,311.2,312.6,7882,0
MBK,60,20230207,100000,315,319,312,312,4204,0
MBK,60,20230207,110000,312.8,315.4,311.6,314.2,772,0
MBK,60,20230207,120000,315.2,315.2,312,312,835,0
MBK,60,20230207,130000,312.2,312.6,311.8,312,1259,0
MBK,60,20230207,140000,312.6,314,312.6,313.2,795,0
MBK,60,20230207,150000,313.2,314,313.2,313.2,752,0
MBK,60,20230207,160000,313.8,314.2,313.2,314,2408,0
MBK,60,20230207,170000,314,314,312.4,312.6,8056,0
MBK,60,20230208,100000,314,317,314,317,2405,0
MBK,60,20230208,110000,317.2,319,317.2,318,1846,0
MBK,60,20230208,120000,318,318.8,317.6,318.2,1919,0
MBK,60,20230208,130000,318,318.8,317.2,318.8,1883,0
MBK,60,20230208,140000,319,319.2,318,318.6,2013,0
MBK,60,20230208,150000,318.8,320,318.4,319.4,2529,0
MBK,60,20230208,160000,319.4,319.4,318.2,318.2,1973,0
MBK,60,20230208,170000,318.2,319.8,317.2,318,6753,0
MBK,60,20230209,100000,320.6,325.8,320,325,7919,0
MBK,60,20230209,110000,325,328.2,325,327,8525,0
MBK,60,20230209,120000,327,328.2,325.4,326.6,2294,0
MBK,60,20230209,130000,326,326.6,325.2,325.4,2849,0
MBK,60,20230209,140000,325.2,326,324,324,4315,0
MBK,60,20230209,150000,324,324,322.2,323,2699,0
MBK,60,20230209,160000,322.6,322.6,318.8,318.8,2278,0
MBK,60,20230209,170000,319,321,318,319,6346,0
MBK,60,20230210,100000,321,322,316.2,317.4,1228,0
MBK,60,20230210,110000,317.6,318.6,314,314,1617,0
MBK,60,20230210,120000,313.4,313.6,309.8,309.8,8440,0
MBK,60,20230210,130000,310.2,311.4,306.4,310,7674,0
MBK,60,20230210,140000,310.2,312.4,308.2,308.2,2069,0
MBK,60,20230210,150000,308.2,311.2,307,307.2,3759,0
MBK,60,20230210,160000,308,308.2,305.8,306.2,3882,0
MBK,60,20230210,170000,306.2,310.4,305.8,309.4,12568,0
MBK,60,20230213,100000,310,316,308.4,311.4,3038,0
MBK,60,20230213,110000,312,312.6,307.4,308.8,2759,0
MBK,60,20230213,120000,308.4,309.4,306.6,307,1779,0
MBK,60,20230213,130000,306.6,309.2,306.6,309,5915,0
MBK,60,20230213,140000,309.4,310.4,308.4,310,2083,0
MBK,60,20230213,150000,309.4,311.4,309.4,310.8,2680,0
MBK,60,20230213,160000,310.6,313,308.2,312.2,4345,0
MBK,60,20230213,170000,312,315,311,313,4596,0
MBK,60,20230214,100000,315,316,313.4,315,2664,0
MBK,60,20230214,110000,315.2,319.4,315,319.4,9263,0
MBK,60,20230214,120000,319.4,320.4,318,320,6130,0
MBK,60,20230214,130000,319.6,320,317.4,317.6,2991,0
MBK,60,20230214,140000,318,319.8,317.6,319,1966,0
MBK,60,20230214,150000,319.4,320.4,318,318.6,2639,0
MBK,60,20230214,160000,318.8,320.8,317.4,320.2,6651,0
MBK,60,20230214,170000,319.8,320.4,318.8,320,15612,0
MBK,60,20230215,100000,320,320.6,317,320,1243,0
MBK,60,20230215,110000,319.8,322.6,319.2,319.4,29698,0
MBK,60,20230215,120000,318.6,321,318.6,321,1271,0
MBK,60,20230215,130000,321,325,320.2,323.8,12726,0
MBK,60,20230215,140000,323.8,324.8,323.2,324,2560,0
MBK,60,20230215,150000,323.8,324.2,320.2,321,5043,0
MBK,60,20230215,160000,320.8,324.8,320,322.8,23885,0
MBK,60,20230215,170000,323.2,324,320.8,321.4,14187,0
MBK,60,20230216,100000,321.6,326.8,321.6,325.8,5761,0
MBK,60,20230216,110000,326,326.2,306.2,309.6,37923,0
MBK,60,20230216,120000,309.2,309.2,302.2,306.8,37281,0
MBK,60,20230216,130000,306.8,311,305.4,309.2,26301,0
MBK,60,20230216,140000,309.2,314,308.6,313.4,14263,0
MBK,60,20230216,150000,313.4,320.2,313.4,320,21508,0
MBK,60,20230216,160000,320.2,325.6,319,325,18488,0
MBK,60,20230216,170000,325,327.8,324,327.2,13155,0
MBK,60,20230217,100000,323.8,323.8,316.4,323.2,12884,0
MBK,60,20230217,110000,323.2,326,318.4,319.6,8007,0
MBK,60,20230217,120000,320,320.2,315.4,318.4,7059,0
MBK,60,20230217,130000,318.8,318.8,315,316.2,5031,0
MBK,60,20230217,140000,316.8,321.6,316.8,320.6,4413,0
MBK,60,20230217,150000,320.2,320.8,319.8,320,6366,0
MBK,60,20230217,160000,320.6,322.6,320.2,321.4,4423,0
MBK,60,20230217,170000,321.4,322,320.8,322,11705,0
MBK,60,20230220,100000,322.8,322.8,315.8,318.2,4298,0
MBK,60,20230220,110000,318.2,319,314.2,316.2,5149,0
MBK,60,20230220,120000,315.6,317.4,315.6,317.4,546,0
MBK,60,20230220,130000,316.6,319.6,316.6,319.4,1310,0
MBK,60,20230220,140000,319,320.6,318.6,320.6,534,0
MBK,60,20230220,150000,320.6,320.6,318.8,319.8,1497,0
MBK,60,20230220,160000,320,320.6,318.6,319.4,1283,0
MBK,60,20230220,170000,319.6,320.4,317.8,319.2,2395,0
MBK,60,20230221,100000,319.2,320.6,314.4,315.4,995,0
MBK,60,20230221,110000,314.8,316,312.6,316,1409,0
MBK,60,20230221,120000,316.2,316.2,314.2,314.8,777,0
MBK,60,20230221,130000,314.2,314.8,313.2,313.8,1608,0
MBK,60,20230221,140000,314,314,310.4,313.4,4760,0
MBK,60,20230221,150000,313,315,312.2,315,1752,0
MBK,60,20230221,160000,315.2,318.6,314.6,315.8,3960,0
MBK,60,20230221,170000,315.4,316,313.6,314.6,5421,0
MBK,60,20230222,100000,318.2,318.2,310.4,311,3779,0
MBK,60,20230222,110000,311.2,313.8,311.2,313,1833,0
MBK,60,20230222,120000,313.8,314.2,312,312.2,731,0
MBK,60,20230222,130000,312.4,313.4,311.8,312.6,4151,0
MBK,60,20230222,140000,312,313.4,310.6,310.6,6426,0
MBK,60,20230222,150000,311.2,312.6,310,312.6,2739,0
MBK,60,20230222,160000,312.6,313,311.4,311.4,2224,0
MBK,60,20230222,170000,311.2,313.2,310.4,312,5914,0
MBK,60,20230223,100000,312,315,310.6,313.2,1834,0
MBK,60,20230223,110000,313,313.8,311.2,313,1096,0
MBK,60,20230223,120000,313.6,313.8,312,312.6,683,0
MBK,60,20230223,130000,313.4,314,312,313.2,1539,0
MBK,60,20230223,140000,312.8,313,310,311.2,1409,0
MBK,60,20230223,150000,311,311.4,310.6,311,528,0
MBK,60,20230223,160000,311.4,313,310.6,313,2713,0
MBK,60,20230223,170000,313.6,314,310.6,314,5596,0
MBK,60,20230224,100000,315,318,313.2,316.6,2475,0
MBK,60,20230224,110000,317,319.2,316.6,317.4,1793,0
MBK,60,20230224,120000,317,318.4,316.6,318,1036,0
MBK,60,20230224,130000,318,318.2,315.6,315.8,887,0
MBK,60,20230224,140000,315.8,318,315.8,317,1112,0
MBK,60,20230224,150000,316.4,317.8,315,316,1575,0
MBK,60,20230224,160000,316,318,316,316.8,1892,0
MBK,60,20230224,170000,317.4,319,316,317.6,6295,0
MBK,60,20230227,100000,320.8,321.4,317.8,320,1545,0
MBK,60,20230227,110000,320,320.2,318,318.4,636,0
MBK,60,20230227,120000,318.2,319.6,317.6,319.6,228,0
MBK,60,20230227,130000,319.6,319.6,318.6,318.6,189,0
MBK,60,20230227,140000,319,320.2,318,319.4,895,0
MBK,60,20230227,150000,318.6,320,317.6,319.6,1115,0
MBK,60,20230227,160000,320,320,317.4,317.8,1921,0
MBK,60,20230227,170000,318,319.2,316,316,3205,0
MBK,60,20230228,100000,316,320.4,315.4,319.4,1589,0
MBK,60,20230228,110000,320.2,322.4,319.6,321.4,3432,0
MBK,60,20230228,120000,321.2,324,321.2,323.2,3595,0
MBK,60,20230228,130000,323.2,325.8,322.4,324.6,4720,0
MBK,60,20230228,140000,325,326.6,324.4,325.4,2668,0
MBK,60,20230228,150000,325.4,328.6,325,327.8,6161,0
MBK,60,20230228,160000,327.2,328.8,326.2,328.6,6345,0
MBK,60,20230228,170000,328.4,329.2,325.6,328,28236,0
MBK,60,20230301,100000,326.4,327.8,320.2,325.2,1996,0
MBK,60,20230301,110000,325.4,326.2,324,326.2,2207,0
MBK,60,20230301,120000,325.8,327.8,325.2,325.4,2746,0
MBK,60,20230301,130000,325.2,326.4,323,324.2,3124,0
MBK,60,20230301,140000,324,325.2,323.4,324,2601,0
MBK,60,20230301,150000,324,324.2,319.8,319.8,4359,0
MBK,60,20230301,160000,319.6,322,319.4,321.2,2890,0
MBK,60,20230301,170000,320.6,325.6,319,323.8,7290,0
MBK,60,20230302,100000,324,324,316,318,2124,0
MBK,60,20230302,110000,317.6,317.6,313.8,314.6,3214,0
MBK,60,20230302,120000,314.4,314.8,312.2,314,6012,0
MBK,60,20230302,130000,314.6,315.2,312.8,313.2,1927,0
MBK,60,20230302,140000,313.4,314.6,312.2,314.4,4944,0
MBK,60,20230302,150000,314.6,315,312.2,312.4,2580,0
MBK,60,20230302,160000,312.4,314,311.2,313,5104,0
MBK,60,20230302,170000,312.2,314.2,311.2,311.2,5546,0
MBK,60,20230303,100000,314,315.2,312,315,1447,0
MBK,60,20230303,110000,315.4,317,313.6,314.4,1259,0
MBK,60,20230303,120000,314,315.6,314,314.2,668,0
MBK,60,20230303,130000,315.4,315.8,314.6,314.6,533,0
MBK,60,20230303,140000,315.2,315.6,314.2,314.6,442,0
MBK,60,20230303,150000,314.2,314.8,313.4,313.6,854,0
MBK,60,20230303,160000,314,314.6,311.8,314.6,1385,0
MBK,60,20230303,170000,313.8,317,313,316.2,3748,0
MBK,60,20230306,100000,319.2,322,316.4,320.4,2734,0
MBK,60,20230306,110000,320.8,325,320.2,324.8,2601,0
MBK,60,20230306,120000,324.8,328.4,324.6,327.4,6016,0
MBK,60,20230306,130000,327.4,327.4,322.4,322.8,1338,0
MBK,60,20230306,140000,322.2,324,320.6,323.8,2283,0
MBK,60,20230306,150000,323.6,325,322,324.2,937,0
MBK,60,20230306,160000,324.2,326.8,324,325.8,1862,0
MBK,60,20230306,170000,325.6,328.8,325.2,326.4,8503,0
MBK,60,20230307,100000,328,328,321.2,321.8,2825,0
MBK,60,20230307,110000,321.8,325,321.6,323.8,2405,0
MBK,60,20230307,120000,324,329,324,327.8,3301,0
MBK,60,20230307,130000,328,328,324.2,325,629,0
MBK,60,20230307,140000,325.4,325.4,323.4,324.4,575,0
MBK,60,20230307,150000,324.4,327.2,323.8,327,1066,0
MBK,60,20230307,160000,326.4,327,324.4,324.4,2198,0
MBK,60,20230307,170000,324.2,324.2,321,321,5010,0
MBK,60,20230308,100000,321.2,324.2,318.4,321.6,1205,0
MBK,60,20230308,110000,321.4,321.4,317,318.8,1396,0
MBK,60,20230308,120000,319.4,320.8,318.2,320.8,668,0
MBK,60,20230308,130000,321,321.4,320.2,320.2,534,0
MBK,60,20230308,140000,320,320.6,319.6,320,205,0
MBK,60,20230308,150000,320,323,320,322.2,1026,0
MBK,60,20230308,160000,322.2,324,321,323.8,1472,0
MBK,60,20230308,170000,323.4,325.4,320,321.8,3692,0
MBK,60,20230309,100000,325,325.2,318,320.6,1722,0
MBK,60,20230309,110000,319.8,320,317.8,318.2,1451,0
MBK,60,20230309,120000,317.6,320.6,317.6,320.6,1278,0
MBK,60,20230309,130000,319.8,320.4,318.8,319.4,932,0
MBK,60,20230309,140000,319.2,319.6,318.4,318.8,763,0
MBK,60,20230309,150000,319,320.4,318.4,319.6,1409,0
MBK,60,20230309,160000,320,320.2,318.8,318.8,1157,0
MBK,60,20230309,170000,318.6,319.2,316.4,317.8,4811,0
MBK,60,20230310,100000,315,315.8,306.4,308.2,11181,0
MBK,60,20230310,110000,308.8,311.8,307.6,308.6,4723,0
MBK,60,20230310,120000,309,309.4,306.6,307,2399,0
MBK,60,20230310,130000,307.6,307.8,305,305.6,4851,0
MBK,60,20230310,140000,305.6,305.8,304.2,305.4,3086,0
MBK,60,20230310,150000,304.4,308,303.4,307.8,3554,0
MBK,60,20230310,160000,306.4,307.4,301.4,303.8,4467,0
MBK,60,20230310,170000,303.8,305.2,303,304.2,4744,0
MBK,60,20230313,100000,310,310.2,295.4,295.4,8155,0
MBK,60,20230313,110000,296.6,296.6,287.6,291,6429,0
MBK,60,20230313,120000,291,294.6,288.8,293.6,12770,0
MBK,60,20230313,130000,294,296.2,293.2,294.4,3376,0
MBK,60,20230313,140000,294.4,294.4,289,291.4,5248,0
MBK,60,20230313,150000,291.6,295,289,294.2,3087,0
MBK,60,20230313,160000,294.2,296,292.6,294,3036,0
MBK,60,20230313,170000,294.6,298,294.2,295.8,8372,0
MBK,60,20230314,100000,294.4,297.2,290,292,6589,0
MBK,60,20230314,110000,291,293.4,288.8,290.6,3883,0
MBK,60,20230314,120000,291.6,292.8,290.8,292,2240,0
MBK,60,20230314,130000,292.4,293.4,291.6,292,2393,0
MBK,60,20230314,140000,292,298.8,291.8,298,5164,0
MBK,60,20230314,150000,298,299.4,296.4,299.2,4735,0
MBK,60,20230314,160000,299.2,299.6,296.2,297.2,5356,0
MBK,60,20230314,170000,296.2,296.6,292.8,294.6,9155,0
MBK,60,20230315,100000,294.4,298.8,292,294.4,2123,0
MBK,60,20230315,110000,294,294.4,287.8,288.6,4249,0
MBK,60,20230315,120000,288.2,288.8,281.8,283.2,5714,0
MBK,60,20230315,130000,283.8,286,281,282.6,5289,0
MBK,60,20230315,140000,282.2,284.8,280,283,5450,0
MBK,60,20230315,150000,282.8,286.4,282,284.2,5961,0
MBK,60,20230315,160000,283.8,288,283.6,287.4,5082,0
MBK,60,20230315,170000,287.4,289.4,286,286,6736,0
MBK,60,20230316,100000,290.8,292.8,284.6,287.2,6792,0
MBK,60,20230316,110000,287.4,287.4,281.4,282.8,5041,0
MBK,60,20230316,120000,282.6,284,279.2,281,14590,0
MBK,60,20230316,130000,280,280.2,276.6,277.2,6590,0
MBK,60,20230316,140000,277.6,279,274.6,278.6,10931,0
MBK,60,20230316,150000,278.2,281.4,276.6,280.8,6110,0
MBK,60,20230316,160000,281.6,282,276.2,280.6,9518,0
MBK,60,20230316,170000,281,283.6,280,283,5614,0
MBK,60,20230317,100000,286,290,286,287.6,3952,0
MBK,60,20230317,110000,287.4,288.2,283.6,284.6,2522,0
MBK,60,20230317,120000,284.2,284.8,282.4,283.2,1239,0
MBK,60,20230317,130000,282.4,282.4,278,280.6,997,0
MBK,60,20230317,140000,280,280,277.4,277.4,1302,0
MBK,60,20230317,150000,278,278.6,273.4,274,4495,0
MBK,60,20230317,160000,274,277.2,270.4,272.2,7351,0
MBK,60,20230317,170000,273.2,274.4,270,272.8,40931,0
MBK,60,20230320,100000,275,275.2,256.4,263.2,14967,0
MBK,60,20230320,110000,264.8,268.8,260.8,268.6,6122,0
MBK,60,20230320,120000,267.2,268.6,262.8,265.4,3366,0
MBK,60,20230320,130000,265.4,266.6,263.4,265.6,3530,0
MBK,60,20230320,140000,265.6,270.4,264.6,270.2,3023,0
MBK,60,20230320,150000,270,273,268.8,272,3741,0
MBK,60,20230320,160000,271.6,272.6,268.2,272.4,2508,0
MBK,60,20230320,170000,272.4,273.8,270,273.8,6405,0
MBK,60,20230321,100000,276,285.4,275.6,282.2,6378,0
MBK,60,20230321,110000,283.8,283.8,279.2,283.8,2779,0
MBK,60,20230321,120000,283.4,283.4,280,282,4733,0
MBK,60,20230321,130000,281.6,282.4,280.2,281.6,706,0
MBK,60,20230321,140000,281.4,282.6,280,281,1932,0
MBK,60,20230321,150000,281,282,280.2,281.2,895,0
MBK,60,20230321,160000,281.4,282.2,280,280.6,3175,0
MBK,60,20230321,170000,280.8,288,280.8,288,8488,0
MBK,60,20230322,100000,288.4,288.4,280,284.6,4646,0
MBK,60,20230322,110000,284.2,289.8,283.2,289.2,994,0
MBK,60,20230322,120000,289.4,289.4,287.2,289.4,830,0
MBK,60,20230322,130000,288.8,290.2,287,287.2,1953,0
MBK,60,20230322,140000,287,288,283.2,284.2,2361,0
MBK,60,20230322,150000,284,285.8,282.2,285.2,1777,0
MBK,60,20230322,160000,285.8,286.2,282.6,282.6,1160,0
MBK,60,20230322,170000,282.2,283.8,280,281.2,5977,0
MBK,60,20230323,100000,281,284.6,279,283.2,1873,0
MBK,60,20230323,110000,283.2,283.8,276.8,276.8,2498,0
MBK,60,20230323,120000,276.6,279.4,276,279,1494,0
MBK,60,20230323,130000,280.4,281.6,279.2,279.8,1694,0
MBK,60,20230323,140000,279.8,281.8,278.6,281.8,1698,0
MBK,60,20230323,150000,281.2,281.8,279.4,280.2,1179,0
MBK,60,20230323,160000,280.8,282.8,279.6,282.4,2277,0
MBK,60,20230323,170000,282.4,284.2,281.4,283,8012,0
MBK,60,20230324,100000,280,282.4,275,277,2570,0
MBK,60,20230324,110000,276,276.8,271,271.2,2908,0
MBK,60,20230324,120000,271.2,274.6,270.6,272.8,3120,0
MBK,60,20230324,130000,272.8,275.4,272,274.2,3656,0
MBK,60,20230324,140000,274.2,277.2,274.2,276.8,2834,0
MBK,60,20230324,150000,276.2,276.2,273.8,275.8,4170,0
MBK,60,20230324,160000,275.8,276.8,274.2,275.8,3650,0
MBK,60,20230324,170000,275.4,275.8,273,274.2,10053,0
MBK,60,20230327,100000,274.2,278.6,272,272.8,4459,0
MBK,60,20230327,110000,273.4,275.8,272.2,273,1335,0
MBK,60,20230327,120000,273.4,274,271,273,1541,0
MBK,60,20230327,130000,273.4,277.2,273,276.6,1028,0
MBK,60,20230327,140000,276.6,278,275.6,276,1327,0
MBK,60,20230327,150000,276.8,278.2,276.2,277.2,1019,0
MBK,60,20230327,160000,278.4,279.8,277.6,279.2,1424,0
MBK,60,20230327,170000,279,279.4,275.2,277,3559,0
MBK,60,20230328,100000,277,290,277,289.8,8942,0
MBK,60,20230328,110000,289.8,293.6,288.6,292,4064,0
MBK,60,20230328,120000,292.2,293.6,290,290.4,2431,0
MBK,60,20230328,130000,290.4,293.4,290.2,292.2,1696,0
MBK,60,20230328,140000,292,294.4,290.6,290.6,1953,0
MBK,60,20230328,150000,290.6,291,286,287.6,2388,0
MBK,60,20230328,160000,287.6,288.8,285.2,286.4,3411,0
MBK,60,20230328,170000,286.8,288.2,286,286.8,5772,0
MBK,60,20230329,100000,292.6,294.6,288.4,290.4,2305,0
MBK,60,20230329,110000,290,294.6,288,294.4,2205,0
MBK,60,20230329,120000,294,294.6,292,292,2788,0
MBK,60,20230329,130000,291.6,295,290.4,295,2520,0
MBK,60,20230329,140000,294.8,297,292.8,296.4,3076,0
MBK,60,20230329,150000,296.2,298.6,295,298.6,3877,0
MBK,60,20230329,160000,298.6,299,297.2,298,3503,0
MBK,60,20230329,170000,297.8,299.2,297,298.8,9595,0
MBK,60,20230330,100000,300.8,304.4,300,303.2,3261,0
MBK,60,20230330,110000,303.2,306.4,302.6,305.4,4583,0
MBK,60,20230330,120000,305.2,306,303.2,305,5424,0
MBK,60,20230330,130000,305.6,306,304,304,8646,0
MBK,60,20230330,140000,304.2,306,302.8,304.6,5182,0
MBK,60,20230330,150000,305.2,306.4,305,305.2,5036,0
MBK,60,20230330,160000,305.6,306.4,305,305.4,3198,0
MBK,60,20230330,170000,305.4,306.6,305,305.8,6486,0
MBK,60,20230331,100000,306,307.8,301.4,303.8,2177,0
MBK,60,20230331,110000,304,305,301.8,304,2381,0
MBK,60,20230331,120000,304,306.8,304,306.6,2268,0
MBK,60,20230331,130000,305.8,306,304.8,305.2,844,0
MBK,60,20230331,140000,305.2,306.6,305,305.8,1774,0
MBK,60,20230331,150000,305.4,306.8,305.4,306.6,1566,0
MBK,60,20230331,160000,307,308.6,305,305,6142,0
MBK,60,20230331,170000,305.2,307.4,304.6,306.4,11420,0
MBK,60,20230403,100000,309.8,317.6,307,316.8,4195,0
MBK,60,20230403,110000,317.2,320.2,314.6,319,3447,0
MBK,60,20230403,120000,319.2,320.6,318.4,319.8,2137,0
MBK,60,20230403,130000,319.8,319.8,318,318.8,1338,0
MBK,60,20230403,140000,318.6,318.6,315.4,318,1857,0
MBK,60,20230403,150000,317.8,318.6,316.2,317.2,1924,0
MBK,60,20230403,160000,317.2,318.4,315.2,317.4,2651,0
MBK,60,20230403,170000,317.4,319,315,319,7419,0
MBK,60,20230404,100000,318.8,323.2,318.6,321.4,7981,0
MBK,60,20230404,110000,321.4,324.8,321.4,323,3751,0
MBK,60,20230404,120000,322.8,325,322.8,324,2894,0
MBK,60,20230404,130000,324.6,327,324,326,2384,0
MBK,60,20230404,140000,325.8,325.8,323.4,323.4,539,0
MBK,60,20230404,150000,323.4,326.2,323.2,326.2,1261,0
MBK,60,20230404,160000,326.2,327.2,323.8,324.4,3052,0
MBK,60,20230404,170000,324.6,326,322.8,324.4,8582,0
MBK,60,20230405,100000,316.2,322.8,313.2,318.6,3616,0
MBK,60,20230405,110000,318.6,319.6,317.4,319.2,1941,0
MBK,60,20230405,120000,319.8,322.4,319.8,322,2730,0
MBK,60,20230405,130000,321.6,324,321.2,324,1493,0
MBK,60,20230405,140000,324.2,324.2,322.2,322.2,4146,0
MBK,60,20230405,150000,322.6,322.8,319.6,321,2434,0
MBK,60,20230405,160000,321.4,323,321,322.6,1889,0
MBK,60,20230405,170000,322.6,322.6,320.8,320.8,5603,0
MBK,60,20230406,100000,321.2,324.4,320.2,321.4,2151,0
MBK,60,20230406,110000,321.4,324,321,323.6,1339,0
MBK,60,20230406,120000,323.4,323.4,321,321.6,1488,0
MBK,60,20230406,130000,321,321.6,320,320.4,1259,0
MBK,60,20230406,140000,320.4,322.8,320.2,322.4,3382,0
MBK,60,20230406,150000,323,323.2,320,320,609,0
MBK,60,20230406,160000,320,324,320,324,2339,0
MBK,60,20230406,170000,323.4,325.4,322.6,323.4,5826,0
MBK,60,20230411,100000,324,328.6,324,327.6,4426,0
MBK,60,20230411,110000,327,330.8,326.4,327.2,3386,0
MBK,60,20230411,120000,327.6,329.4,327,329.2,1783,0
MBK,60,20230411,130000,329.4,330.6,328.6,330.6,3763,0
MBK,60,20230411,140000,330.6,330.8,328.6,329.8,1842,0
MBK,60,20230411,150000,329.8,330.4,329,329.6,2008,0
MBK,60,20230411,160000,329,330.8,329,329.4,3224,0
MBK,60,20230411,170000,329.4,331.2,328.4,329.8,8714,0
MBK,60,20230412,100000,329.8,332.6,326.6,332,2368,0
MBK,60,20230412,110000,331.8,334.6,331.6,334,4883,0
MBK,60,20230412,120000,334.4,335.4,333,334.4,1930,0
MBK,60,20230412,130000,334.2,336.4,334,334.2,2019,0
MBK,60,20230412,140000,334,335.6,334,335,1324,0
MBK,60,20230412,150000,335.2,341.6,334.6,341.2,8748,0
MBK,60,20230412,160000,340.8,343.8,339.6,341.4,7218,0
MBK,60,20230412,170000,341.6,343.6,341.2,342.2,8046,0
MBK,60,20230413,100000,338.4,346.8,338.4,346.8,6210,0
MBK,60,20230413,110000,346.8,350,346.8,349.4,17235,0
MBK,60,20230413,120000,349.2,351,348,349.2,9015,0
MBK,60,20230413,130000,349,351.2,348.8,350.6,3970,0
MBK,60,20230413,140000,350.6,353.6,350.2,353.2,7273,0
MBK,60,20230413,150000,353.2,355.6,350.4,355.6,5413,0
MBK,60,20230413,160000,355.2,355.2,347.6,351.6,6561,0
MBK,60,20230413,170000,351,353.8,348.4,350.8,17559,0
MBK,60,20230414,100000,349.4,352,346.8,347.6,2789,0
MBK,60,20230414,110000,348,350.2,346.2,348.2,3872,0
MBK,60,20230414,120000,347.6,348.2,347.6,347.8,2233,0
MBK,60,20230414,130000,347.6,348.2,347.6,348.2,1965,0
MBK,60,20230414,140000,348.2,357.4,348,355.4,10070,0
MBK,60,20230414,150000,355.4,360.6,354.8,359.4,7696,0
MBK,60,20230414,160000,359.2,360.4,358.4,359.6,6206,0
MBK,60,20230414,170000,359.6,360.2,354.8,356.6,5963,0
MBK,60,20230417,100000,348.8,361.8,348.8,359.8,8447,0
MBK,60,20230417,110000,360.4,363,356.8,357.4,5881,0
MBK,60,20230417,120000,357.6,357.8,353.6,356,4798,0
MBK,60,20230417,130000,357.2,357.2,354.2,355.8,1556,0
MBK,60,20230417,140000,355.4,355.4,353.2,354,1676,0
MBK,60,20230417,150000,354.2,356.6,353,356.6,1881,0
MBK,60,20230417,160000,356.8,357.6,354.8,355.8,3457,0
MBK,60,20230417,170000,356,357.2,354.4,356,5831,0
MBK,60,20230418,100000,354.8,357.8,354.8,356,1488,0
MBK,60,20230418,110000,355.8,362.8,355.8,362,3896,0
MBK,60,20230418,120000,361.8,364.6,361.4,364.2,4180,0
MBK,60,20230418,130000,364.2,365.6,361,362,4272,0
MBK,60,20230418,140000,362,362,357.4,360,2162,0
MBK,60,20230418,150000,360.4,363.8,358.4,361,7547,0
MBK,60,20230418,160000,360.8,361.8,359,359.6,4829,0
MBK,60,20230418,170000,359.6,360,356,360,6618,0
MBK,60,20230419,100000,360.4,361.4,355.8,355.8,1293,0
MBK,60,20230419,110000,355.6,358,354,356,1725,0
MBK,60,20230419,120000,355.6,356.8,353.8,356.8,1582,0
MBK,60,20230419,130000,357.2,359.6,356.8,359.4,1477,0
MBK,60,20230419,140000,359.6,363.4,359.4,363.4,2137,0
MBK,60,20230419,150000,363,364.6,362,364.2,2145,0
MBK,60,20230419,160000,364,365.4,362.6,364.4,4728,0
MBK,60,20230419,170000,364.6,365.6,362.2,365.2,5547,0
MBK,60,20230420,100000,364.6,375.1,364,373.6,5611,0
MBK,60,20230420,110000,373.1,374.3,370.3,372.1,2990,0
MBK,60,20230420,120000,371.5,371.6,368.4,369.4,3594,0
MBK,60,20230420,130000,369.3,370.6,367.8,370.3,4590,0
MBK,60,20230420,140000,370.4,370.4,367.8,367.8,3162,0
MBK,60,20230420,150000,367.9,370,367,367.8,4672,0
MBK,60,20230420,160000,367.8,368.4,363.1,364.5,4141,0
MBK,60,20230420,170000,364.8,366.2,364,366.2,6350,0
MBK,60,20230421,100000,364,364,356.8,363.1,3109,0
MBK,60,20230421,110000,363.5,365.9,363,365,713,0
MBK,60,20230421,120000,365.8,367.1,363,363,2494,0
MBK,60,20230421,130000,362.8,364.9,362.2,363,594,0
MBK,60,20230421,140000,363,363.4,361.2,362.7,660,0
MBK,60,20230421,150000,361.8,362.7,360.7,361,621,0
MBK,60,20230421,160000,361.5,364.7,361.5,363.6,1358,0
MBK,60,20230421,170000,363.4,367.8,363.4,366.4,4990,0
MBK,60,20230424,100000,364.1,364.1,360.2,362.7,1095,0
MBK,60,20230424,110000,363,364.5,358.3,359.6,2025,0
MBK,60,20230424,120000,359.8,360.2,355,355.8,4156,0
MBK,60,20230424,130000,355.8,356,353.2,354.7,3631,0
MBK,60,20230424,140000,354.4,354.5,350.2,350.8,4566,0
MBK,60,20230424,150000,350.8,350.8,346.4,346.5,4919,0
MBK,60,20230424,160000,346.5,352.5,346.2,350.8,6582,0
MBK,60,20230424,170000,350.5,354.5,349.8,352.2,8842,0
MBK,60,20230425,100000,352,352,338.8,341.8,7538,0
MBK,60,20230425,110000,342.3,347,341.3,345.5,2553,0
MBK,60,20230425,120000,345.8,348.6,345.1,348.6,2453,0
MBK,60,20230425,130000,349,353.9,348.7,352.2,2186,0
MBK,60,20230425,140000,352,355.6,351.2,351.4,2435,0
MBK,60,20230425,150000,352.2,352.6,348.7,352,9639,0
MBK,60,20230425,160000,352.9,353.9,348.9,350.3,5464,0
MBK,60,20230425,170000,350.6,351,348.4,349.4,8625,0
MBK,60,20230426,100000,349,349,339.6,341.2,3602,0
MBK,60,20230426,110000,341.1,347.6,338.7,346.6,2062,0
MBK,60,20230426,120000,346.8,348,345,346.6,1183,0
MBK,60,20230426,130000,345.9,348.7,345.8,346.2,4589,0
MBK,60,20230426,140000,346,346.9,341.9,342.4,6829,0
MBK,60,20230426,150000,342.9,344,340,340.7,3456,0
MBK,60,20230426,160000,340.9,341.6,336.6,339.1,7854,0
MBK,60,20230426,170000,339.3,339.8,336.3,338,9359,0
MBK,60,20230427,100000,339.5,350.7,339.5,349.7,6389,0
MBK,60,20230427,110000,349.9,350.4,345.9,349.4,2052,0
MBK,60,20230427,120000,348.7,349.4,346.8,349.2,1691,0
MBK,60,20230427,130000,348.2,351.4,347.2,350.5,1913,0
MBK,60,20230427,140000,350.1,353.3,348.8,353.3,1185,0
MBK,60,20230427,150000,352.8,354.2,349.4,352.8,3730,0
MBK,60,20230427,160000,352.4,355.8,352.2,355.1,2853,0
MBK,60,20230427,170000,355.1,359,352.3,354.6,9566,0
MBK,60,20230428,100000,354,354,342,346.2,5773,0
MBK,60,20230428,110000,346.7,348.5,342,348.5,3858,0
MBK,60,20230428,120000,347.4,351.3,346.2,349.7,2664,0
MBK,60,20230428,130000,350,351.6,346,347.4,669,0
MBK,60,20230428,140000,346.5,348.2,345.5,345.7,2473,0
MBK,60,20230428,150000,346,346,343,344.6,1008,0
MBK,60,20230428,160000,344.6,348.7,344.4,348.4,2693,0
MBK,60,20230428,170000,348.4,348.5,345.6,347.5,8844,0
MBK,60,20230502,100000,347.4,358.9,347.4,353.9,5647,0
MBK,60,20230502,110000,351.1,353.3,347.1,347.9,2240,0
MBK,60,20230502,120000,347.9,350.8,347,350.8,2401,0
MBK,60,20230502,130000,350.6,351.2,348.5,348.6,1043,0
MBK,60,20230502,140000,349,351.6,349,351.6,1366,0
MBK,60,20230502,150000,351.4,352,349.7,349.7,1735,0
MBK,60,20230502,160000,349.9,350,346.8,347.6,2166,0
MBK,60,20230502,170000,347.6,347.6,340,341.7,10766,0
MBK,60,20230504,100000,341.8,349.1,340.4,348.6,4649,0
MBK,60,20230504,110000,347.5,349.5,343.9,345.5,2424,0
MBK,60,20230504,120000,345.2,345.2,342.7,343.3,1042,0
MBK,60,20230504,130000,342.7,342.8,337.3,338.2,3428,0
MBK,60,20230504,140000,337.9,339.1,336.2,337.5,2767,0
MBK,60,20230504,150000,337.2,340,336.4,337.6,2177,0
MBK,60,20230504,160000,338.2,342.6,337.6,340.2,3777,0
MBK,60,20230504,170000,340.2,340.2,331.8,334.3,8944,0
MBK,60,20230505,100000,338.6,340.4,336.9,338.4,4652,0
MBK,60,20230505,110000,337.3,338.4,332.3,337.3,6638,0
MBK,60,20230505,120000,337.3,338.4,334.9,338.1,818,0
MBK,60,20230505,130000,338.2,339.7,337.3,338.1,661,0
MBK,60,20230505,140000,337.5,337.6,336.2,337.6,589,0
MBK,60,20230505,150000,337.6,341.3,337,340.9,1232,0
MBK,60,20230505,160000,339.9,342.5,338.9,339.3,1822,0
MBK,60,20230505,170000,339.3,345.6,338.6,344.7,6814,0
MBK,60,20230508,100000,347.8,352.9,345.2,349.2,1592,0
MBK,60,20230508,110000,350.2,351.8,349.4,349.4,622,0
MBK,60,20230508,120000,350,355.2,350,352.5,3080,0
MBK,60,20230508,130000,353.1,356.3,353,356.3,2170,0
MBK,60,20230508,140000,356.2,357.2,355.4,357,1917,0
MBK,60,20230508,150000,357,358.9,356.5,358.5,2131,0
MBK,60,20230508,160000,358.3,359,356.2,356.4,3169,0
MBK,60,20230508,170000,357.2,358.2,354.7,354.7,5078,0
MBK,60,20230509,100000,354.7,355,346.5,348.4,2342,0
MBK,60,20230509,110000,348.2,349.4,347.4,347.7,909,0
MBK,60,20230509,120000,347.8,350,347,347.5,1805,0
MBK,60,20230509,130000,347.7,349.6,347.4,348.7,1478,0
MBK,60,20230509,140000,348.9,348.9,344.9,344.9,2400,0
MBK,60,20230509,150000,344.7,345.9,343.1,344.9,2428,0
MBK,60,20230509,160000,344.9,346.4,343.5,345.4,3822,0
MBK,60,20230509,170000,345.9,348,343.3,346.8,9583,0
MBK,60,20230510,100000,350,352.3,346.3,346.3,1471,0
MBK,60,20230510,110000,346.3,346.5,344.6,345.4,842,0
MBK,60,20230510,120000,345.6,346.8,344.4,346.3,1537,0
MBK,60,20230510,130000,346,348.3,344.6,348.3,1521,0
MBK,60,20230510,140000,348.6,348.8,346.2,347.6,1845,0
MBK,60,20230510,150000,347.5,357,347.4,357,4279,0
MBK,60,20230510,160000,356.5,360.7,353.4,357.7,6455,0
MBK,60,20230510,170000,357.7,358.1,353.7,355.2,6130,0
MBK,60,20230511,100000,355,355,348,352,2077,0
MBK,60,20230511,110000,352.7,356.4,352.5,355.7,1106,0
MBK,60,20230511,120000,356.6,357.6,349.5,350.7,4019,0
MBK,60,20230511,130000,351.5,354,351.5,353,1556,0
MBK,60,20230511,140000,352.8,352.8,349.5,350.8,2187,0
MBK,60,20230511,150000,351,353.9,349.4,350,1894,0
MBK,60,20230511,160000,349.7,350.3,346.7,348.8,4518,0
MBK,60,20230511,170000,348.6,352.1,347.3,349.5,6771,0
MBK,60,20230512,100000,345,351.6,345,350.8,1458,0
MBK,60,20230512,110000,350.8,353.1,349.5,353,2446,0
MBK,60,20230512,120000,352.8,355.5,352.7,355,1471,0
MBK,60,20230512,130000,355.3,355.6,353.7,354.2,1393,0
MBK,60,20230512,140000,354.7,354.8,351.4,354.5,1438,0
MBK,60,20230512,150000,354.6,354.6,351.7,352.4,1734,0
MBK,60,20230512,160000,352.6,353,349.1,350.7,3450,0
MBK,60,20230512,170000,350.4,352.4,348.9,350.1,8965,0
MBK,60,20230515,100000,352.4,353.4,346,348.6,1658,0
MBK,60,20230515,110000,347.7,348.4,344.4,345.2,3295,0
MBK,60,20230515,120000,345.3,346.6,345,346.3,968,0
MBK,60,20230515,130000,346.3,347.3,341.3,342,3049,0
MBK,60,20230515,140000,342,343.4,339.9,342.4,3229,0
MBK,60,20230515,150000,342.6,342.9,339.5,341.2,2100,0
MBK,60,20230515,160000,340.8,340.8,338.8,340.4,2613,0
MBK,60,20230515,170000,340.4,341.2,333.9,339.9,15070,0
MBK,60,20230516,100000,340.9,349.6,340,348.5,3087,0
MBK,60,20230516,110000,348.9,349.3,345.7,346.8,1957,0
MBK,60,20230516,120000,345.7,346.6,344.4,346,462,0
MBK,60,20230516,130000,345.9,347.3,345.6,346.9,625,0
MBK,60,20230516,140000,347.1,347.4,345.8,346.3,405,0
MBK,60,20230516,150000,346.8,346.8,345.4,345.9,691,0
MBK,60,20230516,160000,345.6,345.6,343.1,345.5,798,0
MBK,60,20230516,170000,345.8,346.1,343.5,345.8,2377,0
MBK,60,20230517,100000,349,349,342.4,343.7,741,0
MBK,60,20230517,110000,344.2,345.2,343.3,344.8,515,0
MBK,60,20230517,120000,344.4,345.2,343.8,345.1,351,0
MBK,60,20230517,130000,344.7,345.7,344.1,344.1,374,0
MBK,60,20230517,140000,344,347.1,343.6,347,574,0
MBK,60,20230517,150000,346.6,346.6,345,345.8,644,0
MBK,60,20230517,160000,345.7,346.8,342.4,342.6,2588,0
MBK,60,20230517,170000,342.2,343.8,339.1,341.1,7597,0
MBK,60,20230518,100000,347.3,348,343.8,347,4156,0
MBK,60,20230518,110000,346.5,347.1,342.8,342.8,1083,0
MBK,60,20230518,120000,343.2,347.2,343.2,346.9,500,0
MBK,60,20230518,130000,346.9,347.3,345.8,345.8,794,0
MBK,60,20230518,140000,346,346,344.7,344.8,1001,0
MBK,60,20230518,150000,344.8,345,343,343.4,1553,0
MBK,60,20230518,160000,343.9,344.1,340.5,341,2462,0
MBK,60,20230518,170000,341.6,344,341,344,4313,0
MBK,60,20230519,100000,347.4,347.9,345.2,347.2,14730,0
MBK,60,20230519,110000,347.3,355,346.9,355,9475,0
MBK,60,20230519,120000,354.9,357.8,353.9,357,11272,0
MBK,60,20230519,130000,357,359.5,356.3,358.8,6399,0
MBK,60,20230519,140000,359,360.8,357.5,360.2,5797,0
MBK,60,20230519,150000,360,364.8,359.9,364.4,8014,0
MBK,60,20230519,160000,364.1,368,361.6,362.1,11661,0
MBK,60,20230519,170000,361.9,365.1,359.9,364.9,11493,0
MBK,60,20230522,100000,363.5,369.3,362.5,369.3,5988,0
MBK,60,20230522,110000,369.2,369.6,366.3,369.2,3875,0
MBK,60,20230522,120000,368.7,368.8,364.4,365.3,2586,0
MBK,60,20230522,130000,365.1,365.6,363.8,364.1,1255,0
MBK,60,20230522,140000,364,364.8,363.1,364,1885,0
MBK,60,20230522,150000,364.5,367.2,364.5,366.1,3666,0
MBK,60,20230522,160000,366.1,370,366.1,367.6,4488,0
MBK,60,20230522,170000,367.8,369.9,363.5,366.5,6210,0
MBK,60,20230523,100000,366,372,363.9,369.6,4733,0
MBK,60,20230523,110000,369.6,373,368.3,372.4,2818,0
MBK,60,20230523,120000,371.8,374.6,371.4,373.7,2319,0
MBK,60,20230523,130000,373.7,375.2,362.8,369,7180,0
MBK,60,20230523,140000,369,373.7,368,372.6,2046,0
MBK,60,20230523,150000,372.7,374,371.5,372.6,2503,0
MBK,60,20230523,160000,372.5,372.8,369.4,371.2,2662,0
MBK,60,20230523,170000,371.2,372.8,369.3,370,7513,0
MBK,60,20230524,100000,366.3,369.4,363.4,363.6,3205,0
MBK,60,20230524,110000,363.6,366.7,362.2,366.1,2032,0
MBK,60,20230524,120000,366.4,366.7,360.7,360.8,1869,0
MBK,60,20230524,130000,360.4,362.5,360,362.5,2068,0
MBK,60,20230524,140000,362,362,360.2,360.6,2384,0
MBK,60,20230524,150000,361,362.8,361,361.2,1404,0
MBK,60,20230524,160000,361.2,361.2,358.9,359.5,3076,0
MBK,60,20230524,170000,359.2,361.2,355.3,360,7534,0
MBK,60,20230525,100000,362,364.3,356.3,359,4037,0
MBK,60,20230525,110000,359.4,362.5,359.4,362.1,2512,0
MBK,60,20230525,120000,362.4,366.3,362.4,365.5,2038,0
MBK,60,20230525,130000,365.9,366.3,364,364.6,1513,0
MBK,60,20230525,140000,364.6,366.3,363.9,366.3,1901,0
MBK,60,20230525,150000,365.9,371.3,365.3,371,4866,0
MBK,60,20230525,160000,370.5,371,365.6,367.2,3690,0
MBK,60,20230525,170000,367.1,370.6,366.4,368,5833,0
MBK,60,20230526,100000,368,372.4,366.9,370.5,3344,0
MBK,60,20230526,110000,370.8,373.7,370.6,372.3,2390,0
MBK,60,20230526,120000,372.1,373,370.5,372.1,2099,0
MBK,60,20230526,130000,372.3,372.3,369.3,370.9,2400,0
MBK,60,20230526,140000,370.5,373.3,370.1,372.9,3161,0
MBK,60,20230526,150000,373.1,378.2,373.1,377.7,7999,0
MBK,60,20230526,160000,377.9,379,374.3,376.7,5560,0
MBK,60,20230526,170000,376.8,379.5,376.1,378,8167,0
MBK,60,20230529,100000,379.8,382.6,378.5,379.4,3990,0
MBK,60,20230529,110000,379.5,383.5,379.5,381.4,2360,0
MBK,60,20230529,120000,381.6,383,379.3,380.2,2184,0
MBK,60,20230529,130000,380.9,383,380.6,382.5,1565,0
MBK,60,20230529,140000,382.4,384.6,382.4,383.1,2776,0
MBK,60,20230529,150000,383.6,385,383.3,384.8,3470,0
MBK,60,20230529,160000,384.7,384.7,380,382.1,4597,0
MBK,60,20230529,170000,382.2,382.4,378.4,379,5120,0
MBK,60,20230530,100000,378.4,378.5,369.9,372.6,5430,0
MBK,60,20230530,110000,372.6,375.3,370.2,372.1,2644,0
MBK,60,20230530,120000,372.3,377.7,372.2,375.2,2161,0
MBK,60,20230530,130000,375.6,375.6,371.2,372.3,2415,0
MBK,60,20230530,140000,372.2,373.3,369.3,370.4,2622,0
MBK,60,20230530,150000,370.5,371,369.6,369.7,3144,0
MBK,60,20230530,160000,370,371,368.2,369.2,4664,0
MBK,60,20230530,170000,369.1,369.9,365.7,366.6,8262,0
MBK,60,20230531,100000,361.6,365,355.7,363.4,8914,0
MBK,60,20230531,110000,363.4,365,361.7,361.8,3574,0
MBK,60,20230531,120000,361.5,362.7,359.2,359.7,4600,0
MBK,60,20230531,130000,359.8,361.8,358,360.2,5157,0
MBK,60,20230531,140000,360.3,361.4,358,358.8,4205,0
MBK,60,20230531,150000,358.4,358.7,356.2,356.3,5300,0
MBK,60,20230531,160000,356.7,358.3,355.2,355.5,7720,0
MBK,60,20230531,170000,355.4,355.8,350.3,352.8,173803,0
