<TICKER>,<PER>,<DATE>,<TIME>,<OPEN>,<HIGH>,<LOW>,<CLOSE>,<VOL>,<OPENINT>
OPL,60,20220804,100000,6.05,6.08,5.966,5.968,117175,0
OPL,60,20220804,110000,5.98,5.98,5.924,5.934,130690,0
OPL,60,20220804,120000,5.934,5.944,5.884,5.91,189111,0
OPL,60,20220804,130000,5.916,5.932,5.902,5.926,118880,0
OPL,60,20220804,140000,5.922,5.954,5.91,5.95,121479,0
OPL,60,20220804,150000,5.954,5.964,5.896,5.902,170221,0
OPL,60,20220804,160000,5.904,5.916,5.894,5.904,362007,0
OPL,60,20220804,170000,5.9,5.936,5.86,5.902,1168381,0
OPL,60,20220805,100000,5.904,5.986,5.9,5.97,99531,0
OPL,60,20220805,110000,5.966,5.99,5.96,5.99,74640,0
OPL,60,20220805,120000,5.99,6.034,5.98,6.002,64437,0
OPL,60,20220805,130000,6,6.022,5.982,6.012,36675,0
OPL,60,20220805,140000,6.018,6.028,6,6.024,56737,0
OPL,60,20220805,150000,6.022,6.024,5.92,5.932,147467,0
OPL,60,20220805,160000,5.932,5.938,5.9,5.922,191710,0
OPL,60,20220805,170000,5.914,5.964,5.9,5.94,612600,0
OPL,60,20220808,100000,5.95,5.998,5.95,5.984,62194,0
OPL,60,20220808,110000,5.99,6.078,5.982,6.076,52281,0
OPL,60,20220808,120000,6.08,6.23,6.072,6.194,382027,0
OPL,60,20220808,130000,6.196,6.27,6.196,6.266,278191,0
OPL,60,20220808,140000,6.268,6.31,6.25,6.288,245706,0
OPL,60,20220808,150000,6.29,6.292,6.25,6.25,93161,0
OPL,60,20220808,160000,6.248,6.268,6.22,6.258,141386,0
OPL,60,20220808,170000,6.266,6.288,6.232,6.28,417117,0
OPL,60,20220809,100000,6.28,6.28,6.15,6.158,67526,0
OPL,60,20220809,110000,6.154,6.192,6.114,6.192,175039,0
OPL,60,20220809,120000,6.192,6.198,6.112,6.112,123891,0
OPL,60,20220809,130000,6.112,6.114,6.06,6.066,175369,0
OPL,60,20220809,140000,6.072,6.118,6.06,6.096,225356,0
OPL,60,20220809,150000,6.096,6.11,6.068,6.082,203096,0
OPL,60,20220809,160000,6.082,6.09,6.05,6.084,224601,0
OPL,60,20220809,170000,6.08,6.14,6.066,6.076,507410,0
OPL,60,20220810,100000,6.076,6.076,6.032,6.05,77393,0
OPL,60,20220810,110000,6.062,6.062,5.982,6.014,62781,0
OPL,60,20220810,120000,6.014,6.024,5.98,5.992,82386,0
OPL,60,20220810,130000,6,6.012,5.972,5.99,118957,0
OPL,60,20220810,140000,5.988,5.988,5.964,5.964,41742,0
OPL,60,20220810,150000,5.968,6.07,5.952,6.06,195131,0
OPL,60,20220810,160000,6.066,6.098,5.998,6.098,303533,0
OPL,60,20220810,170000,6.098,6.124,6.076,6.088,317962,0
OPL,60,20220811,100000,6.16,6.198,6.106,6.126,153916,0
OPL,60,20220811,110000,6.116,6.174,6.102,6.15,219941,0
OPL,60,20220811,120000,6.152,6.152,6.096,6.096,130603,0
OPL,60,20220811,130000,6.096,6.132,6.09,6.132,129919,0
OPL,60,20220811,140000,6.14,6.18,6.14,6.146,127752,0
OPL,60,20220811,150000,6.146,6.18,6.134,6.18,192134,0
OPL,60,20220811,160000,6.178,6.23,6.17,6.218,270342,0
OPL,60,20220811,170000,6.222,6.24,6.196,6.228,741187,0
OPL,60,20220812,100000,6.21,6.232,6.184,6.206,66700,0
OPL,60,20220812,110000,6.206,6.216,6.2,6.214,77168,0
OPL,60,20220812,120000,6.21,6.292,6.204,6.29,288141,0
OPL,60,20220812,130000,6.292,6.31,6.28,6.28,220272,0
OPL,60,20220812,140000,6.28,6.3,6.28,6.288,177378,0
OPL,60,20220812,150000,6.284,6.322,6.284,6.304,188856,0
OPL,60,20220812,160000,6.304,6.42,6.3,6.402,404738,0
OPL,60,20220812,170000,6.396,6.4,6.372,6.394,545942,0
OPL,60,20220816,100000,6.43,6.482,6.4,6.448,187369,0
OPL,60,20220816,110000,6.44,6.55,6.44,6.546,449738,0
OPL,60,20220816,120000,6.546,6.56,6.518,6.532,458816,0
OPL,60,20220816,130000,6.536,6.574,6.518,6.536,246855,0
OPL,60,20220816,140000,6.534,6.556,6.516,6.52,429021,0
OPL,60,20220816,150000,6.516,6.526,6.456,6.458,180703,0
OPL,60,20220816,160000,6.458,6.472,6.39,6.448,202408,0
OPL,60,20220816,170000,6.438,6.5,6.438,6.468,571125,0
OPL,60,20220817,100000,6.5,6.5,6.364,6.404,110888,0
OPL,60,20220817,110000,6.412,6.412,6.278,6.282,146520,0
OPL,60,20220817,120000,6.282,6.326,6.246,6.26,196828,0
OPL,60,20220817,130000,6.264,6.318,6.258,6.31,206921,0
OPL,60,20220817,140000,6.312,6.45,6.31,6.412,276149,0
OPL,60,20220817,150000,6.416,6.47,6.412,6.428,234994,0
OPL,60,20220817,160000,6.43,6.436,6.372,6.392,274666,0
OPL,60,20220817,170000,6.386,6.394,6.328,6.344,317985,0
OPL,60,20220818,100000,6.33,6.44,6.33,6.402,111891,0
OPL,60,20220818,110000,6.406,6.42,6.392,6.412,49556,0
OPL,60,20220818,120000,6.418,6.422,6.38,6.412,50879,0
OPL,60,20220818,130000,6.4,6.412,6.374,6.4,101335,0
OPL,60,20220818,140000,6.402,6.416,6.384,6.416,41557,0
OPL,60,20220818,150000,6.412,6.418,6.338,6.338,133739,0
OPL,60,20220818,160000,6.338,6.344,6.3,6.304,220531,0
OPL,60,20220818,170000,6.302,6.316,6.25,6.274,538809,0
OPL,60,20220819,100000,6.25,6.28,6.244,6.27,49293,0
OPL,60,20220819,110000,6.268,6.31,6.25,6.282,118046,0
OPL,60,20220819,120000,6.278,6.302,6.246,6.29,108339,0
OPL,60,20220819,130000,6.278,6.286,6.218,6.222,107052,0
OPL,60,20220819,140000,6.22,6.32,6.22,6.296,132634,0
OPL,60,20220819,150000,6.306,6.372,6.268,6.358,97538,0
OPL,60,20220819,160000,6.358,6.398,6.322,6.326,144547,0
OPL,60,20220819,170000,6.326,6.36,6.228,6.262,427396,0
OPL,60,20220822,100000,6.25,6.26,6.18,6.248,56812,0
OPL,60,20220822,110000,6.224,6.238,6.2,6.232,28084,0
OPL,60,20220822,120000,6.224,6.224,6.152,6.172,101468,0
OPL,60,20220822,130000,6.164,6.22,6.16,6.214,29923,0
OPL,60,20220822,140000,6.216,6.242,6.216,6.228,43630,0
OPL,60,20220822,150000,6.226,6.256,6.226,6.238,47643,0
OPL,60,20220822,160000,6.228,6.236,6.198,6.23,121742,0
OPL,60,20220822,170000,6.228,6.262,6.216,6.226,276655,0
OPL,60,20220823,100000,6.198,6.2,6.132,6.186,57844,0
OPL,60,20220823,110000,6.19,6.252,6.19,6.238,59640,0
OPL,60,20220823,120000,6.234,6.242,6.198,6.24,62391,0
OPL,60,20220823,130000,6.234,6.24,6.164,6.218,116278,0
OPL,60,20220823,140000,6.216,6.264,6.216,6.264,62692,0
OPL,60,20220823,150000,6.26,6.264,6.226,6.24,72800,0
OPL,60,20220823,160000,6.24,6.24,6.186,6.216,117009,0
OPL,60,20220823,170000,6.214,6.27,6.2,6.2,329054,0
OPL,60,20220824,100000,6.252,6.252,6.156,6.168,57625,0
OPL,60,20220824,110000,6.166,6.222,6.15,6.192,58184,0
OPL,60,20220824,120000,6.188,6.188,6.13,6.16,74521,0
OPL,60,20220824,130000,6.152,6.18,6.13,6.18,60475,0
OPL,60,20220824,140000,6.194,6.194,6.158,6.168,47907,0
OPL,60,20220824,150000,6.158,6.18,6.132,6.132,79622,0
OPL,60,20220824,160000,6.132,6.14,6.066,6.07,111213,0
OPL,60,20220824,170000,6.07,6.078,6.03,6.05,287549,0
OPL,60,20220825,100000,6.12,6.12,6.07,6.092,105227,0
OPL,60,20220825,110000,6.1,6.134,6.074,6.074,66984,0
OPL,60,20220825,120000,6.074,6.092,6.05,6.068,107961,0
OPL,60,20220825,130000,6.068,6.088,6.05,6.086,62668,0
OPL,60,20220825,140000,6.08,6.102,6.07,6.082,71326,0
OPL,60,20220825,150000,6.078,6.086,6.05,6.06,99159,0
OPL,60,20220825,160000,6.06,6.072,6.046,6.058,172385,0
OPL,60,20220825,170000,6.058,6.126,6.05,6.084,278672,0
OPL,60,20220826,100000,6.06,6.078,6.022,6.062,38960,0
OPL,60,20220826,110000,6.082,6.082,5.97,5.974,112132,0
OPL,60,20220826,120000,5.98,6.018,5.968,6,39541,0
OPL,60,20220826,130000,6.006,6.028,5.998,6.028,56940,0
OPL,60,20220826,140000,6.034,6.068,6.022,6.068,28854,0
OPL,60,20220826,150000,6.054,6.072,6.032,6.068,61506,0
OPL,60,20220826,160000,6.074,6.11,6.072,6.098,66109,0
OPL,60,20220826,170000,6.09,6.1,6.05,6.096,358220,0
OPL,60,20220829,100000,5.974,6.022,5.898,5.908,155352,0
OPL,60,20220829,110000,5.916,5.928,5.89,5.9,198493,0
OPL,60,20220829,120000,5.902,5.914,5.888,5.912,245885,0
OPL,60,20220829,130000,5.91,5.932,5.894,5.92,136517,0
OPL,60,20220829,140000,5.916,5.952,5.9,5.95,164789,0
OPL,60,20220829,150000,5.946,5.982,5.92,5.97,187126,0
OPL,60,20220829,160000,5.968,6.026,5.966,6.002,353679,0
OPL,60,20220829,170000,6,6.05,5.994,6.018,631485,0
OPL,60,20220830,100000,6.05,6.11,5.988,6.102,136351,0
OPL,60,20220830,110000,6.102,6.12,6.076,6.106,179655,0
OPL,60,20220830,120000,6.102,6.138,6.098,6.114,187661,0
OPL,60,20220830,130000,6.11,6.168,6.1,6.15,206487,0
OPL,60,20220830,140000,6.16,6.174,6.146,6.152,125858,0
OPL,60,20220830,150000,6.152,6.162,6.13,6.14,216607,0
OPL,60,20220830,160000,6.14,6.162,6.126,6.14,407978,0
OPL,60,20220830,170000,6.14,6.158,6.13,6.152,972855,0
OPL,60,20220831,100000,6.16,6.214,6.14,6.18,311105,0
OPL,60,20220831,110000,6.18,6.21,6.064,6.15,864239,0
OPL,60,20220831,120000,6.156,6.186,6.156,6.16,473463,0
OPL,60,20220831,130000,6.16,6.168,6.1,6.158,432166,0
OPL,60,20220831,140000,6.16,6.18,6.14,6.17,282547,0
OPL,60,20220831,150000,6.172,6.178,6.142,6.15,291906,0
OPL,60,20220831,160000,6.158,6.168,6.096,6.102,602169,0
OPL,60,20220831,170000,6.104,6.104,5.97,5.994,2583421,0
OPL,60,20220901,100000,5.998,6.066,5.85,5.91,111096,0
OPL,60,20220901,110000,5.91,5.912,5.842,5.854,205352,0
OPL,60,20220901,120000,5.854,5.87,5.85,5.854,105264,0
OPL,60,20220901,130000,5.858,5.864,5.846,5.85,174891,0
OPL,60,20220901,140000,5.85,5.852,5.78,5.81,354620,0
OPL,60,20220901,150000,5.806,5.816,5.728,5.73,257214,0
OPL,60,20220901,160000,5.738,5.774,5.738,5.766,363302,0
OPL,60,20220901,170000,5.762,5.8,5.75,5.762,776398,0
OPL,60,20220902,100000,5.766,5.808,5.75,5.75,303695,0
OPL,60,20220902,110000,5.754,5.872,5.754,5.85,176859,0
OPL,60,20220902,120000,5.842,5.88,5.84,5.862,267673,0
OPL,60,20220902,130000,5.858,5.864,5.844,5.85,180455,0
OPL,60,20220902,140000,5.848,5.866,5.846,5.858,145808,0
OPL,60,20220902,150000,5.862,5.87,5.838,5.854,167172,0
OPL,60,20220902,160000,5.848,5.888,5.844,5.86,252144,0
OPL,60,20220902,170000,5.86,5.904,5.858,5.87,421916,0
OPL,60,20220905,100000,5.764,5.824,5.764,5.804,113888,0
OPL,60,20220905,110000,5.8,5.81,5.8,5.804,69464,0
OPL,60,20220905,120000,5.804,5.824,5.79,5.824,78669,0
OPL,60,20220905,130000,5.806,5.85,5.806,5.838,42971,0
OPL,60,20220905,140000,5.834,5.834,5.8,5.804,11277,0
OPL,60,20220905,150000,5.804,5.808,5.774,5.774,60367,0
OPL,60,20220905,160000,5.778,5.782,5.748,5.778,164418,0
OPL,60,20220905,170000,5.778,5.85,5.768,5.79,239319,0
OPL,60,20220906,100000,5.82,5.898,5.808,5.834,58040,0
OPL,60,20220906,110000,5.808,5.83,5.644,5.678,148636,0
OPL,60,20220906,120000,5.666,5.694,5.618,5.684,87344,0
OPL,60,20220906,130000,5.684,5.684,5.65,5.65,47859,0
OPL,60,20220906,140000,5.64,5.654,5.628,5.652,56138,0
OPL,60,20220906,150000,5.648,5.666,5.56,5.574,786894,0
OPL,60,20220906,160000,5.57,5.618,5.55,5.57,351869,0
OPL,60,20220906,170000,5.566,5.596,5.512,5.582,1041639,0
OPL,60,20220907,100000,5.572,5.6,5.496,5.502,212773,0
OPL,60,20220907,110000,5.502,5.662,5.502,5.65,467772,0
OPL,60,20220907,120000,5.644,5.682,5.616,5.672,378470,0
OPL,60,20220907,130000,5.666,5.676,5.65,5.668,95053,0
OPL,60,20220907,140000,5.666,5.674,5.638,5.66,144726,0
OPL,60,20220907,150000,5.66,5.672,5.626,5.666,284609,0
OPL,60,20220907,160000,5.66,5.674,5.65,5.65,251565,0
OPL,60,20220907,170000,5.65,5.684,5.644,5.662,688847,0
OPL,60,20220908,100000,5.664,5.786,5.664,5.758,193638,0
OPL,60,20220908,110000,5.76,5.842,5.76,5.796,181285,0
OPL,60,20220908,120000,5.798,5.8,5.766,5.78,94954,0
OPL,60,20220908,130000,5.782,5.786,5.714,5.738,136292,0
OPL,60,20220908,140000,5.73,5.734,5.664,5.686,136453,0
OPL,60,20220908,150000,5.684,5.69,5.634,5.65,242812,0
OPL,60,20220908,160000,5.65,5.664,5.61,5.622,353454,0
OPL,60,20220908,170000,5.63,5.672,5.61,5.654,753309,0
OPL,60,20220909,100000,5.714,5.832,5.662,5.808,382398,0
OPL,60,20220909,110000,5.804,5.868,5.8,5.82,146309,0
OPL,60,20220909,120000,5.816,5.84,5.8,5.838,157994,0
OPL,60,20220909,130000,5.846,5.86,5.824,5.838,93262,0
OPL,60,20220909,140000,5.838,5.856,5.822,5.838,102719,0
OPL,60,20220909,150000,5.834,5.856,5.816,5.832,150554,0
OPL,60,20220909,160000,5.836,5.836,5.798,5.826,363323,0
OPL,60,20220909,170000,5.822,5.844,5.81,5.832,488197,0
OPL,60,20220912,100000,5.85,5.856,5.704,5.834,976606,0
OPL,60,20220912,110000,5.83,5.85,5.8,5.812,157244,0
OPL,60,20220912,120000,5.81,5.83,5.8,5.804,217697,0
OPL,60,20220912,130000,5.804,5.832,5.802,5.802,127954,0
OPL,60,20220912,140000,5.802,5.832,5.752,5.83,313785,0
OPL,60,20220912,150000,5.834,5.866,5.806,5.822,207779,0
OPL,60,20220912,160000,5.822,5.888,5.81,5.838,240063,0
OPL,60,20220912,170000,5.844,5.916,5.804,5.874,477632,0
OPL,60,20220913,100000,5.9,5.928,5.84,5.874,98730,0
OPL,60,20220913,110000,5.89,5.926,5.802,5.824,60648,0
OPL,60,20220913,120000,5.832,5.832,5.73,5.744,120656,0
OPL,60,20220913,130000,5.752,5.77,5.734,5.752,84395,0
OPL,60,20220913,140000,5.754,5.76,5.72,5.73,76227,0
OPL,60,20220913,150000,5.728,5.732,5.63,5.642,312035,0
OPL,60,20220913,160000,5.638,5.666,5.614,5.638,273520,0
OPL,60,20220913,170000,5.638,5.67,5.63,5.632,625000,0
OPL,60,20220914,100000,5.668,5.706,5.62,5.674,131869,0
OPL,60,20220914,110000,5.684,5.732,5.684,5.696,168555,0
OPL,60,20220914,120000,5.698,5.742,5.69,5.714,106216,0
OPL,60,20220914,130000,5.718,5.724,5.668,5.702,155536,0
OPL,60,20220914,140000,5.702,5.702,5.66,5.66,239904,0
OPL,60,20220914,150000,5.662,5.74,5.662,5.726,111824,0
OPL,60,20220914,160000,5.73,5.744,5.704,5.744,102777,0
OPL,60,20220914,170000,5.744,5.804,5.716,5.79,653721,0
OPL,60,20220915,100000,5.83,5.844,5.752,5.776,152659,0
OPL,60,20220915,110000,5.772,5.772,5.696,5.716,172058,0
OPL,60,20220915,120000,5.718,5.75,5.692,5.724,262335,0
OPL,60,20220915,130000,5.724,5.788,5.708,5.77,344740,0
OPL,60,20220915,140000,5.77,5.776,5.75,5.758,303544,0
OPL,60,20220915,150000,5.754,5.764,5.698,5.716,1372922,0
OPL,60,20220915,160000,5.72,5.752,5.684,5.75,644094,0
OPL,60,20220915,170000,5.754,5.798,5.74,5.766,875221,0
OPL,60,20220916,100000,5.648,5.732,5.624,5.644,311539,0
OPL,60,20220916,110000,5.644,5.688,5.626,5.648,219218,0
OPL,60,20220916,120000,5.65,5.688,5.648,5.668,154062,0
OPL,60,20220916,130000,5.676,5.676,5.626,5.642,123353,0
OPL,60,20220916,140000,5.642,5.646,5.57,5.596,179751,0
OPL,60,20220916,150000,5.584,5.604,5.554,5.564,161887,0
OPL,60,20220916,160000,5.57,5.612,5.504,5.504,771200,0
OPL,60,20220916,170000,5.504,5.61,5.5,5.592,5373927,0
OPL,60,20220919,100000,5.64,5.742,5.588,5.648,458364,0
OPL,60,20220919,110000,5.648,5.738,5.606,5.61,345602,0
OPL,60,20220919,120000,5.608,5.614,5.52,5.554,292201,0
OPL,60,20220919,130000,5.554,5.592,5.526,5.578,218132,0
OPL,60,20220919,140000,5.574,5.648,5.574,5.628,266170,0
OPL,60,20220919,150000,5.628,5.644,5.57,5.644,218895,0
OPL,60,20220919,160000,5.644,5.652,5.606,5.642,286573,0
OPL,60,20220919,170000,5.64,5.64,5.584,5.598,485065,0
OPL,60,20220920,100000,5.598,5.68,5.598,5.642,104663,0
OPL,60,20220920,110000,5.638,5.666,5.606,5.666,113779,0
OPL,60,20220920,120000,5.666,5.684,5.62,5.632,141579,0
OPL,60,20220920,130000,5.636,5.67,5.606,5.654,120007,0
OPL,60,20220920,140000,5.658,5.67,5.642,5.658,165166,0
OPL,60,20220920,150000,5.658,5.68,5.64,5.66,139905,0
OPL,60,20220920,160000,5.66,5.69,5.65,5.678,219079,0
OPL,60,20220920,170000,5.678,5.7,5.62,5.65,568545,0
OPL,60,20220921,100000,5.584,5.7,5.584,5.676,81042,0
OPL,60,20220921,110000,5.678,5.688,5.638,5.652,155553,0
OPL,60,20220921,120000,5.652,5.676,5.618,5.674,169922,0
OPL,60,20220921,130000,5.676,5.694,5.672,5.692,163894,0
OPL,60,20220921,140000,5.69,5.714,5.67,5.686,171837,0
OPL,60,20220921,150000,5.684,5.692,5.67,5.686,116104,0
OPL,60,20220921,160000,5.688,5.696,5.67,5.686,199136,0
OPL,60,20220921,170000,5.686,5.746,5.686,5.69,661391,0
OPL,60,20220922,100000,5.674,5.712,5.644,5.684,88298,0
OPL,60,20220922,110000,5.676,5.808,5.676,5.72,288778,0
OPL,60,20220922,120000,5.712,5.722,5.688,5.7,247359,0
OPL,60,20220922,130000,5.698,5.752,5.696,5.738,103723,0
OPL,60,20220922,140000,5.736,5.736,5.674,5.71,298329,0
OPL,60,20220922,150000,5.702,5.742,5.702,5.706,114282,0
OPL,60,20220922,160000,5.714,5.716,5.67,5.676,244680,0
OPL,60,20220922,170000,5.676,5.736,5.67,5.708,501595,0
OPL,60,20220923,100000,5.674,5.708,5.612,5.63,138476,0
OPL,60,20220923,110000,5.63,5.674,5.58,5.584,193723,0
OPL,60,20220923,120000,5.58,5.614,5.534,5.558,216856,0
OPL,60,20220923,130000,5.552,5.596,5.538,5.566,170901,0
OPL,60,20220923,140000,5.564,5.57,5.54,5.56,198140,0
OPL,60,20220923,150000,5.564,5.57,5.522,5.548,153690,0
OPL,60,20220923,160000,5.546,5.566,5.49,5.49,309036,0
OPL,60,20220923,170000,5.49,5.542,5.478,5.498,691983,0
OPL,60,20220926,100000,5.498,5.608,5.404,5.532,254649,0
OPL,60,20220926,110000,5.532,5.54,5.452,5.464,150390,0
OPL,60,20220926,120000,5.464,5.488,5.428,5.428,194948,0
OPL,60,20220926,130000,5.432,5.432,5.382,5.396,122153,0
OPL,60,20220926,140000,5.39,5.39,5.284,5.3,203784,0
OPL,60,20220926,150000,5.3,5.336,5.264,5.308,216527,0
OPL,60,20220926,160000,5.304,5.32,5.24,5.306,355758,0
OPL,60,20220926,170000,5.306,5.33,5.268,5.306,1026414,0
OPL,60,20220927,100000,5.4,5.4,5.304,5.334,164357,0
OPL,60,20220927,110000,5.346,5.378,5.336,5.346,154244,0
OPL,60,20220927,120000,5.342,5.38,5.336,5.356,183143,0
OPL,60,20220927,130000,5.36,5.366,5.344,5.36,111037,0
OPL,60,20220927,140000,5.36,5.434,5.358,5.422,175464,0
OPL,60,20220927,150000,5.422,5.43,5.368,5.38,204628,0
OPL,60,20220927,160000,5.374,5.374,5.304,5.312,332655,0
OPL,60,20220927,170000,5.302,5.362,5.27,5.358,1111118,0
OPL,60,20220928,100000,5.348,5.364,5.254,5.35,230540,0
OPL,60,20220928,110000,5.34,5.39,5.302,5.312,334534,0
OPL,60,20220928,120000,5.308,5.308,5.25,5.272,200932,0
OPL,60,20220928,130000,5.264,5.282,5.23,5.254,353373,0
OPL,60,20220928,140000,5.254,5.254,5.19,5.21,286815,0
OPL,60,20220928,150000,5.206,5.252,5.194,5.236,421153,0
OPL,60,20220928,160000,5.24,5.24,5.194,5.23,447736,0
OPL,60,20220928,170000,5.226,5.268,5.214,5.218,1204121,0
OPL,60,20220929,100000,5.254,5.26,5.152,5.162,205596,0
OPL,60,20220929,110000,5.156,5.2,5.152,5.18,243567,0
OPL,60,20220929,120000,5.184,5.226,5.184,5.214,239701,0
OPL,60,20220929,130000,5.216,5.236,5.196,5.2,164763,0
OPL,60,20220929,140000,5.2,5.22,5.158,5.166,234140,0
OPL,60,20220929,150000,5.164,5.178,5.118,5.158,325394,0
OPL,60,20220929,160000,5.158,5.198,5.136,5.142,319421,0
OPL,60,20220929,170000,5.134,5.136,5.084,5.124,757973,0
OPL,60,20220930,100000,5.17,5.2,5.118,5.16,164866,0
OPL,60,20220930,110000,5.164,5.168,5.104,5.134,255458,0
OPL,60,20220930,120000,5.148,5.194,5.114,5.17,210001,0
OPL,60,20220930,130000,5.174,5.198,5.166,5.17,120736,0
OPL,60,20220930,140000,5.18,5.198,5.14,5.184,302621,0
OPL,60,20220930,150000,5.184,5.194,5.138,5.194,223110,0
OPL,60,20220930,160000,5.198,5.198,5.146,5.182,271383,0
OPL,60,20220930,170000,5.184,5.2,5.154,5.182,1201381,0
OPL,60,20221003,100000,5.21,5.21,5.092,5.122,99683,0
OPL,60,20221003,110000,5.122,5.14,5.076,5.134,142012,0
OPL,60,20221003,120000,5.134,5.226,5.086,5.216,273221,0
OPL,60,20221003,130000,5.22,5.268,5.21,5.248,278717,0
OPL,60,20221003,140000,5.248,5.252,5.212,5.25,324846,0
OPL,60,20221003,150000,5.25,5.254,5.214,5.224,314342,0
OPL,60,20221003,160000,5.222,5.308,5.218,5.262,445061,0
OPL,60,20221003,170000,5.264,5.378,5.264,5.37,603956,0
OPL,60,20221004,100000,5.376,5.48,5.376,5.414,205929,0
OPL,60,20221004,110000,5.414,5.502,5.4,5.502,181827,0
OPL,60,20221004,120000,5.502,5.528,5.452,5.502,257876,0
OPL,60,20221004,130000,5.504,5.514,5.468,5.514,220942,0
OPL,60,20221004,140000,5.518,5.53,5.434,5.454,176914,0
OPL,60,20221004,150000,5.458,5.488,5.434,5.488,226273,0
OPL,60,20221004,160000,5.488,5.512,5.466,5.468,247534,0
OPL,60,20221004,170000,5.472,5.544,5.472,5.52,721087,0
OPL,60,20221005,100000,5.568,5.568,5.432,5.478,111645,0
OPL,60,20221005,110000,5.494,5.524,5.422,5.496,126672,0
OPL,60,20221005,120000,5.496,5.568,5.482,5.532,128795,0
OPL,60,20221005,130000,5.54,5.58,5.538,5.552,111785,0
OPL,60,20221005,140000,5.56,5.596,5.538,5.578,229024,0
OPL,60,20221005,150000,5.558,5.592,5.554,5.586,132728,0
OPL,60,20221005,160000,5.58,5.608,5.54,5.562,262914,0
OPL,60,20221005,170000,5.558,5.592,5.54,5.558,679391,0
OPL,60,20221006,100000,5.512,5.6,5.5,5.578,86212,0
OPL,60,20221006,110000,5.578,5.578,5.464,5.478,215028,0
OPL,60,20221006,120000,5.476,5.498,5.426,5.468,237842,0
OPL,60,20221006,130000,5.462,5.496,5.418,5.444,186385,0
OPL,60,20221006,140000,5.436,5.466,5.402,5.45,93975,0
OPL,60,20221006,150000,5.46,5.512,5.45,5.48,135538,0
OPL,60,20221006,160000,5.478,5.5,5.452,5.458,127231,0
OPL,60,20221006,170000,5.458,5.488,5.402,5.46,1062467,0
OPL,60,20221007,100000,5.46,5.48,5.406,5.424,72189,0
OPL,60,20221007,110000,5.442,5.468,5.41,5.43,335876,0
OPL,60,20221007,120000,5.43,5.456,5.408,5.452,141194,0
OPL,60,20221007,130000,5.444,5.466,5.44,5.456,60561,0
OPL,60,20221007,140000,5.456,5.494,5.456,5.486,88599,0
OPL,60,20221007,150000,5.484,5.494,5.43,5.468,158908,0
OPL,60,20221007,160000,5.47,5.5,5.428,5.454,239153,0
OPL,60,20221007,170000,5.454,5.454,5.372,5.412,635600,0
OPL,60,20221010,100000,5.438,5.438,5.32,5.348,179572,0
OPL,60,20221010,110000,5.344,5.354,5.284,5.298,181007,0
OPL,60,20221010,120000,5.296,5.322,5.272,5.276,160307,0
OPL,60,20221010,130000,5.278,5.286,5.242,5.248,96761,0
OPL,60,20221010,140000,5.24,5.244,5.202,5.212,114298,0
OPL,60,20221010,150000,5.206,5.314,5.196,5.306,217614,0
OPL,60,20221010,160000,5.29,5.29,5.21,5.23,404546,0
OPL,60,20221010,170000,5.232,5.3,5.21,5.244,762930,0
OPL,60,20221011,100000,5.2,5.204,5.132,5.204,181993,0
OPL,60,20221011,110000,5.182,5.23,5.154,5.158,233364,0
OPL,60,20221011,120000,5.158,5.22,5.158,5.18,147125,0
OPL,60,20221011,130000,5.178,5.28,5.17,5.27,171569,0
OPL,60,20221011,140000,5.276,5.32,5.272,5.312,160254,0
OPL,60,20221011,150000,5.312,5.366,5.282,5.346,533075,0
OPL,60,20221011,160000,5.346,5.362,5.32,5.328,244165,0
OPL,60,20221011,170000,5.328,5.368,5.32,5.334,520092,0
OPL,60,20221012,100000,5.348,5.428,5.318,5.374,200942,0
OPL,60,20221012,110000,5.374,5.42,5.368,5.384,183180,0
OPL,60,20221012,120000,5.394,5.43,5.376,5.41,210045,0
OPL,60,20221012,130000,5.402,5.416,5.374,5.4,356612,0
OPL,60,20221012,140000,5.4,5.414,5.372,5.386,619705,0
OPL,60,20221012,150000,5.392,5.488,5.386,5.452,464910,0
OPL,60,20221012,160000,5.444,5.544,5.428,5.544,473518,0
OPL,60,20221012,170000,5.538,5.538,5.446,5.48,1175521,0
OPL,60,20221013,100000,5.448,5.448,5.352,5.362,51406,0
OPL,60,20221013,110000,5.36,5.44,5.36,5.43,188693,0
OPL,60,20221013,120000,5.43,5.502,5.43,5.496,303943,0
OPL,60,20221013,130000,5.498,5.514,5.48,5.484,169612,0
OPL,60,20221013,140000,5.48,5.5,5.48,5.482,205714,0
OPL,60,20221013,150000,5.488,5.488,5.26,5.296,745874,0
OPL,60,20221013,160000,5.29,5.342,5.27,5.3,458263,0
OPL,60,20221013,170000,5.29,5.332,5.248,5.302,953266,0
OPL,60,20221014,100000,5.398,5.416,5.312,5.396,208602,0
OPL,60,20221014,110000,5.396,5.458,5.388,5.414,120199,0
OPL,60,20221014,120000,5.414,5.49,5.404,5.488,152135,0
OPL,60,20221014,130000,5.494,5.532,5.472,5.498,199047,0
OPL,60,20221014,140000,5.498,5.5,5.424,5.478,196688,0
OPL,60,20221014,150000,5.466,5.5,5.458,5.5,108609,0
OPL,60,20221014,160000,5.51,5.52,5.472,5.51,188137,0
OPL,60,20221014,170000,5.502,5.502,5.424,5.474,750980,0
OPL,60,20221017,100000,5.518,5.556,5.488,5.55,130356,0
OPL,60,20221017,110000,5.554,5.564,5.51,5.564,61853,0
OPL,60,20221017,120000,5.566,5.608,5.544,5.544,145882,0
OPL,60,20221017,130000,5.552,5.586,5.544,5.544,49869,0
OPL,60,20221017,140000,5.544,5.576,5.544,5.572,97580,0
OPL,60,20221017,150000,5.574,5.592,5.552,5.572,155637,0
OPL,60,20221017,160000,5.576,5.636,5.56,5.606,428229,0
OPL,60,20221017,170000,5.606,5.666,5.602,5.65,522664,0
OPL,60,20221018,100000,5.72,5.768,5.62,5.754,260313,0
OPL,60,20221018,110000,5.758,5.794,5.744,5.782,271345,0
OPL,60,20221018,120000,5.782,5.782,5.73,5.762,262347,0
OPL,60,20221018,130000,5.762,5.79,5.754,5.772,222312,0
OPL,60,20221018,140000,5.776,5.784,5.75,5.754,260144,0
OPL,60,20221018,150000,5.76,5.814,5.76,5.792,194810,0
OPL,60,20221018,160000,5.79,5.8,5.752,5.778,322268,0
OPL,60,20221018,170000,5.78,5.798,5.75,5.768,1039482,0
OPL,60,20221019,100000,5.86,5.924,5.78,5.868,253224,0
OPL,60,20221019,110000,5.868,5.868,5.772,5.848,194933,0
OPL,60,20221019,120000,5.842,5.864,5.796,5.816,154028,0
OPL,60,20221019,130000,5.808,5.808,5.726,5.8,166585,0
OPL,60,20221019,140000,5.784,5.784,5.716,5.732,137407,0
OPL,60,20221019,150000,5.72,5.754,5.672,5.716,224186,0
OPL,60,20221019,160000,5.732,5.744,5.692,5.692,159848,0
OPL,60,20221019,170000,5.692,5.776,5.692,5.72,635333,0
OPL,60,20221020,100000,5.7,5.7,5.56,5.648,169709,0
OPL,60,20221020,110000,5.666,5.798,5.65,5.774,195677,0
OPL,60,20221020,120000,5.77,5.796,5.726,5.744,138753,0
OPL,60,20221020,130000,5.734,5.764,5.714,5.75,105225,0
OPL,60,20221020,140000,5.75,5.77,5.676,5.704,149110,0
OPL,60,20221020,150000,5.704,5.756,5.696,5.698,187095,0
OPL,60,20221020,160000,5.7,5.838,5.674,5.838,404852,0
OPL,60,20221020,170000,5.84,6.018,5.84,5.946,3491010,0
OPL,60,20221021,100000,5.91,5.91,5.78,5.78,217668,0
OPL,60,20221021,110000,5.776,5.808,5.754,5.762,130801,0
OPL,60,20221021,120000,5.77,5.852,5.764,5.77,199758,0
OPL,60,20221021,130000,5.764,5.814,5.754,5.814,161424,0
OPL,60,20221021,140000,5.806,5.806,5.75,5.756,171048,0
OPL,60,20221021,150000,5.756,5.756,5.664,5.684,339531,0
OPL,60,20221021,160000,5.688,5.79,5.676,5.76,366292,0
OPL,60,20221021,170000,5.76,5.764,5.682,5.69,804503,0
OPL,60,20221024,100000,5.692,5.798,5.692,5.792,98401,0
OPL,60,20221024,110000,5.798,5.836,5.784,5.818,231289,0
OPL,60,20221024,120000,5.808,5.83,5.808,5.828,152609,0
OPL,60,20221024,130000,5.83,5.834,5.79,5.82,152304,0
OPL,60,20221024,140000,5.82,5.862,5.804,5.862,203731,0
OPL,60,20221024,150000,5.86,5.906,5.854,5.904,292212,0
OPL,60,20221024,160000,5.896,6.002,5.896,6.002,588212,0
OPL,60,20221024,170000,5.996,6,5.914,5.946,933722,0
OPL,60,20221025,100000,6.04,6.066,5.954,6.05,501865,0
OPL,60,20221025,110000,6.064,6.07,5.928,5.96,448835,0
OPL,60,20221025,120000,5.964,5.98,5.844,5.876,407990,0
OPL,60,20221025,130000,5.87,5.872,5.794,5.81,224499,0
OPL,60,20221025,140000,5.81,5.914,5.742,5.864,276162,0
OPL,60,20221025,150000,5.84,5.902,5.812,5.812,251678,0
OPL,60,20221025,160000,5.812,5.898,5.812,5.828,505277,0
OPL,60,20221025,170000,5.828,5.86,5.78,5.82,974978,0
OPL,60,20221026,100000,5.898,5.902,5.73,5.766,345079,0
OPL,60,20221026,110000,5.768,5.796,5.736,5.756,307036,0
OPL,60,20221026,120000,5.754,5.76,5.714,5.73,386958,0
OPL,60,20221026,130000,5.738,5.738,5.69,5.704,314193,0
OPL,60,20221026,140000,5.702,5.702,5.65,5.682,205330,0
OPL,60,20221026,150000,5.684,5.688,5.626,5.648,241399,0
OPL,60,20221026,160000,5.65,5.674,5.622,5.652,372148,0
OPL,60,20221026,170000,5.646,5.69,5.64,5.65,684588,0
OPL,60,20221027,100000,5.66,5.7,5.66,5.698,317032,0
OPL,60,20221027,110000,5.698,5.798,5.692,5.728,339276,0
OPL,60,20221027,120000,5.734,5.78,5.718,5.774,400199,0
OPL,60,20221027,130000,5.768,5.78,5.75,5.756,219969,0
OPL,60,20221027,140000,5.756,5.772,5.744,5.748,192972,0
OPL,60,20221027,150000,5.744,5.778,5.722,5.766,272490,0
OPL,60,20221027,160000,5.768,5.78,5.716,5.738,401378,0
OPL,60,20221027,170000,5.738,5.768,5.724,5.76,909186,0
OPL,60,20221028,100000,5.76,5.76,5.7,5.742,361854,0
OPL,60,20221028,110000,5.748,5.854,5.73,5.854,329634,0
OPL,60,20221028,120000,5.854,5.854,5.804,5.852,190310,0
OPL,60,20221028,130000,5.858,5.858,5.782,5.836,272808,0
OPL,60,20221028,140000,5.832,5.928,5.828,5.884,344307,0
OPL,60,20221028,150000,5.878,5.89,5.84,5.868,242628,0
OPL,60,20221028,160000,5.872,5.936,5.872,5.916,444505,0
OPL,60,20221028,170000,5.922,5.96,5.904,5.91,868837,0
OPL,60,20221031,100000,5.91,6.046,5.9,6.046,241512,0
OPL,60,20221031,110000,6.048,6.1,6.026,6.072,334620,0
OPL,60,20221031,120000,6.072,6.09,6.052,6.08,128807,0
OPL,60,20221031,130000,6.082,6.086,6,6,217255,0
OPL,60,20221031,140000,6,6.026,5.962,5.98,202734,0
OPL,60,20221031,150000,5.98,6.032,5.938,5.966,298132,0
OPL,60,20221031,160000,5.966,6.018,5.96,6.012,293370,0
OPL,60,20221031,170000,6.004,6.066,6.004,6.032,1123873,0
OPL,60,20221102,100000,6.05,6.186,6.042,6.12,320701,0
OPL,60,20221102,110000,6.128,6.14,6.05,6.124,255908,0
OPL,60,20221102,120000,6.128,6.136,6.044,6.09,216757,0
OPL,60,20221102,130000,6.092,6.094,6.008,6.058,227185,0
OPL,60,20221102,140000,6.062,6.084,6.03,6.044,276125,0
OPL,60,20221102,150000,6.048,6.068,6.028,6.036,241089,0
OPL,60,20221102,160000,6.044,6.054,6.01,6.026,316225,0
OPL,60,20221102,170000,6.026,6.12,6.024,6.106,929339,0
OPL,60,20221103,100000,6.03,6.032,5.94,5.962,259810,0
OPL,60,20221103,110000,5.966,5.966,5.9,5.92,426125,0
OPL,60,20221103,120000,5.92,5.948,5.876,5.9,407472,0
OPL,60,20221103,130000,5.898,5.91,5.88,5.886,165857,0
OPL,60,20221103,140000,5.886,5.906,5.85,5.864,281494,0
OPL,60,20221103,150000,5.866,5.92,5.862,5.908,383772,0
OPL,60,20221103,160000,5.908,5.95,5.872,5.944,470610,0
OPL,60,20221103,170000,5.946,5.96,5.898,5.958,1102246,0
OPL,60,20221104,100000,5.95,6.05,5.91,6.024,343420,0
OPL,60,20221104,110000,6.02,6.03,5.956,5.98,163527,0
OPL,60,20221104,120000,5.958,6.012,5.956,6.012,230211,0
OPL,60,20221104,130000,6.002,6.046,5.966,6.01,331556,0
OPL,60,20221104,140000,6.01,6.044,5.972,6.026,318322,0
OPL,60,20221104,150000,6.028,6.086,6.028,6.07,268244,0
OPL,60,20221104,160000,6.068,6.136,6.06,6.112,383253,0
OPL,60,20221104,170000,6.112,6.13,6.052,6.1,748859,0
OPL,60,20221107,100000,6.096,6.266,6.08,6.246,513765,0
OPL,60,20221107,110000,6.246,6.31,6.216,6.254,533325,0
OPL,60,20221107,120000,6.258,6.356,6.256,6.324,528207,0
OPL,60,20221107,130000,6.322,6.352,6.27,6.308,280883,0
OPL,60,20221107,140000,6.308,6.328,6.268,6.282,301119,0
OPL,60,20221107,150000,6.286,6.3,6.27,6.286,310235,0
OPL,60,20221107,160000,6.286,6.306,6.27,6.286,437158,0
OPL,60,20221107,170000,6.286,6.3,6.224,6.25,1301691,0
OPL,60,20221108,100000,6.3,6.328,6.17,6.298,339184,0
OPL,60,20221108,110000,6.3,6.32,6.238,6.3,229719,0
OPL,60,20221108,120000,6.3,6.312,6.274,6.312,135906,0
OPL,60,20221108,130000,6.312,6.334,6.276,6.33,245279,0
OPL,60,20221108,140000,6.33,6.336,6.31,6.33,126229,0
OPL,60,20221108,150000,6.33,6.354,6.316,6.34,153957,0
OPL,60,20221108,160000,6.332,6.394,6.324,6.368,264636,0
OPL,60,20221108,170000,6.368,6.392,6.342,6.342,960505,0
OPL,60,20221109,100000,6.34,6.452,6.332,6.376,453594,0
OPL,60,20221109,110000,6.368,6.404,6.324,6.334,412883,0
OPL,60,20221109,120000,6.348,6.356,6.274,6.326,499894,0
OPL,60,20221109,130000,6.326,6.344,6.32,6.332,92473,0
OPL,60,20221109,140000,6.34,6.384,6.326,6.358,187425,0
OPL,60,20221109,150000,6.358,6.362,6.34,6.35,211617,0
OPL,60,20221109,160000,6.35,6.422,6.342,6.354,350346,0
OPL,60,20221109,170000,6.354,6.4,6.354,6.36,1319384,0
OPL,60,20221110,100000,6.35,6.436,6.3,6.304,396863,0
OPL,60,20221110,110000,6.302,6.362,6.3,6.362,139614,0
OPL,60,20221110,120000,6.364,6.388,6.35,6.388,171624,0
OPL,60,20221110,130000,6.39,6.394,6.35,6.36,243447,0
OPL,60,20221110,140000,6.362,6.414,6.356,6.414,221137,0
OPL,60,20221110,150000,6.414,6.598,6.386,6.598,745730,0
OPL,60,20221110,160000,6.588,6.638,6.51,6.624,647595,0
OPL,60,20221110,170000,6.622,6.69,6.592,6.632,1137651,0
OPL,60,20221114,100000,6.65,6.698,6.524,6.524,1146446,0
OPL,60,20221114,110000,6.53,6.68,6.52,6.65,1003745,0
OPL,60,20221114,120000,6.65,6.69,6.62,6.69,913944,0
OPL,60,20221114,130000,6.692,6.71,6.632,6.66,737682,0
OPL,60,20221114,140000,6.656,6.694,6.63,6.682,649189,0
OPL,60,20221114,150000,6.672,6.79,6.668,6.75,676794,0
OPL,60,20221114,160000,6.744,6.88,6.742,6.834,1114081,0
OPL,60,20221114,170000,6.838,6.9,6.79,6.82,2206749,0
OPL,60,20221115,100000,6.76,6.816,6.69,6.802,721461,0
OPL,60,20221115,110000,6.802,6.862,6.762,6.804,480233,0
OPL,60,20221115,120000,6.804,6.816,6.748,6.792,464994,0
OPL,60,20221115,130000,6.8,6.82,6.742,6.756,683367,0
OPL,60,20221115,140000,6.756,6.812,6.748,6.812,347978,0
OPL,60,20221115,150000,6.802,6.94,6.78,6.87,450227,0
OPL,60,20221115,160000,6.858,6.928,6.834,6.898,719691,0
OPL,60,20221115,170000,6.89,6.892,6.848,6.864,1368141,0
OPL,60,20221116,100000,6.85,6.88,6.692,6.714,551818,0
OPL,60,20221116,110000,6.718,6.762,6.66,6.752,434360,0
OPL,60,20221116,120000,6.75,6.762,6.674,6.73,753585,0
OPL,60,20221116,130000,6.744,6.744,6.672,6.738,352418,0
OPL,60,20221116,140000,6.74,6.742,6.714,6.722,363304,0
OPL,60,20221116,150000,6.72,6.74,6.71,6.74,371692,0
OPL,60,20221116,160000,6.732,6.774,6.726,6.77,612259,0
OPL,60,20221116,170000,6.772,6.792,6.75,6.75,1461968,0
OPL,60,20221117,100000,6.75,6.774,6.7,6.736,245256,0
OPL,60,20221117,110000,6.73,6.736,6.602,6.602,464535,0
OPL,60,20221117,120000,6.602,6.66,6.56,6.56,396460,0
OPL,60,20221117,130000,6.566,6.566,6.512,6.524,261833,0
OPL,60,20221117,140000,6.528,6.55,6.456,6.49,399846,0
OPL,60,20221117,150000,6.498,6.498,6.434,6.454,385519,0
OPL,60,20221117,160000,6.454,6.508,6.444,6.48,606930,0
OPL,60,20221117,170000,6.478,6.522,6.45,6.472,1496155,0
OPL,60,20221118,100000,6.5,6.594,6.5,6.56,373940,0
OPL,60,20221118,110000,6.562,6.626,6.5,6.556,471822,0
OPL,60,20221118,120000,6.556,6.596,6.544,6.584,176051,0
OPL,60,20221118,130000,6.584,6.602,6.55,6.56,288270,0
OPL,60,20221118,140000,6.56,6.574,6.544,6.558,165005,0
OPL,60,20221118,150000,6.554,6.586,6.544,6.562,266476,0
OPL,60,20221118,160000,6.562,6.608,6.556,6.608,368460,0
OPL,60,20221118,170000,6.6,6.6,6.556,6.576,876012,0
OPL,60,20221121,100000,6.58,6.6,6.498,6.58,183085,0
OPL,60,20221121,110000,6.58,6.592,6.524,6.536,120917,0
OPL,60,20221121,120000,6.55,6.56,6.49,6.498,174410,0
OPL,60,20221121,130000,6.496,6.504,6.458,6.474,217918,0
OPL,60,20221121,140000,6.47,6.47,6.43,6.456,222043,0
OPL,60,20221121,150000,6.45,6.538,6.442,6.506,233758,0
OPL,60,20221121,160000,6.5,6.562,6.49,6.528,408313,0
OPL,60,20221121,170000,6.528,6.562,6.506,6.536,712647,0
OPL,60,20221122,100000,6.528,6.69,6.528,6.68,284297,0
OPL,60,20221122,110000,6.686,6.78,6.686,6.78,315467,0
OPL,60,20221122,120000,6.78,6.78,6.702,6.728,348469,0
OPL,60,20221122,130000,6.732,6.78,6.72,6.732,346331,0
OPL,60,20221122,140000,6.728,6.732,6.718,6.73,205960,0
OPL,60,20221122,150000,6.726,6.78,6.722,6.75,357474,0
OPL,60,20221122,160000,6.754,6.778,6.73,6.764,488869,0
OPL,60,20221122,170000,6.766,6.776,6.712,6.732,931708,0
OPL,60,20221123,100000,6.75,6.77,6.656,6.66,153717,0
OPL,60,20221123,110000,6.652,6.756,6.65,6.712,275076,0
OPL,60,20221123,120000,6.702,6.716,6.684,6.694,208340,0
OPL,60,20221123,130000,6.692,6.706,6.672,6.69,231271,0
OPL,60,20221123,140000,6.694,6.698,6.678,6.696,234671,0
OPL,60,20221123,150000,6.692,6.692,6.6,6.618,360311,0
OPL,60,20221123,160000,6.616,6.618,6.566,6.6,659971,0
OPL,60,20221123,170000,6.6,6.634,6.58,6.608,1532510,0
OPL,60,20221124,100000,6.67,6.73,6.608,6.72,424772,0
OPL,60,20221124,110000,6.718,6.752,6.71,6.752,200631,0
OPL,60,20221124,120000,6.758,6.802,6.744,6.78,263695,0
OPL,60,20221124,130000,6.778,6.804,6.77,6.798,151968,0
OPL,60,20221124,140000,6.804,6.848,6.796,6.818,298134,0
OPL,60,20221124,150000,6.816,6.87,6.808,6.864,331872,0
OPL,60,20221124,160000,6.87,6.87,6.788,6.802,386952,0
OPL,60,20221124,170000,6.804,6.824,6.778,6.81,650303,0
OPL,60,20221125,100000,6.8,6.856,6.7,6.812,607730,0
OPL,60,20221125,110000,6.816,6.876,6.816,6.876,505718,0
OPL,60,20221125,120000,6.872,6.914,6.862,6.89,469009,0
OPL,60,20221125,130000,6.88,6.924,6.85,6.888,379971,0
OPL,60,20221125,140000,6.888,6.89,6.85,6.87,241816,0
OPL,60,20221125,150000,6.872,6.894,6.85,6.856,362871,0
OPL,60,20221125,160000,6.852,6.952,6.852,6.944,545489,0
OPL,60,20221125,170000,6.944,6.95,6.86,6.88,713681,0
OPL,60,20221128,100000,6.88,6.89,6.768,6.768,650064,0
OPL,60,20221128,110000,6.766,6.818,6.742,6.8,301179,0
OPL,60,20221128,120000,6.8,6.814,6.772,6.796,169848,0
OPL,60,20221128,130000,6.804,6.846,6.79,6.842,164540,0
OPL,60,20221128,140000,6.838,6.838,6.806,6.826,169765,0
OPL,60,20221128,150000,6.822,6.834,6.804,6.812,248296,0
OPL,60,20221128,160000,6.812,6.846,6.8,6.846,385497,0
OPL,60,20221128,170000,6.852,6.872,6.81,6.816,915531,0
OPL,60,20221129,100000,6.85,6.85,6.76,6.794,375144,0
OPL,60,20221129,110000,6.8,6.892,6.8,6.874,568234,0
OPL,60,20221129,120000,6.864,6.924,6.834,6.914,427377,0
OPL,60,20221129,130000,6.914,7.004,6.914,6.964,584915,0
OPL,60,20221129,140000,6.968,6.978,6.894,6.894,392406,0
OPL,60,20221129,150000,6.882,6.914,6.864,6.864,444778,0
OPL,60,20221129,160000,6.862,6.948,6.842,6.948,785695,0
OPL,60,20221129,170000,6.942,6.974,6.868,6.922,1605833,0
OPL,60,20221130,100000,6.81,6.876,6.65,6.67,740136,0
OPL,60,20221130,110000,6.672,6.688,6.6,6.686,923081,0
OPL,60,20221130,120000,6.686,6.686,6.58,6.644,914977,0
OPL,60,20221130,130000,6.644,6.67,6.624,6.65,869048,0
OPL,60,20221130,140000,6.646,6.66,6.584,6.584,884713,0
OPL,60,20221130,150000,6.584,6.588,6.5,6.508,1253046,0
OPL,60,20221130,160000,6.504,6.504,6.41,6.43,3094579,0
OPL,60,20221130,170000,6.43,6.436,6.32,6.32,65539449,0
OPL,60,20221201,100000,6.448,6.518,6.312,6.392,1538754,0
OPL,60,20221201,110000,6.392,6.456,6.324,6.38,869595,0
OPL,60,20221201,120000,6.38,6.446,6.38,6.426,483698,0
OPL,60,20221201,130000,6.42,6.484,6.406,6.474,486616,0
OPL,60,20221201,140000,6.476,6.5,6.454,6.486,757578,0
OPL,60,20221201,150000,6.486,6.488,6.4,6.414,826759,0
OPL,60,20221201,160000,6.412,6.464,6.39,6.416,993230,0
OPL,60,20221201,170000,6.416,6.464,6.392,6.45,1758503,0
OPL,60,20221202,100000,6.45,6.45,6.334,6.362,175396,0
OPL,60,20221202,110000,6.352,6.36,6.282,6.308,345890,0
OPL,60,20221202,120000,6.322,6.328,6.288,6.316,307455,0
OPL,60,20221202,130000,6.32,6.326,6.286,6.288,186972,0
OPL,60,20221202,140000,6.29,6.304,6.272,6.294,229219,0
OPL,60,20221202,150000,6.292,6.312,6.256,6.29,496799,0
OPL,60,20221202,160000,6.296,6.31,6.258,6.264,369903,0
OPL,60,20221202,170000,6.266,6.312,6.258,6.29,1275801,0
OPL,60,20221205,100000,6.3,6.372,6.23,6.282,312972,0
OPL,60,20221205,110000,6.266,6.296,6.228,6.286,374810,0
OPL,60,20221205,120000,6.29,6.38,6.28,6.336,374244,0
OPL,60,20221205,130000,6.342,6.346,6.3,6.324,192094,0
OPL,60,20221205,140000,6.322,6.328,6.302,6.308,206078,0
OPL,60,20221205,150000,6.304,6.328,6.274,6.296,450171,0
OPL,60,20221205,160000,6.298,6.348,6.288,6.332,672915,0
OPL,60,20221205,170000,6.332,6.332,6.292,6.32,864241,0
OPL,60,20221206,100000,6.33,6.358,6.282,6.32,229524,0
OPL,60,20221206,110000,6.32,6.324,6.26,6.26,273830,0
OPL,60,20221206,120000,6.262,6.27,6.222,6.24,316197,0
OPL,60,20221206,130000,6.23,6.248,6.198,6.224,384253,0
OPL,60,20221206,140000,6.224,6.242,6.202,6.224,351933,0
OPL,60,20221206,150000,6.224,6.256,6.204,6.254,372385,0
OPL,60,20221206,160000,6.254,6.314,6.248,6.312,660796,0
OPL,60,20221206,170000,6.312,6.324,6.278,6.282,1361182,0
OPL,60,20221207,100000,6.25,6.258,6.202,6.24,165183,0
OPL,60,20221207,110000,6.254,6.254,6.204,6.204,111042,0
OPL,60,20221207,120000,6.204,6.214,6.156,6.194,204995,0
OPL,60,20221207,130000,6.224,6.282,6.2,6.28,309061,0
OPL,60,20221207,140000,6.28,6.288,6.242,6.28,117136,0
OPL,60,20221207,150000,6.278,6.292,6.258,6.264,144063,0
OPL,60,20221207,160000,6.266,6.278,6.23,6.242,280781,0
OPL,60,20221207,170000,6.244,6.276,6.226,6.27,1467095,0
OPL,60,20221208,100000,6.298,6.298,6.23,6.252,88632,0
OPL,60,20221208,110000,6.252,6.252,6.23,6.248,36918,0
OPL,60,20221208,120000,6.236,6.276,6.22,6.276,138931,0
OPL,60,20221208,130000,6.272,6.272,6.244,6.25,57149,0
OPL,60,20221208,140000,6.25,6.28,6.242,6.258,59768,0
OPL,60,20221208,150000,6.244,6.28,6.234,6.28,159208,0
OPL,60,20221208,160000,6.28,6.282,6.218,6.256,570561,0
OPL,60,20221208,170000,6.254,6.282,6.232,6.262,1067297,0
OPL,60,20221209,100000,6.292,6.292,6.232,6.236,17630,0
OPL,60,20221209,110000,6.236,6.236,6.182,6.19,104241,0
OPL,60,20221209,120000,6.198,6.212,6.174,6.206,133949,0
OPL,60,20221209,130000,6.2,6.2,6.18,6.18,32888,0
OPL,60,20221209,140000,6.18,6.194,6.18,6.192,79235,0
OPL,60,20221209,150000,6.192,6.198,6.12,6.16,201789,0
OPL,60,20221209,160000,6.16,6.172,6.13,6.144,204733,0
OPL,60,20221209,170000,6.144,6.186,6.13,6.138,1144535,0
OPL,60,20221212,100000,6.22,6.22,6.1,6.122,385470,0
OPL,60,20221212,110000,6.122,6.198,6.122,6.164,99014,0
OPL,60,20221212,120000,6.168,6.2,6.16,6.2,59347,0
OPL,60,20221212,130000,6.2,6.2,6.172,6.18,58354,0
OPL,60,20221212,140000,6.18,6.18,6.15,6.15,93871,0
OPL,60,20221212,150000,6.15,6.194,6.134,6.194,148418,0
OPL,60,20221212,160000,6.182,6.21,6.166,6.206,147390,0
OPL,60,20221212,170000,6.208,6.222,6.19,6.19,985192,0
OPL,60,20221213,100000,6.25,6.25,6.12,6.15,185294,0
OPL,60,20221213,110000,6.152,6.19,6.15,6.16,129038,0
OPL,60,20221213,120000,6.16,6.204,6.154,6.176,114806,0
OPL,60,20221213,130000,6.176,6.216,6.174,6.208,137073,0
OPL,60,20221213,140000,6.208,6.248,6.208,6.234,157840,0
OPL,60,20221213,150000,6.234,6.33,6.228,6.33,447613,0
OPL,60,20221213,160000,6.34,6.368,6.328,6.344,594686,0
OPL,60,20221213,170000,6.342,6.368,6.3,6.3,741526,0
OPL,60,20221214,100000,6.314,6.314,6.206,6.262,276490,0
OPL,60,20221214,110000,6.264,6.27,6.23,6.238,203948,0
OPL,60,20221214,120000,6.238,6.27,6.23,6.26,234434,0
OPL,60,20221214,130000,6.26,6.274,6.24,6.258,269013,0
OPL,60,20221214,140000,6.262,6.316,6.262,6.286,235941,0
OPL,60,20221214,150000,6.286,6.338,6.28,6.338,314369,0
OPL,60,20221214,160000,6.34,6.354,6.324,6.342,419112,0
OPL,60,20221214,170000,6.34,6.348,6.268,6.316,962704,0
OPL,60,20221215,100000,6.36,6.43,6.27,6.328,294848,0
OPL,60,20221215,110000,6.33,6.408,6.33,6.372,109179,0
OPL,60,20221215,120000,6.364,6.384,6.342,6.342,158567,0
OPL,60,20221215,130000,6.342,6.352,6.318,6.344,107676,0
OPL,60,20221215,140000,6.35,6.376,6.338,6.35,123786,0
OPL,60,20221215,150000,6.35,6.352,6.26,6.342,333060,0
OPL,60,20221215,160000,6.34,6.36,6.312,6.32,397238,0
OPL,60,20221215,170000,6.318,6.344,6.25,6.28,957271,0
OPL,60,20221216,100000,6.27,6.3,6.18,6.216,177791,0
OPL,60,20221216,110000,6.216,6.286,6.208,6.264,270183,0
OPL,60,20221216,120000,6.266,6.3,6.2,6.228,498412,0
OPL,60,20221216,130000,6.22,6.236,6.192,6.192,271366,0
OPL,60,20221216,140000,6.192,6.256,6.192,6.256,280982,0
OPL,60,20221216,150000,6.258,6.262,6.21,6.232,292960,0
OPL,60,20221216,160000,6.234,6.262,6.198,6.21,733191,0
OPL,60,20221216,170000,6.21,6.236,6.17,6.17,3819203,0
OPL,60,20221219,100000,6.2,6.32,6.19,6.254,227233,0
OPL,60,20221219,110000,6.244,6.286,6.234,6.262,223256,0
OPL,60,20221219,120000,6.27,6.3,6.266,6.266,108546,0
OPL,60,20221219,130000,6.266,6.272,6.224,6.272,90136,0
OPL,60,20221219,140000,6.26,6.296,6.256,6.29,79844,0
OPL,60,20221219,150000,6.296,6.3,6.272,6.288,84197,0
OPL,60,20221219,160000,6.288,6.288,6.222,6.244,226807,0
OPL,60,20221219,170000,6.23,6.248,6.214,6.224,493157,0
OPL,60,20221220,100000,6.224,6.26,6.178,6.232,155060,0
OPL,60,20221220,110000,6.234,6.28,6.196,6.268,145696,0
OPL,60,20221220,120000,6.266,6.316,6.264,6.3,226958,0
OPL,60,20221220,130000,6.296,6.344,6.276,6.344,237576,0
OPL,60,20221220,140000,6.35,6.44,6.33,6.386,382946,0
OPL,60,20221220,150000,6.386,6.42,6.35,6.38,243924,0
OPL,60,20221220,160000,6.376,6.41,6.33,6.41,306566,0
OPL,60,20221220,170000,6.41,6.42,6.362,6.414,573678,0
OPL,60,20221221,100000,6.362,6.436,6.362,6.422,245120,0
OPL,60,20221221,110000,6.424,6.46,6.414,6.44,185079,0
OPL,60,20221221,120000,6.44,6.46,6.412,6.432,117728,0
OPL,60,20221221,130000,6.428,6.432,6.364,6.398,99188,0
OPL,60,20221221,140000,6.392,6.404,6.364,6.402,90104,0
OPL,60,20221221,150000,6.408,6.408,6.354,6.358,73172,0
OPL,60,20221221,160000,6.37,6.37,6.354,6.354,136518,0
OPL,60,20221221,170000,6.354,6.368,6.328,6.33,446354,0
OPL,60,20221222,100000,6.334,6.398,6.322,6.34,31259,0
OPL,60,20221222,110000,6.342,6.36,6.322,6.324,40910,0
OPL,60,20221222,120000,6.324,6.33,6.302,6.314,54524,0
OPL,60,20221222,130000,6.308,6.31,6.28,6.296,61661,0
OPL,60,20221222,140000,6.296,6.332,6.278,6.318,91854,0
OPL,60,20221222,150000,6.324,6.324,6.304,6.314,52056,0
OPL,60,20221222,160000,6.326,6.336,6.284,6.304,122282,0
OPL,60,20221222,170000,6.292,6.354,6.274,6.35,352784,0
OPL,60,20221223,100000,6.3,6.37,6.3,6.34,28305,0
OPL,60,20221223,110000,6.34,6.396,6.336,6.396,91145,0
OPL,60,20221223,120000,6.396,6.42,6.394,6.418,86658,0
OPL,60,20221223,130000,6.416,6.424,6.398,6.41,32984,0
OPL,60,20221223,140000,6.41,6.43,6.41,6.426,63642,0
OPL,60,20221223,150000,6.42,6.432,6.402,6.428,136636,0
OPL,60,20221223,160000,6.432,6.438,6.4,6.4,77724,0
OPL,60,20221223,170000,6.404,6.454,6.396,6.454,236853,0
OPL,60,20221227,100000,6.462,6.462,6.426,6.446,29737,0
OPL,60,20221227,110000,6.444,6.444,6.404,6.408,21633,0
OPL,60,20221227,120000,6.408,6.452,6.406,6.452,43494,0
OPL,60,20221227,130000,6.45,6.454,6.424,6.43,100350,0
OPL,60,20221227,140000,6.426,6.428,6.406,6.42,40380,0
OPL,60,20221227,150000,6.424,6.424,6.408,6.424,26407,0
OPL,60,20221227,160000,6.424,6.446,6.4,6.43,113702,0
OPL,60,20221227,170000,6.43,6.448,6.412,6.432,214038,0
OPL,60,20221228,100000,6.36,6.396,6.36,6.392,29156,0
OPL,60,20221228,110000,6.392,6.42,6.382,6.412,20670,0
OPL,60,20221228,120000,6.41,6.432,6.402,6.42,34291,0
OPL,60,20221228,130000,6.418,6.418,6.4,6.408,32271,0
OPL,60,20221228,140000,6.418,6.422,6.392,6.41,39833,0
OPL,60,20221228,150000,6.404,6.418,6.402,6.414,50387,0
OPL,60,20221228,160000,6.408,6.442,6.408,6.424,90652,0
OPL,60,20221228,170000,6.42,6.446,6.42,6.424,239201,0
OPL,60,20221229,100000,6.49,6.518,6.44,6.5,122712,0
OPL,60,20221229,110000,6.5,6.51,6.49,6.51,55731,0
OPL,60,20221229,120000,6.518,6.538,6.51,6.536,96311,0
OPL,60,20221229,130000,6.538,6.552,6.522,6.522,68693,0
OPL,60,20221229,140000,6.522,6.538,6.514,6.522,103576,0
OPL,60,20221229,150000,6.522,6.558,6.522,6.558,150654,0
OPL,60,20221229,160000,6.558,6.586,6.542,6.586,195461,0
OPL,60,20221229,170000,6.586,6.598,6.57,6.598,323220,0
OPL,60,20221230,100000,6.598,6.62,6.56,6.596,151604,0
OPL,60,20221230,110000,6.596,6.622,6.584,6.618,100540,0
OPL,60,20221230,120000,6.616,6.628,6.608,6.608,34230,0
OPL,60,20221230,130000,6.61,6.63,6.602,6.618,61052,0
OPL,60,20221230,140000,6.618,6.638,6.614,6.628,42230,0
OPL,60,20221230,150000,6.626,6.638,6.612,6.638,53596,0
OPL,60,20221230,160000,6.638,6.66,6.612,6.614,134010,0
OPL,60,20221230,170000,6.614,6.654,6.594,6.626,296000,0
OPL,60,20230102,100000,6.664,6.724,6.64,6.71,78222,0
OPL,60,20230102,110000,6.71,6.726,6.694,6.71,46679,0
OPL,60,20230102,120000,6.706,6.706,6.68,6.68,40668,0
OPL,60,20230102,130000,6.698,6.718,6.68,6.706,66413,0
OPL,60,20230102,140000,6.702,6.71,6.68,6.702,63152,0
OPL,60,20230102,150000,6.684,6.702,6.68,6.702,33456,0
OPL,60,20230102,160000,6.7,6.71,6.69,6.71,40439,0
OPL,60,20230102,170000,6.71,6.718,6.7,6.712,123808,0
OPL,60,20230103,100000,6.7,6.744,6.67,6.734,89940,0
OPL,60,20230103,110000,6.734,6.734,6.68,6.702,198250,0
OPL,60,20230103,120000,6.702,6.71,6.68,6.692,185198,0
OPL,60,20230103,130000,6.692,6.7,6.69,6.69,131442,0
OPL,60,20230103,140000,6.69,6.694,6.598,6.61,205420,0
OPL,60,20230103,150000,6.618,6.652,6.6,6.64,434444,0
OPL,60,20230103,160000,6.64,6.658,6.618,6.63,305937,0
OPL,60,20230103,170000,6.632,6.68,6.624,6.68,433969,0
OPL,60,20230104,100000,6.69,6.744,6.686,6.7,92843,0
OPL,60,20230104,110000,6.7,6.702,6.632,6.668,114822,0
OPL,60,20230104,120000,6.66,6.72,6.644,6.716,129308,0
OPL,60,20230104,130000,6.704,6.704,6.674,6.692,96979,0
OPL,60,20230104,140000,6.686,6.712,6.68,6.712,69207,0
OPL,60,20230104,150000,6.712,6.73,6.686,6.716,153018,0
OPL,60,20230104,160000,6.718,6.728,6.7,6.724,143898,0
OPL,60,20230104,170000,6.722,6.79,6.704,6.76,332942,0
OPL,60,20230105,100000,6.794,6.822,6.758,6.81,248669,0
OPL,60,20230105,110000,6.818,6.896,6.804,6.89,203233,0
OPL,60,20230105,120000,6.894,6.912,6.874,6.91,191674,0
OPL,60,20230105,130000,6.91,6.924,6.882,6.902,167224,0
OPL,60,20230105,140000,6.896,6.916,6.858,6.882,284986,0
OPL,60,20230105,150000,6.87,6.888,6.824,6.88,173466,0
OPL,60,20230105,160000,6.882,6.928,6.878,6.904,276657,0
OPL,60,20230105,170000,6.904,6.914,6.878,6.878,578211,0
OPL,60,20230109,100000,6.91,6.97,6.884,6.918,371052,0
OPL,60,20230109,110000,6.906,6.99,6.9,6.954,311507,0
OPL,60,20230109,120000,6.96,6.97,6.904,6.904,330916,0
OPL,60,20230109,130000,6.912,6.922,6.878,6.894,193658,0
OPL,60,20230109,140000,6.894,6.97,6.886,6.97,176293,0
OPL,60,20230109,150000,6.972,6.99,6.95,6.98,104225,0
OPL,60,20230109,160000,6.974,7.02,6.966,7,274875,0
OPL,60,20230109,170000,7,7.05,6.976,7.05,664504,0
OPL,60,20230110,100000,7.05,7.072,6.972,7.01,189513,0
OPL,60,20230110,110000,7.002,7.02,6.968,7.02,171029,0
OPL,60,20230110,120000,7.028,7.05,7.012,7.022,98647,0
OPL,60,20230110,130000,7.022,7.042,7.01,7.02,78340,0
OPL,60,20230110,140000,7.02,7.038,7.01,7.038,79268,0
OPL,60,20230110,150000,7.04,7.07,7.034,7.07,144512,0
OPL,60,20230110,160000,7.074,7.106,7.042,7.1,310256,0
OPL,60,20230110,170000,7.104,7.126,7.03,7.08,721857,0
OPL,60,20230111,100000,7.05,7.098,7.048,7.08,266240,0
OPL,60,20230111,110000,7.072,7.1,7.042,7.088,140418,0
OPL,60,20230111,120000,7.086,7.1,7.056,7.094,204958,0
OPL,60,20230111,130000,7.082,7.09,7.016,7.016,118372,0
OPL,60,20230111,140000,7.026,7.042,7.018,7.018,93571,0
OPL,60,20230111,150000,7.018,7.024,6.98,6.996,168511,0
OPL,60,20230111,160000,6.998,6.998,6.92,6.92,252846,0
OPL,60,20230111,170000,6.918,6.986,6.908,6.938,505286,0
OPL,60,20230112,100000,6.95,7.048,6.93,6.952,246145,0
OPL,60,20230112,110000,6.946,6.964,6.876,6.934,407376,0
OPL,60,20230112,120000,6.934,7.002,6.93,7,203313,0
OPL,60,20230112,130000,7,7.03,7,7.01,179056,0
OPL,60,20230112,140000,7.01,7.028,6.98,7.01,156414,0
OPL,60,20230112,150000,7.014,7.034,6.948,7.026,281188,0
OPL,60,20230112,160000,7.028,7.034,6.942,6.964,309410,0
OPL,60,20230112,170000,6.966,6.97,6.93,6.95,579432,0
OPL,60,20230113,100000,7.038,7.038,6.96,6.98,12849,0
OPL,60,20230113,110000,6.982,6.982,6.9,6.912,56745,0
OPL,60,20230113,120000,6.91,6.91,6.852,6.872,146938,0
OPL,60,20230113,130000,6.872,6.916,6.864,6.91,96037,0
OPL,60,20230113,140000,6.916,6.92,6.876,6.882,149069,0
OPL,60,20230113,150000,6.888,6.898,6.872,6.882,184600,0
OPL,60,20230113,160000,6.878,6.888,6.844,6.88,164741,0
OPL,60,20230113,170000,6.876,6.902,6.87,6.89,260830,0
OPL,60,20230116,100000,6.91,6.938,6.868,6.938,114611,0
OPL,60,20230116,110000,6.93,7.02,6.91,7.002,161524,0
OPL,60,20230116,120000,7,7.016,6.974,7,156771,0
OPL,60,20230116,130000,6.99,7.01,6.96,7,90302,0
OPL,60,20230116,140000,6.982,7.004,6.98,7.004,57215,0
OPL,60,20230116,150000,7.012,7.012,6.99,6.994,82236,0
OPL,60,20230116,160000,7,7.058,6.992,7.032,230424,0
OPL,60,20230116,170000,7.038,7.044,6.98,7.004,325871,0
OPL,60,20230117,100000,6.998,7.026,6.95,6.98,44167,0
OPL,60,20230117,110000,6.976,7.026,6.976,7.026,114256,0
OPL,60,20230117,120000,7.018,7.018,6.968,6.99,38036,0
OPL,60,20230117,130000,6.974,7.002,6.952,6.992,73719,0
OPL,60,20230117,140000,7,7,6.966,6.98,36629,0
OPL,60,20230117,150000,6.986,7.004,6.972,7,55449,0
OPL,60,20230117,160000,7.002,7.016,6.984,7.016,89222,0
OPL,60,20230117,170000,7.016,7.026,6.976,6.976,230993,0
OPL,60,20230118,100000,7,7.068,6.998,7.03,203138,0
OPL,60,20230118,110000,7.028,7.066,7.028,7.048,276844,0
OPL,60,20230118,120000,7.04,7.042,6.934,6.976,201537,0
OPL,60,20230118,130000,6.966,6.988,6.964,6.988,85051,0
OPL,60,20230118,140000,6.984,7.006,6.964,7.006,171391,0
OPL,60,20230118,150000,7.006,7.006,6.93,6.934,179465,0
OPL,60,20230118,160000,6.946,6.99,6.908,6.918,262437,0
OPL,60,20230118,170000,6.918,6.94,6.846,6.89,958039,0
OPL,60,20230119,100000,6.89,6.902,6.818,6.846,117355,0
OPL,60,20230119,110000,6.846,6.858,6.796,6.798,87707,0
OPL,60,20230119,120000,6.796,6.814,6.772,6.772,83318,0
OPL,60,20230119,130000,6.78,6.818,6.774,6.796,59046,0
OPL,60,20230119,140000,6.798,6.82,6.784,6.818,92486,0
OPL,60,20230119,150000,6.822,6.864,6.8,6.824,113712,0
OPL,60,20230119,160000,6.826,6.922,6.826,6.9,334686,0
OPL,60,20230119,170000,6.9,6.934,6.874,6.888,543365,0
OPL,60,20230120,100000,6.998,6.998,6.924,6.94,105364,0
OPL,60,20230120,110000,6.95,6.974,6.924,6.968,68166,0
OPL,60,20230120,120000,6.968,6.98,6.896,6.924,163171,0
OPL,60,20230120,130000,6.916,6.938,6.886,6.914,79256,0
OPL,60,20230120,140000,6.914,6.96,6.89,6.944,88520,0
OPL,60,20230120,150000,6.94,6.976,6.924,6.924,83339,0
OPL,60,20230120,160000,6.922,6.948,6.9,6.916,149657,0
OPL,60,20230120,170000,6.916,6.94,6.91,6.91,586790,0
OPL,60,20230123,100000,7,7,6.956,6.976,32435,0
OPL,60,20230123,110000,6.976,6.984,6.928,6.978,42732,0
OPL,60,20230123,120000,6.97,6.984,6.956,6.98,75434,0
OPL,60,20230123,130000,6.98,6.98,6.938,6.954,69076,0
OPL,60,20230123,140000,6.952,6.992,6.952,6.974,113044,0
OPL,60,20230123,150000,6.98,6.99,6.946,6.954,65378,0
OPL,60,20230123,160000,6.948,6.988,6.944,6.96,118954,0
OPL,60,20230123,170000,6.958,7.028,6.958,7.012,230645,0
OPL,60,20230124,100000,7.02,7.048,7.02,7.038,71674,0
OPL,60,20230124,110000,7.03,7.092,7.002,7.004,163936,0
OPL,60,20230124,120000,7.002,7.002,6.952,6.968,185623,0
OPL,60,20230124,130000,6.968,6.974,6.932,6.952,110260,0
OPL,60,20230124,140000,6.946,6.946,6.9,6.9,98427,0
OPL,60,20230124,150000,6.902,6.92,6.88,6.896,198309,0
OPL,60,20230124,160000,6.894,6.91,6.87,6.87,150374,0
OPL,60,20230124,170000,6.864,6.928,6.856,6.926,355171,0
OPL,60,20230125,100000,6.986,6.99,6.9,6.93,76153,0
OPL,60,20230125,110000,6.928,6.928,6.88,6.884,56216,0
OPL,60,20230125,120000,6.884,6.884,6.844,6.878,73877,0
OPL,60,20230125,130000,6.876,6.892,6.86,6.88,70214,0
OPL,60,20230125,140000,6.88,6.91,6.88,6.904,75688,0
OPL,60,20230125,150000,6.898,6.916,6.852,6.866,55690,0
OPL,60,20230125,160000,6.864,6.912,6.854,6.88,80015,0
OPL,60,20230125,170000,6.874,6.92,6.87,6.91,226154,0
OPL,60,20230126,100000,6.98,6.998,6.946,6.946,81648,0
OPL,60,20230126,110000,6.93,6.956,6.92,6.928,43919,0
OPL,60,20230126,120000,6.936,6.992,6.936,6.952,55955,0
OPL,60,20230126,130000,6.952,6.974,6.95,6.96,55517,0
OPL,60,20230126,140000,6.96,7,6.95,6.988,103352,0
OPL,60,20230126,150000,6.986,7.038,6.984,7.018,178349,0
OPL,60,20230126,160000,7.016,7.04,7.006,7.012,91239,0
OPL,60,20230126,170000,7.02,7.032,6.994,6.998,212865,0
OPL,60,20230127,100000,7.042,7.048,6.988,7.008,65711,0
OPL,60,20230127,110000,7.014,7.072,7,7.056,149417,0
OPL,60,20230127,120000,7.056,7.066,7.032,7.05,129862,0
OPL,60,20230127,130000,7.05,7.086,7.05,7.086,90078,0
OPL,60,20230127,140000,7.086,7.1,7.084,7.09,171791,0
OPL,60,20230127,150000,7.09,7.116,7.082,7.106,162024,0
OPL,60,20230127,160000,7.1,7.12,7.096,7.1,147397,0
OPL,60,20230127,170000,7.1,7.11,7.068,7.094,360321,0
OPL,60,20230130,100000,7.05,7.05,6.968,6.986,36894,0
OPL,60,20230130,110000,6.986,6.986,6.896,6.896,167642,0
OPL,60,20230130,120000,6.9,6.914,6.876,6.914,92479,0
OPL,60,20230130,130000,6.914,6.914,6.874,6.876,83684,0
OPL,60,20230130,140000,6.88,6.924,6.88,6.906,79293,0
OPL,60,20230130,150000,6.9,6.948,6.898,6.946,146125,0
OPL,60,20230130,160000,6.948,6.988,6.932,6.98,291694,0
OPL,60,20230130,170000,6.986,6.992,6.93,6.94,495409,0
OPL,60,20230131,100000,6.93,6.976,6.902,6.958,93306,0
OPL,60,20230131,110000,6.966,6.998,6.966,6.998,73797,0
OPL,60,20230131,120000,6.986,6.99,6.948,6.962,90065,0
OPL,60,20230131,130000,6.972,7.01,6.964,6.992,89987,0
OPL,60,20230131,140000,6.998,7.03,6.99,7.02,92383,0
OPL,60,20230131,150000,7.022,7.038,7.016,7.032,104596,0
OPL,60,20230131,160000,7.024,7.046,6.972,7,235741,0
OPL,60,20230131,170000,6.996,7.002,6.952,6.98,2357126,0
OPL,60,20230201,100000,7,7.016,6.968,7.002,280432,0
OPL,60,20230201,110000,7.002,7.014,6.992,7.002,58980,0
OPL,60,20230201,120000,7.002,7.006,6.988,7,98292,0
OPL,60,20230201,130000,7.006,7.008,6.996,7.004,44802,0
OPL,60,20230201,140000,7.006,7.058,7.002,7.05,200905,0
OPL,60,20230201,150000,7.05,7.08,7.04,7.04,296893,0
OPL,60,20230201,160000,7.034,7.05,7.002,7.004,102408,0
OPL,60,20230201,170000,7.004,7.044,6.9,6.9,436291,0
OPL,60,20230202,100000,7.038,7.068,6.964,6.986,223482,0
OPL,60,20230202,110000,6.998,7,6.954,6.98,232751,0
OPL,60,20230202,120000,6.98,6.984,6.94,6.958,187885,0
OPL,60,20230202,130000,6.958,6.968,6.946,6.95,106097,0
OPL,60,20230202,140000,6.95,6.97,6.926,6.942,188683,0
OPL,60,20230202,150000,6.938,6.98,6.936,6.968,386504,0
OPL,60,20230202,160000,6.968,6.998,6.96,6.972,316289,0
OPL,60,20230202,170000,6.972,7.03,6.958,6.972,775219,0
OPL,60,20230203,100000,7.048,7.048,6.96,6.976,42367,0
OPL,60,20230203,110000,6.978,7.032,6.976,7.024,44906,0
OPL,60,20230203,120000,7.03,7.03,6.984,6.992,44454,0
OPL,60,20230203,130000,6.984,7,6.976,7,48652,0
OPL,60,20230203,140000,7,7,6.952,6.96,81459,0
OPL,60,20230203,150000,6.958,6.974,6.934,6.94,145158,0
OPL,60,20230203,160000,6.94,6.952,6.91,6.918,161757,0
OPL,60,20230203,170000,6.912,6.932,6.884,6.912,262457,0
OPL,60,20230206,100000,6.964,6.982,6.83,6.83,85520,0
OPL,60,20230206,110000,6.834,6.838,6.794,6.804,76916,0
OPL,60,20230206,120000,6.8,6.8,6.772,6.778,89413,0
OPL,60,20230206,130000,6.778,6.782,6.752,6.762,74245,0
OPL,60,20230206,140000,6.758,6.814,6.752,6.814,99335,0
OPL,60,20230206,150000,6.814,6.814,6.78,6.79,75024,0
OPL,60,20230206,160000,6.796,6.804,6.766,6.798,165890,0
OPL,60,20230206,170000,6.8,6.802,6.746,6.782,336942,0
OPL,60,20230207,100000,6.822,6.874,6.766,6.85,241100,0
OPL,60,20230207,110000,6.862,6.916,6.85,6.912,213807,0
OPL,60,20230207,120000,6.91,6.914,6.822,6.842,348272,0
OPL,60,20230207,130000,6.844,6.872,6.834,6.872,136712,0
OPL,60,20230207,140000,6.872,6.872,6.802,6.808,48358,0
OPL,60,20230207,150000,6.806,6.84,6.77,6.786,86786,0
OPL,60,20230207,160000,6.786,6.828,6.778,6.822,183185,0
OPL,60,20230207,170000,6.816,6.866,6.808,6.824,298842,0
OPL,60,20230208,100000,6.844,6.872,6.784,6.818,106416,0
OPL,60,20230208,110000,6.824,6.878,6.824,6.848,71320,0
OPL,60,20230208,120000,6.848,6.862,6.802,6.812,209393,0
OPL,60,20230208,130000,6.812,6.826,6.808,6.826,63345,0
OPL,60,20230208,140000,6.828,6.852,6.814,6.83,70036,0
OPL,60,20230208,150000,6.838,6.842,6.822,6.822,42753,0
OPL,60,20230208,160000,6.822,6.826,6.8,6.802,43260,0
OPL,60,20230208,170000,6.806,6.816,6.784,6.8,352877,0
OPL,60,20230209,100000,6.84,6.84,6.73,6.748,164247,0
OPL,60,20230209,110000,6.744,6.748,6.72,6.722,104338,0
OPL,60,20230209,120000,6.726,6.788,6.724,6.78,180615,0
OPL,60,20230209,130000,6.78,6.812,6.774,6.808,95844,0
OPL,60,20230209,140000,6.812,6.812,6.736,6.738,232504,0
OPL,60,20230209,150000,6.74,6.74,6.7,6.726,264507,0
OPL,60,20230209,160000,6.724,6.762,6.72,6.748,154318,0
OPL,60,20230209,170000,6.746,6.792,6.738,6.792,341864,0
OPL,60,20230210,100000,6.828,6.83,6.724,6.812,93372,0
OPL,60,20230210,110000,6.806,6.88,6.804,6.836,604744,0
OPL,60,20230210,120000,6.834,6.834,6.756,6.764,158168,0
OPL,60,20230210,130000,6.766,6.766,6.71,6.742,226203,0
OPL,60,20230210,140000,6.742,6.774,6.736,6.742,134480,0
OPL,60,20230210,150000,6.744,6.784,6.74,6.752,333520,0
OPL,60,20230210,160000,6.752,6.8,6.724,6.798,361394,0
OPL,60,20230210,170000,6.796,6.86,6.784,6.86,573523,0
OPL,60,20230213,100000,6.87,6.88,6.75,6.788,130297,0
OPL,60,20230213,110000,6.788,6.788,6.752,6.768,89553,0
OPL,60,20230213,120000,6.768,6.768,6.714,6.722,132834,0
OPL,60,20230213,130000,6.722,6.746,6.714,6.728,86163,0
OPL,60,20230213,140000,6.728,6.752,6.722,6.752,66721,0
OPL,60,20230213,150000,6.752,6.752,6.726,6.746,82538,0
OPL,60,20230213,160000,6.74,6.742,6.706,6.73,154538,0
OPL,60,20230213,170000,6.736,6.762,6.724,6.75,248766,0
OPL,60,20230214,100000,6.8,6.814,6.728,6.744,74484,0
OPL,60,20230214,110000,6.748,6.786,6.72,6.77,102127,0
OPL,60,20230214,120000,6.77,6.84,6.77,6.826,142854,0
OPL,60,20230214,130000,6.83,6.836,6.804,6.816,68338,0
OPL,60,20230214,140000,6.816,6.862,6.806,6.848,113843,0
OPL,60,20230214,150000,6.848,6.852,6.8,6.812,164680,0
OPL,60,20230214,160000,6.812,6.85,6.8,6.84,115902,0
OPL,60,20230214,170000,6.85,6.9,6.8,6.83,733066,0
OPL,60,20230215,100000,6.88,6.9,6.83,6.858,139031,0
OPL,60,20230215,110000,6.86,6.868,6.83,6.838,21677,0
OPL,60,20230215,120000,6.832,6.864,6.83,6.848,99866,0
OPL,60,20230215,130000,6.844,6.884,6.834,6.884,55140,0
OPL,60,20230215,140000,6.87,6.87,6.842,6.852,40592,0
OPL,60,20230215,150000,6.85,6.858,6.83,6.852,126120,0
OPL,60,20230215,160000,6.852,6.854,6.834,6.844,80715,0
OPL,60,20230215,170000,6.844,6.89,6.838,6.878,322197,0
OPL,60,20230216,100000,6.912,7.04,6.912,7.002,252934,0
OPL,60,20230216,110000,7.002,7.01,6.916,6.926,241930,0
OPL,60,20230216,120000,6.92,6.966,6.912,6.966,99243,0
OPL,60,20230216,130000,6.966,7.01,6.952,6.988,159927,0
OPL,60,20230216,140000,6.988,7,6.964,6.98,83566,0
OPL,60,20230216,150000,6.986,6.99,6.91,6.974,391544,0
OPL,60,20230216,160000,6.968,6.994,6.91,6.994,665961,0
OPL,60,20230216,170000,6.994,7.024,6.964,7.01,767457,0
OPL,60,20230217,100000,7.03,7.044,6.944,6.956,186096,0
OPL,60,20230217,110000,6.96,7.03,6.952,6.966,246171,0
OPL,60,20230217,120000,6.966,6.966,6.926,6.944,127396,0
OPL,60,20230217,130000,6.944,7,6.932,6.998,75221,0
OPL,60,20230217,140000,7,7.042,7,7.032,239369,0
OPL,60,20230217,150000,7.032,7.04,7,7.028,176504,0
OPL,60,20230217,160000,7.032,7.042,7.01,7.01,139167,0
OPL,60,20230217,170000,7.02,7.03,7,7.01,242634,0
OPL,60,20230220,100000,7,7.032,6.994,6.994,69649,0
OPL,60,20230220,110000,7,7.004,6.948,6.986,174431,0
OPL,60,20230220,120000,6.994,7.03,6.986,7.016,71861,0
OPL,60,20230220,130000,7.02,7.02,7,7,30384,0
OPL,60,20230220,140000,6.994,7,6.972,6.978,63811,0
OPL,60,20230220,150000,6.984,6.988,6.972,6.988,33509,0
OPL,60,20230220,160000,6.99,6.99,6.958,6.97,104791,0
OPL,60,20230220,170000,6.97,6.994,6.96,6.974,149430,0
OPL,60,20230221,100000,6.978,7,6.94,6.95,64611,0
OPL,60,20230221,110000,6.95,6.962,6.904,6.93,108311,0
OPL,60,20230221,120000,6.934,6.94,6.87,6.882,117075,0
OPL,60,20230221,130000,6.884,6.894,6.844,6.848,65080,0
OPL,60,20230221,140000,6.836,6.854,6.82,6.84,78361,0
OPL,60,20230221,150000,6.838,6.9,6.83,6.9,53815,0
OPL,60,20230221,160000,6.9,6.91,6.84,6.856,135432,0
OPL,60,20230221,170000,6.844,6.896,6.834,6.858,285911,0
OPL,60,20230222,100000,6.896,6.898,6.786,6.82,169086,0
OPL,60,20230222,110000,6.82,6.892,6.82,6.864,205305,0
OPL,60,20230222,120000,6.872,6.896,6.866,6.878,190099,0
OPL,60,20230222,130000,6.882,6.9,6.804,6.812,167473,0
OPL,60,20230222,140000,6.806,6.896,6.802,6.868,260556,0
OPL,60,20230222,150000,6.864,6.904,6.844,6.89,165525,0
OPL,60,20230222,160000,6.89,6.934,6.878,6.922,346408,0
OPL,60,20230222,170000,6.922,6.966,6.9,6.946,779229,0
OPL,60,20230223,100000,6.99,6.99,6.87,6.9,151835,0
OPL,60,20230223,110000,6.9,6.92,6.852,6.862,137956,0
OPL,60,20230223,120000,6.862,6.882,6.832,6.872,83559,0
OPL,60,20230223,130000,6.862,6.862,6.812,6.83,97198,0
OPL,60,20230223,140000,6.834,6.846,6.816,6.834,104834,0
OPL,60,20230223,150000,6.834,6.87,6.816,6.854,139616,0
OPL,60,20230223,160000,6.852,6.89,6.84,6.878,157464,0
OPL,60,20230223,170000,6.878,6.906,6.852,6.902,379918,0
OPL,60,20230224,100000,6.872,6.918,6.83,6.832,55886,0
OPL,60,20230224,110000,6.848,6.864,6.812,6.816,92337,0
OPL,60,20230224,120000,6.822,6.824,6.786,6.798,138195,0
OPL,60,20230224,130000,6.798,6.808,6.784,6.798,43454,0
OPL,60,20230224,140000,6.794,6.83,6.792,6.8,45999,0
OPL,60,20230224,150000,6.798,6.822,6.786,6.792,66948,0
OPL,60,20230224,160000,6.786,6.806,6.774,6.806,96633,0
OPL,60,20230224,170000,6.818,6.82,6.792,6.792,177909,0
OPL,60,20230227,100000,6.792,6.822,6.73,6.762,31262,0
OPL,60,20230227,110000,6.754,6.77,6.734,6.762,20301,0
OPL,60,20230227,120000,6.762,6.764,6.738,6.742,28356,0
OPL,60,20230227,130000,6.742,6.79,6.73,6.768,86182,0
OPL,60,20230227,140000,6.762,6.762,6.732,6.75,55041,0
OPL,60,20230227,150000,6.752,6.77,6.742,6.742,73490,0
OPL,60,20230227,160000,6.74,6.754,6.73,6.748,157257,0
OPL,60,20230227,170000,6.75,6.758,6.732,6.736,419184,0
OPL,60,20230228,100000,6.73,6.75,6.678,6.742,85450,0
OPL,60,20230228,110000,6.742,6.76,6.716,6.756,71463,0
OPL,60,20230228,120000,6.756,6.768,6.738,6.75,95818,0
OPL,60,20230228,130000,6.75,6.76,6.73,6.75,67310,0
OPL,60,20230228,140000,6.75,6.754,6.698,6.704,125477,0
OPL,60,20230228,150000,6.7,6.7,6.644,6.664,244863,0
OPL,60,20230228,160000,6.666,6.69,6.652,6.676,273496,0
OPL,60,20230228,170000,6.674,6.724,6.672,6.724,1781431,0
OPL,60,20230301,100000,6.75,6.77,6.7,6.746,238116,0
OPL,60,20230301,110000,6.74,6.814,6.736,6.81,296984,0
OPL,60,20230301,120000,6.81,6.828,6.784,6.812,323700,0
OPL,60,20230301,130000,6.816,6.858,6.816,6.842,354267,0
OPL,60,20230301,140000,6.844,6.88,6.844,6.876,290658,0
OPL,60,20230301,150000,6.876,6.892,6.808,6.82,267255,0
OPL,60,20230301,160000,6.824,6.86,6.818,6.85,370288,0
OPL,60,20230301,170000,6.846,6.864,6.818,6.844,681080,0
OPL,60,20230302,100000,6.83,6.83,6.72,6.742,102572,0
OPL,60,20230302,110000,6.736,6.766,6.728,6.73,70929,0
OPL,60,20230302,120000,6.726,6.736,6.712,6.722,33485,0
OPL,60,20230302,130000,6.72,6.726,6.686,6.69,53356,0
OPL,60,20230302,140000,6.694,6.72,6.69,6.696,83855,0
OPL,60,20230302,150000,6.694,6.706,6.682,6.698,86584,0
OPL,60,20230302,160000,6.7,6.766,6.7,6.754,229353,0
OPL,60,20230302,170000,6.754,6.772,6.722,6.75,524002,0
OPL,60,20230303,100000,6.79,6.79,6.72,6.762,30381,0
OPL,60,20230303,110000,6.784,6.784,6.738,6.754,30649,0
OPL,60,20230303,120000,6.746,6.762,6.742,6.746,42280,0
OPL,60,20230303,130000,6.75,6.772,6.75,6.772,38192,0
OPL,60,20230303,140000,6.77,6.772,6.752,6.752,51104,0
OPL,60,20230303,150000,6.752,6.774,6.752,6.768,24393,0
OPL,60,20230303,160000,6.766,6.788,6.764,6.776,117266,0
OPL,60,20230303,170000,6.78,6.79,6.762,6.776,152459,0
OPL,60,20230306,100000,6.82,6.826,6.75,6.82,142753,0
OPL,60,20230306,110000,6.812,6.84,6.808,6.83,108507,0
OPL,60,20230306,120000,6.83,6.84,6.766,6.766,101472,0
OPL,60,20230306,130000,6.772,6.79,6.76,6.76,83396,0
OPL,60,20230306,140000,6.76,6.784,6.75,6.78,73876,0
OPL,60,20230306,150000,6.778,6.8,6.77,6.794,85749,0
OPL,60,20230306,160000,6.8,6.848,6.796,6.832,206312,0
OPL,60,20230306,170000,6.834,6.884,6.83,6.872,327151,0
OPL,60,20230307,100000,6.89,6.89,6.788,6.804,88204,0
OPL,60,20230307,110000,6.804,6.88,6.804,6.874,62123,0
OPL,60,20230307,120000,6.872,6.898,6.868,6.892,92225,0
OPL,60,20230307,130000,6.898,6.898,6.852,6.862,32016,0
OPL,60,20230307,140000,6.854,6.872,6.832,6.848,74040,0
OPL,60,20230307,150000,6.848,6.892,6.838,6.872,87363,0
OPL,60,20230307,160000,6.872,6.872,6.834,6.86,95062,0
OPL,60,20230307,170000,6.852,6.86,6.796,6.82,677012,0
OPL,60,20230308,100000,6.822,6.906,6.822,6.876,117629,0
OPL,60,20230308,110000,6.876,6.886,6.85,6.884,55149,0
OPL,60,20230308,120000,6.884,6.902,6.862,6.902,78167,0
OPL,60,20230308,130000,6.902,6.904,6.886,6.894,57937,0
OPL,60,20230308,140000,6.896,6.9,6.844,6.862,104744,0
OPL,60,20230308,150000,6.862,6.888,6.84,6.88,222960,0
OPL,60,20230308,160000,6.88,6.924,6.874,6.924,156445,0
OPL,60,20230308,170000,6.92,6.962,6.914,6.936,367249,0
OPL,60,20230309,100000,6.97,6.98,6.916,6.92,58866,0
OPL,60,20230309,110000,6.908,6.922,6.852,6.86,100519,0
OPL,60,20230309,120000,6.862,6.902,6.862,6.902,47684,0
OPL,60,20230309,130000,6.904,6.938,6.902,6.918,74316,0
OPL,60,20230309,140000,6.922,6.922,6.88,6.882,47401,0
OPL,60,20230309,150000,6.882,6.964,6.878,6.964,124675,0
OPL,60,20230309,160000,6.956,6.97,6.952,6.962,131317,0
OPL,60,20230309,170000,6.964,6.974,6.932,6.96,219869,0
OPL,60,20230310,100000,6.84,6.898,6.802,6.802,106192,0
OPL,60,20230310,110000,6.798,6.812,6.752,6.758,122691,0
OPL,60,20230310,120000,6.756,6.792,6.752,6.792,95735,0
OPL,60,20230310,130000,6.796,6.816,6.766,6.792,117337,0
OPL,60,20230310,140000,6.792,6.812,6.776,6.79,100392,0
OPL,60,20230310,150000,6.786,6.83,6.778,6.824,190773,0
OPL,60,20230310,160000,6.822,6.822,6.78,6.79,224253,0
OPL,60,20230310,170000,6.8,6.81,6.77,6.78,487561,0
OPL,60,20230313,100000,6.868,6.868,6.664,6.68,160975,0
OPL,60,20230313,110000,6.666,6.672,6.564,6.602,130043,0
OPL,60,20230313,120000,6.6,6.652,6.582,6.652,97429,0
OPL,60,20230313,130000,6.652,6.67,6.58,6.582,100146,0
OPL,60,20230313,140000,6.58,6.596,6.518,6.55,137569,0
OPL,60,20230313,150000,6.558,6.598,6.53,6.59,77642,0
OPL,60,20230313,160000,6.59,6.59,6.538,6.548,118190,0
OPL,60,20230313,170000,6.546,6.6,6.54,6.56,554618,0
OPL,60,20230314,100000,6.692,6.692,6.55,6.566,37832,0
OPL,60,20230314,110000,6.56,6.57,6.536,6.558,69968,0
OPL,60,20230314,120000,6.56,6.56,6.524,6.53,30586,0
OPL,60,20230314,130000,6.53,6.53,6.464,6.47,94623,0
OPL,60,20230314,140000,6.47,6.52,6.452,6.498,166367,0
OPL,60,20230314,150000,6.502,6.53,6.48,6.508,222565,0
OPL,60,20230314,160000,6.506,6.524,6.486,6.5,287663,0
OPL,60,20230314,170000,6.5,6.51,6.43,6.44,646025,0
OPL,60,20230315,100000,6.524,6.56,6.484,6.53,110456,0
OPL,60,20230315,110000,6.536,6.552,6.486,6.488,86585,0
OPL,60,20230315,120000,6.49,6.496,6.41,6.444,147147,0
OPL,60,20230315,130000,6.446,6.466,6.408,6.43,90757,0
OPL,60,20230315,140000,6.436,6.452,6.386,6.39,109304,0
OPL,60,20230315,150000,6.39,6.414,6.372,6.39,95095,0
OPL,60,20230315,160000,6.384,6.422,6.382,6.402,221546,0
OPL,60,20230315,170000,6.404,6.424,6.394,6.422,333639,0
OPL,60,20230316,100000,6.478,6.52,6.432,6.47,171289,0
OPL,60,20230316,110000,6.47,6.486,6.432,6.47,199682,0
OPL,60,20230316,120000,6.47,6.478,6.404,6.404,128071,0
OPL,60,20230316,130000,6.408,6.412,6.346,6.382,168911,0
OPL,60,20230316,140000,6.386,6.444,6.35,6.44,193758,0
OPL,60,20230316,150000,6.438,6.494,6.398,6.418,676399,0
OPL,60,20230316,160000,6.418,6.45,6.404,6.45,262346,0
OPL,60,20230316,170000,6.448,6.508,6.436,6.508,740118,0
OPL,60,20230317,100000,6.53,6.584,6.49,6.506,144364,0
OPL,60,20230317,110000,6.506,6.52,6.496,6.51,33439,0
OPL,60,20230317,120000,6.5,6.526,6.496,6.518,48887,0
OPL,60,20230317,130000,6.51,6.516,6.45,6.466,68594,0
OPL,60,20230317,140000,6.46,6.46,6.41,6.436,113113,0
OPL,60,20230317,150000,6.438,6.462,6.422,6.434,81695,0
OPL,60,20230317,160000,6.44,6.48,6.412,6.442,381006,0
OPL,60,20230317,170000,6.45,6.494,6.422,6.45,2024940,0
OPL,60,20230320,100000,6.49,6.49,6.384,6.434,88211,0
OPL,60,20230320,110000,6.42,6.49,6.412,6.438,84139,0
OPL,60,20230320,120000,6.426,6.45,6.42,6.424,114096,0
OPL,60,20230320,130000,6.436,6.436,6.37,6.38,79434,0
OPL,60,20230320,140000,6.384,6.406,6.366,6.394,76675,0
OPL,60,20230320,150000,6.4,6.416,6.396,6.406,129677,0
OPL,60,20230320,160000,6.406,6.466,6.406,6.46,222476,0
OPL,60,20230320,170000,6.464,6.542,6.454,6.5,315623,0
OPL,60,20230321,100000,6.462,6.5,6.454,6.48,87079,0
OPL,60,20230321,110000,6.48,6.5,6.47,6.5,23614,0
OPL,60,20230321,120000,6.49,6.508,6.478,6.504,142046,0
OPL,60,20230321,130000,6.504,6.598,6.496,6.592,219429,0
OPL,60,20230321,140000,6.592,6.632,6.59,6.614,102546,0
OPL,60,20230321,150000,6.606,6.63,6.59,6.628,107378,0
OPL,60,20230321,160000,6.628,6.634,6.59,6.612,216524,0
OPL,60,20230321,170000,6.614,6.64,6.606,6.614,267104,0
OPL,60,20230322,100000,6.61,6.642,6.562,6.614,157994,0
OPL,60,20230322,110000,6.614,6.644,6.608,6.632,344863,0
OPL,60,20230322,120000,6.632,6.662,6.62,6.66,101059,0
OPL,60,20230322,130000,6.662,6.702,6.658,6.69,99374,0
OPL,60,20230322,140000,6.694,6.716,6.682,6.712,85788,0
OPL,60,20230322,150000,6.708,6.73,6.692,6.724,161120,0
OPL,60,20230322,160000,6.72,6.736,6.7,6.726,145137,0
OPL,60,20230322,170000,6.712,6.724,6.694,6.71,394694,0
OPL,60,20230323,100000,6.74,6.756,6.688,6.752,125821,0
OPL,60,20230323,110000,6.754,6.826,6.736,6.808,249471,0
OPL,60,20230323,120000,6.8,6.812,6.766,6.81,117935,0
OPL,60,20230323,130000,6.812,6.814,6.8,6.802,138777,0
OPL,60,20230323,140000,6.802,6.818,6.784,6.8,84749,0
OPL,60,20230323,150000,6.798,6.83,6.796,6.828,104208,0
OPL,60,20230323,160000,6.828,6.876,6.824,6.872,269584,0
OPL,60,20230323,170000,6.87,6.882,6.786,6.832,772829,0
OPL,60,20230324,100000,6.8,6.88,6.72,6.722,119179,0
OPL,60,20230324,110000,6.726,6.758,6.718,6.758,107806,0
OPL,60,20230324,120000,6.752,6.772,6.728,6.762,84117,0
OPL,60,20230324,130000,6.758,6.758,6.74,6.748,116537,0
OPL,60,20230324,140000,6.746,6.78,6.744,6.774,82846,0
OPL,60,20230324,150000,6.782,6.788,6.75,6.76,147092,0
OPL,60,20230324,160000,6.76,6.766,6.706,6.748,375225,0
OPL,60,20230324,170000,6.752,6.77,6.74,6.758,503821,0
OPL,60,20230327,100000,6.85,6.86,6.774,6.786,30443,0
OPL,60,20230327,110000,6.774,6.806,6.764,6.796,33104,0
OPL,60,20230327,120000,6.8,6.812,6.758,6.758,28612,0
OPL,60,20230327,130000,6.764,6.77,6.752,6.766,21118,0
OPL,60,20230327,140000,6.758,6.766,6.726,6.732,47785,0
OPL,60,20230327,150000,6.73,6.75,6.724,6.73,68148,0
OPL,60,20230327,160000,6.738,6.738,6.692,6.696,138973,0
OPL,60,20230327,170000,6.698,6.746,6.698,6.726,251322,0
OPL,60,20230328,100000,6.69,6.742,6.69,6.742,37827,0
OPL,60,20230328,110000,6.74,6.744,6.702,6.702,25818,0
OPL,60,20230328,120000,6.702,6.702,6.624,6.64,86801,0
OPL,60,20230328,130000,6.64,6.648,6.616,6.616,30726,0
OPL,60,20230328,140000,6.624,6.652,6.612,6.628,29160,0
OPL,60,20230328,150000,6.634,6.64,6.602,6.632,35282,0
OPL,60,20230328,160000,6.62,6.632,6.56,6.582,265655,0
OPL,60,20230328,170000,6.586,6.596,6.55,6.55,412158,0
OPL,60,20230329,100000,6.63,6.63,6.584,6.6,46111,0
OPL,60,20230329,110000,6.594,6.61,6.556,6.6,61953,0
OPL,60,20230329,120000,6.6,6.614,6.574,6.574,70468,0
OPL,60,20230329,130000,6.572,6.594,6.56,6.584,32469,0
OPL,60,20230329,140000,6.59,6.6,6.578,6.598,41171,0
OPL,60,20230329,150000,6.598,6.598,6.532,6.542,102356,0
OPL,60,20230329,160000,6.536,6.548,6.508,6.542,110616,0
OPL,60,20230329,170000,6.542,6.604,6.542,6.59,285960,0
OPL,60,20230330,100000,6.6,6.6,6.49,6.57,231299,0
OPL,60,20230330,110000,6.578,6.606,6.522,6.586,331354,0
OPL,60,20230330,120000,6.578,6.628,6.576,6.62,114823,0
OPL,60,20230330,130000,6.62,6.642,6.594,6.6,222512,0
OPL,60,20230330,140000,6.6,6.602,6.588,6.6,109769,0
OPL,60,20230330,150000,6.602,6.64,6.6,6.612,125979,0
OPL,60,20230330,160000,6.618,6.678,6.594,6.678,160722,0
OPL,60,20230330,170000,6.674,6.686,6.618,6.666,758795,0
OPL,60,20230331,100000,6.7,6.71,6.612,6.674,68402,0
OPL,60,20230331,110000,6.676,6.692,6.646,6.66,74897,0
OPL,60,20230331,120000,6.666,6.732,6.666,6.728,81624,0
OPL,60,20230331,130000,6.726,6.748,6.704,6.714,68729,0
OPL,60,20230331,140000,6.716,6.772,6.71,6.766,118176,0
OPL,60,20230331,150000,6.766,6.778,6.752,6.76,123796,0
OPL,60,20230331,160000,6.76,6.778,6.756,6.762,208891,0
OPL,60,20230331,170000,6.762,6.826,6.75,6.826,918957,0
OPL,60,20230403,100000,6.844,6.904,6.83,6.892,104395,0
OPL,60,20230403,110000,6.886,6.886,6.802,6.866,123652,0
OPL,60,20230403,120000,6.872,6.904,6.866,6.898,123380,0
OPL,60,20230403,130000,6.902,6.91,6.874,6.876,95951,0
OPL,60,20230403,140000,6.876,6.88,6.832,6.84,150801,0
OPL,60,20230403,150000,6.838,6.838,6.818,6.824,75935,0
OPL,60,20230403,160000,6.818,6.86,6.804,6.846,132074,0
OPL,60,20230403,170000,6.85,6.854,6.816,6.848,407111,0
OPL,60,20230404,100000,6.852,6.866,6.81,6.824,37343,0
OPL,60,20230404,110000,6.818,6.826,6.772,6.772,44770,0
OPL,60,20230404,120000,6.77,6.8,6.73,6.8,42896,0
OPL,60,20230404,130000,6.8,6.826,6.796,6.816,73360,0
OPL,60,20230404,140000,6.816,6.826,6.802,6.818,43916,0
OPL,60,20230404,150000,6.814,6.822,6.812,6.818,21148,0
OPL,60,20230404,160000,6.822,6.866,6.818,6.858,85925,0
OPL,60,20230404,170000,6.858,6.862,6.838,6.838,108400,0
OPL,60,20230405,100000,6.816,6.97,6.812,6.956,234878,0
OPL,60,20230405,110000,6.956,6.98,6.906,6.932,258091,0
OPL,60,20230405,120000,6.94,6.972,6.92,6.964,178605,0
OPL,60,20230405,130000,6.958,6.982,6.944,6.968,156147,0
OPL,60,20230405,140000,6.97,6.976,6.958,6.976,151201,0
OPL,60,20230405,150000,6.97,6.998,6.96,6.98,202764,0
OPL,60,20230405,160000,6.982,7.038,6.982,7.038,255777,0
OPL,60,20230405,170000,7.034,7.042,7.002,7.022,476372,0
OPL,60,20230406,100000,7.05,7.07,6.994,7.048,124156,0
OPL,60,20230406,110000,7.046,7.07,7.04,7.058,95229,0
OPL,60,20230406,120000,7.058,7.072,7.04,7.052,89937,0
OPL,60,20230406,130000,7.05,7.078,7.048,7.068,89139,0
OPL,60,20230406,140000,7.068,7.086,7.054,7.054,86451,0
OPL,60,20230406,150000,7.058,7.058,7,7.002,123086,0
OPL,60,20230406,160000,7.002,7.014,6.926,6.952,325969,0
OPL,60,20230406,170000,6.952,7.032,6.952,7.022,330739,0
OPL,60,20230411,100000,7.09,7.09,6.954,6.99,87995,0
OPL,60,20230411,110000,6.99,7.03,6.99,7.006,52072,0
OPL,60,20230411,120000,7.008,7.008,6.918,6.92,112609,0
OPL,60,20230411,130000,6.922,6.962,6.91,6.93,135568,0
OPL,60,20230411,140000,6.938,6.958,6.932,6.94,127099,0
OPL,60,20230411,150000,6.944,6.95,6.92,6.942,192974,0
OPL,60,20230411,160000,6.938,6.952,6.918,6.924,251287,0
OPL,60,20230411,170000,6.924,6.972,6.922,6.97,455919,0
OPL,60,20230412,100000,6.95,6.97,6.914,6.956,116025,0
OPL,60,20230412,110000,6.962,6.998,6.934,6.934,126753,0
OPL,60,20230412,120000,6.93,6.966,6.92,6.952,125583,0
OPL,60,20230412,130000,6.952,6.992,6.95,6.982,150077,0
OPL,60,20230412,140000,6.984,7.01,6.982,7.01,153809,0
OPL,60,20230412,150000,7.01,7.042,6.988,7.034,159214,0
OPL,60,20230412,160000,7.034,7.06,7.026,7.05,243942,0
OPL,60,20230412,170000,7.044,7.05,7.026,7.044,395997,0
OPL,60,20230413,100000,7.072,7.072,7.01,7.01,83421,0
OPL,60,20230413,110000,7.018,7.054,7.014,7.018,94851,0
OPL,60,20230413,120000,7.016,7.018,6.974,6.994,112994,0
OPL,60,20230413,130000,6.998,7.006,6.978,6.998,72334,0
OPL,60,20230413,140000,6.996,7.07,6.996,7.048,220955,0
OPL,60,20230413,150000,7.05,7.094,7.046,7.092,175193,0
OPL,60,20230413,160000,7.096,7.13,7.066,7.12,215591,0
OPL,60,20230413,170000,7.116,7.176,7.112,7.15,1954014,0
OPL,60,20230414,100000,7.15,7.248,7.15,7.22,277993,0
OPL,60,20230414,110000,7.222,7.232,7.166,7.19,52135,0
OPL,60,20230414,120000,7.186,7.192,7.164,7.192,25103,0
OPL,60,20230414,130000,7.192,7.21,7.186,7.19,210988,0
OPL,60,20230414,140000,7.188,7.192,7.182,7.192,43174,0
OPL,60,20230414,150000,7.186,7.19,7.144,7.144,82292,0
OPL,60,20230414,160000,7.146,7.19,7.146,7.178,96308,0
OPL,60,20230414,170000,7.176,7.186,7.152,7.18,258767,0
OPL,60,20230417,100000,7.18,7.23,7.16,7.192,172890,0
OPL,60,20230417,110000,7.188,7.196,7.168,7.168,28977,0
OPL,60,20230417,120000,7.174,7.19,7.174,7.182,103421,0
OPL,60,20230417,130000,7.188,7.19,7.176,7.19,61165,0
OPL,60,20230417,140000,7.19,7.194,7.176,7.184,90549,0
OPL,60,20230417,150000,7.19,7.194,7.164,7.182,166875,0
OPL,60,20230417,160000,7.182,7.214,7.178,7.21,278272,0
OPL,60,20230417,170000,7.21,7.23,7.204,7.23,522172,0
OPL,60,20230418,100000,7.238,7.244,7.18,7.19,62200,0
OPL,60,20230418,110000,7.19,7.302,7.19,7.288,147208,0
OPL,60,20230418,120000,7.28,7.33,7.28,7.32,89097,0
OPL,60,20230418,130000,7.32,7.338,7.3,7.32,81467,0
OPL,60,20230418,140000,7.322,7.326,7.282,7.292,143892,0
OPL,60,20230418,150000,7.292,7.32,7.29,7.296,170278,0
OPL,60,20230418,160000,7.3,7.334,7.298,7.312,136094,0
OPL,60,20230418,170000,7.308,7.308,7.256,7.288,344460,0
OPL,60,20230419,100000,7.25,7.286,7.208,7.26,118814,0
OPL,60,20230419,110000,7.26,7.28,7.248,7.26,76480,0
OPL,60,20230419,120000,7.256,7.274,7.226,7.274,67048,0
OPL,60,20230419,130000,7.28,7.316,7.274,7.314,77792,0
OPL,60,20230419,140000,7.316,7.386,7.316,7.386,122442,0
OPL,60,20230419,150000,7.388,7.392,7.366,7.366,129225,0
OPL,60,20230419,160000,7.37,7.396,7.36,7.376,173497,0
OPL,60,20230419,170000,7.38,7.388,7.354,7.38,318038,0
OPL,60,20230420,100000,7.35,7.414,7.336,7.402,48738,0
OPL,60,20230420,110000,7.398,7.456,7.384,7.436,86147,0
OPL,60,20230420,120000,7.43,7.43,7.378,7.38,32047,0
OPL,60,20230420,130000,7.38,7.432,7.374,7.416,36494,0
OPL,60,20230420,140000,7.428,7.43,7.394,7.404,41003,0
OPL,60,20230420,150000,7.402,7.422,7.38,7.408,124265,0
OPL,60,20230420,160000,7.408,7.426,7.37,7.376,45648,0
OPL,60,20230420,170000,7.378,7.39,7.348,7.358,991128,0
OPL,60,20230421,100000,7.286,7.32,7.214,7.26,78599,0
OPL,60,20230421,110000,7.254,7.264,7.166,7.184,191031,0
OPL,60,20230421,120000,7.186,7.194,7.13,7.136,171435,0
OPL,60,20230421,130000,7.128,7.14,7.114,7.124,119306,0
OPL,60,20230421,140000,7.124,7.14,7.1,7.102,87326,0
OPL,60,20230421,150000,7.102,7.11,7.066,7.076,109774,0
OPL,60,20230421,160000,7.074,7.12,7.074,7.092,174227,0
OPL,60,20230421,170000,7.094,7.154,7.092,7.14,336086,0
OPL,60,20230424,100000,7.166,7.196,7.11,7.19,70241,0
OPL,60,20230424,110000,7.198,7.206,7.128,7.152,206440,0
OPL,60,20230424,120000,7.158,7.21,7.158,7.2,134205,0
OPL,60,20230424,130000,7.206,7.206,7.18,7.184,49413,0
OPL,60,20230424,140000,7.184,7.208,7.176,7.206,52947,0
OPL,60,20230424,150000,7.2,7.204,7.176,7.204,35376,0
OPL,60,20230424,160000,7.196,7.23,7.196,7.22,75449,0
OPL,60,20230424,170000,7.218,7.25,7.152,7.192,284606,0
OPL,60,20230425,100000,7.19,7.208,7.102,7.13,51092,0
OPL,60,20230425,110000,7.132,7.168,7.116,7.16,22863,0
OPL,60,20230425,120000,7.162,7.184,7.106,7.114,47221,0
OPL,60,20230425,130000,7.124,7.13,7.058,7.072,238047,0
OPL,60,20230425,140000,7.072,7.08,7.058,7.066,126704,0
OPL,60,20230425,150000,7.07,7.1,7.052,7.084,131170,0
OPL,60,20230425,160000,7.084,7.1,7.074,7.088,399994,0
OPL,60,20230425,170000,7.09,7.1,7.08,7.1,413803,0
OPL,60,20230426,100000,7.13,7.148,7.054,7.132,100472,0
OPL,60,20230426,110000,7.136,7.196,7.112,7.17,150159,0
OPL,60,20230426,120000,7.18,7.188,7.132,7.166,86197,0
OPL,60,20230426,130000,7.176,7.2,7.14,7.186,116543,0
OPL,60,20230426,140000,7.182,7.188,7.138,7.142,105343,0
OPL,60,20230426,150000,7.144,7.172,7.124,7.128,73134,0
OPL,60,20230426,160000,7.124,7.15,7.088,7.13,186298,0
OPL,60,20230426,170000,7.128,7.146,7.098,7.12,531704,0
OPL,60,20230427,100000,7.2,7.2,7.078,7.104,102232,0
OPL,60,20230427,110000,7.098,7.146,7.072,7.134,111926,0
OPL,60,20230427,120000,7.134,7.166,7.124,7.152,115204,0
OPL,60,20230427,130000,7.154,7.158,7.12,7.122,92209,0
OPL,60,20230427,140000,7.12,7.146,7.116,7.12,103069,0
OPL,60,20230427,150000,7.122,7.142,7.116,7.142,108654,0
OPL,60,20230427,160000,7.142,7.184,7.132,7.18,106595,0
OPL,60,20230427,170000,7.184,7.236,7.176,7.22,299351,0
OPL,60,20230428,100000,7.25,7.25,7.196,7.222,39653,0
OPL,60,20230428,110000,7.22,7.256,7.212,7.244,171618,0
OPL,60,20230428,120000,7.234,7.286,7.224,7.258,69698,0
OPL,60,20230428,130000,7.252,7.276,7.234,7.244,94649,0
OPL,60,20230428,140000,7.244,7.27,7.214,7.264,122516,0
OPL,60,20230428,150000,7.256,7.256,7.2,7.21,86829,0
OPL,60,20230428,160000,7.212,7.216,7.178,7.21,248486,0
OPL,60,20230428,170000,7.208,7.288,7.198,7.248,689488,0
OPL,60,20230502,100000,7.286,7.368,7.248,7.308,266748,0
OPL,60,20230502,110000,7.318,7.36,7.318,7.34,74648,0
OPL,60,20230502,120000,7.33,7.384,7.32,7.366,160166,0
OPL,60,20230502,130000,7.364,7.382,7.348,7.382,68812,0
OPL,60,20230502,140000,7.386,7.424,7.386,7.418,120885,0
OPL,60,20230502,150000,7.414,7.45,7.404,7.428,150290,0
OPL,60,20230502,160000,7.426,7.452,7.412,7.434,292598,0
OPL,60,20230502,170000,7.434,7.444,7.402,7.41,550883,0
OPL,60,20230504,100000,7.438,7.512,7.356,7.512,235235,0
OPL,60,20230504,110000,7.504,7.506,7.408,7.408,105529,0
OPL,60,20230504,120000,7.41,7.418,7.378,7.378,69769,0
OPL,60,20230504,130000,7.378,7.388,7.36,7.386,90511,0
OPL,60,20230504,140000,7.38,7.388,7.336,7.364,286578,0
OPL,60,20230504,150000,7.364,7.45,7.364,7.444,85226,0
OPL,60,20230504,160000,7.44,7.462,7.406,7.428,123425,0
OPL,60,20230504,170000,7.43,7.436,7.37,7.416,463626,0
OPL,60,20230505,100000,7.464,7.53,7.448,7.528,354376,0
OPL,60,20230505,110000,7.522,7.56,7.5,7.542,150287,0
OPL,60,20230505,120000,7.536,7.588,7.536,7.58,253540,0
OPL,60,20230505,130000,7.58,7.602,7.57,7.57,291383,0
OPL,60,20230505,140000,7.57,7.572,7.546,7.558,266544,0
OPL,60,20230505,150000,7.56,7.56,7.52,7.552,271281,0
OPL,60,20230505,160000,7.55,7.564,7.506,7.53,331673,0
OPL,60,20230505,170000,7.524,7.542,7.494,7.53,544383,0
OPL,60,20230508,100000,7.59,7.618,7.556,7.57,94440,0
OPL,60,20230508,110000,7.57,7.57,7.526,7.528,73732,0
OPL,60,20230508,120000,7.534,7.586,7.534,7.586,90387,0
OPL,60,20230508,130000,7.586,7.602,7.584,7.602,67473,0
OPL,60,20230508,140000,7.604,7.622,7.59,7.62,223937,0
OPL,60,20230508,150000,7.618,7.644,7.618,7.642,53891,0
OPL,60,20230508,160000,7.638,7.66,7.606,7.606,89956,0
OPL,60,20230508,170000,7.602,7.62,7.584,7.62,211921,0
OPL,60,20230509,100000,7.55,7.598,7.52,7.55,107619,0
OPL,60,20230509,110000,7.55,7.57,7.508,7.53,317403,0
OPL,60,20230509,120000,7.528,7.576,7.522,7.572,97422,0
OPL,60,20230509,130000,7.574,7.596,7.554,7.554,58619,0
OPL,60,20230509,140000,7.558,7.566,7.54,7.55,104806,0
OPL,60,20230509,150000,7.556,7.566,7.544,7.564,79373,0
OPL,60,20230509,160000,7.564,7.592,7.556,7.58,182376,0
OPL,60,20230509,170000,7.584,7.594,7.554,7.58,308848,0
OPL,60,20230510,100000,7.516,7.534,7.466,7.5,87766,0
OPL,60,20230510,110000,7.504,7.512,7.432,7.458,270190,0
OPL,60,20230510,120000,7.456,7.5,7.454,7.494,198970,0
OPL,60,20230510,130000,7.488,7.5,7.48,7.486,139855,0
OPL,60,20230510,140000,7.486,7.53,7.48,7.524,139196,0
OPL,60,20230510,150000,7.524,7.59,7.508,7.584,210893,0
OPL,60,20230510,160000,7.584,7.602,7.452,7.47,465890,0
OPL,60,20230510,170000,7.48,7.488,7.42,7.444,730776,0
OPL,60,20230511,100000,7.518,7.518,7.42,7.426,108433,0
OPL,60,20230511,110000,7.438,7.462,7.426,7.458,33477,0
OPL,60,20230511,120000,7.46,7.506,7.436,7.494,115305,0
OPL,60,20230511,130000,7.508,7.524,7.486,7.498,43188,0
OPL,60,20230511,140000,7.498,7.534,7.486,7.49,65660,0
OPL,60,20230511,150000,7.484,7.516,7.452,7.462,88735,0
OPL,60,20230511,160000,7.458,7.486,7.416,7.432,378682,0
OPL,60,20230511,170000,7.432,7.506,7.428,7.48,289775,0
OPL,60,20230512,100000,7.52,7.55,7.466,7.548,108029,0
OPL,60,20230512,110000,7.548,7.578,7.538,7.574,147119,0
OPL,60,20230512,120000,7.572,7.586,7.56,7.584,120885,0
OPL,60,20230512,130000,7.586,7.6,7.57,7.588,161063,0
OPL,60,20230512,140000,7.588,7.606,7.58,7.598,132531,0
OPL,60,20230512,150000,7.596,7.606,7.58,7.594,119852,0
OPL,60,20230512,160000,7.592,7.604,7.564,7.57,208953,0
OPL,60,20230512,170000,7.568,7.604,7.564,7.6,406205,0
OPL,60,20230515,100000,7.608,7.638,7.588,7.636,55545,0
OPL,60,20230515,110000,7.628,7.636,7.522,7.524,66143,0
OPL,60,20230515,120000,7.52,7.558,7.516,7.538,53703,0
OPL,60,20230515,130000,7.544,7.55,7.526,7.53,37304,0
OPL,60,20230515,140000,7.53,7.54,7.506,7.52,95297,0
OPL,60,20230515,150000,7.52,7.524,7.45,7.47,115118,0
OPL,60,20230515,160000,7.47,7.48,7.442,7.46,109627,0
OPL,60,20230515,170000,7.462,7.528,7.46,7.518,270715,0
OPL,60,20230516,100000,7.5,7.628,7.466,7.6,90227,0
OPL,60,20230516,110000,7.602,7.618,7.582,7.6,113470,0
OPL,60,20230516,120000,7.594,7.594,7.566,7.566,45456,0
OPL,60,20230516,130000,7.566,7.582,7.564,7.572,18646,0
OPL,60,20230516,140000,7.572,7.588,7.57,7.584,20858,0
OPL,60,20230516,150000,7.58,7.594,7.554,7.574,58897,0
OPL,60,20230516,160000,7.568,7.592,7.568,7.592,155298,0
OPL,60,20230516,170000,7.592,7.6,7.57,7.584,317117,0
OPL,60,20230517,100000,7.55,7.566,7.5,7.5,23143,0
OPL,60,20230517,110000,7.504,7.55,7.504,7.53,25897,0
OPL,60,20230517,120000,7.52,7.52,7.488,7.5,26795,0
OPL,60,20230517,130000,7.5,7.52,7.48,7.5,31537,0
OPL,60,20230517,140000,7.494,7.506,7.46,7.46,60064,0
OPL,60,20230517,150000,7.456,7.458,7.422,7.428,98609,0
OPL,60,20230517,160000,7.428,7.436,7.332,7.35,171698,0
OPL,60,20230517,170000,7.35,7.396,7.336,7.382,487274,0
OPL,60,20230518,100000,7.496,7.496,7.358,7.422,321098,0
OPL,60,20230518,110000,7.426,7.426,7.34,7.34,117268,0
OPL,60,20230518,120000,7.336,7.35,7.336,7.34,46792,0
OPL,60,20230518,130000,7.346,7.35,7.332,7.336,43405,0
OPL,60,20230518,140000,7.336,7.35,7.324,7.344,53641,0
OPL,60,20230518,150000,7.344,7.344,7.298,7.31,111669,0
OPL,60,20230518,160000,7.306,7.318,7.264,7.318,212409,0
OPL,60,20230518,170000,7.308,7.348,7.294,7.348,367943,0
OPL,60,20230519,100000,7.4,7.4,7.316,7.338,35925,0
OPL,60,20230519,110000,7.33,7.442,7.33,7.44,106639,0
OPL,60,20230519,120000,7.434,7.472,7.42,7.42,108096,0
OPL,60,20230519,130000,7.42,7.442,7.304,7.326,101420,0
OPL,60,20230519,140000,7.326,7.326,7.274,7.274,138138,0
OPL,60,20230519,150000,7.276,7.298,7.268,7.292,171982,0
OPL,60,20230519,160000,7.292,7.3,7.27,7.292,371450,0
OPL,60,20230519,170000,7.292,7.434,7.286,7.422,408409,0
OPL,60,20230522,100000,7.43,7.466,7.378,7.466,36095,0
OPL,60,20230522,110000,7.468,7.5,7.424,7.5,74498,0
OPL,60,20230522,120000,7.5,7.5,7.466,7.484,61322,0
OPL,60,20230522,130000,7.488,7.488,7.436,7.462,37156,0
OPL,60,20230522,140000,7.456,7.464,7.446,7.46,41197,0
OPL,60,20230522,150000,7.464,7.464,7.43,7.456,74027,0
OPL,60,20230522,160000,7.454,7.454,7.416,7.434,208769,0
OPL,60,20230522,170000,7.434,7.45,7.418,7.43,310866,0
OPL,60,20230523,100000,7.45,7.512,7.44,7.504,77958,0
OPL,60,20230523,110000,7.504,7.524,7.468,7.512,60103,0
OPL,60,20230523,120000,7.51,7.522,7.49,7.49,45685,0
OPL,60,20230523,130000,7.494,7.496,7.464,7.484,27757,0
OPL,60,20230523,140000,7.488,7.488,7.462,7.484,20586,0
OPL,60,20230523,150000,7.482,7.494,7.468,7.47,18840,0
OPL,60,20230523,160000,7.466,7.49,7.448,7.474,30711,0
OPL,60,20230523,170000,7.474,7.504,7.458,7.504,178216,0
OPL,60,20230524,100000,7.54,7.54,7.47,7.476,116993,0
OPL,60,20230524,110000,7.472,7.5,7.458,7.47,79919,0
OPL,60,20230524,120000,7.482,7.482,7.398,7.398,102518,0
OPL,60,20230524,130000,7.402,7.402,7.336,7.346,140831,0
OPL,60,20230524,140000,7.346,7.352,7.304,7.32,126189,0
OPL,60,20230524,150000,7.32,7.342,7.296,7.296,103312,0
OPL,60,20230524,160000,7.298,7.302,7.264,7.284,220886,0
OPL,60,20230524,170000,7.284,7.354,7.278,7.35,255964,0
OPL,60,20230525,100000,7.36,7.36,7.21,7.218,54669,0
OPL,60,20230525,110000,7.212,7.248,7.212,7.228,50523,0
OPL,60,20230525,120000,7.228,7.252,7.224,7.244,64101,0
OPL,60,20230525,130000,7.236,7.24,7.212,7.23,62963,0
OPL,60,20230525,140000,7.228,7.238,7.21,7.238,73960,0
OPL,60,20230525,150000,7.238,7.246,7.206,7.222,43810,0
OPL,60,20230525,160000,7.212,7.212,7.142,7.186,170551,0
OPL,60,20230525,170000,7.176,7.212,7.146,7.212,328895,0
OPL,60,20230526,100000,7.132,7.18,7.104,7.154,63067,0
OPL,60,20230526,110000,7.172,7.18,7.134,7.136,56569,0
OPL,60,20230526,120000,7.13,7.148,7.116,7.122,72921,0
OPL,60,20230526,130000,7.116,7.132,7.108,7.122,51072,0
OPL,60,20230526,140000,7.128,7.144,7.116,7.136,126057,0
OPL,60,20230526,150000,7.138,7.144,7.116,7.136,131431,0
OPL,60,20230526,160000,7.134,7.202,7.122,7.196,203340,0
OPL,60,20230526,170000,7.198,7.262,7.198,7.224,313670,0
OPL,60,20230529,100000,7.188,7.284,7.188,7.27,37659,0
OPL,60,20230529,110000,7.26,7.286,7.26,7.266,15628,0
OPL,60,20230529,120000,7.262,7.264,7.244,7.262,8226,0
OPL,60,20230529,130000,7.262,7.278,7.258,7.278,13007,0
OPL,60,20230529,140000,7.278,7.31,7.27,7.3,15086,0
OPL,60,20230529,150000,7.302,7.33,7.284,7.322,32678,0
OPL,60,20230529,160000,7.32,7.322,7.286,7.286,9469,0
OPL,60,20230529,170000,7.28,7.29,7.246,7.266,59155,0
OPL,60,20230530,100000,7.266,7.29,7.216,7.244,63835,0
OPL,60,20230530,110000,7.244,7.294,7.24,7.26,140330,0
OPL,60,20230530,120000,7.252,7.292,7.25,7.264,83298,0
OPL,60,20230530,130000,7.254,7.298,7.254,7.276,89581,0
OPL,60,20230530,140000,7.27,7.296,7.268,7.286,56787,0
OPL,60,20230530,150000,7.288,7.302,7.274,7.274,82332,0
OPL,60,20230530,160000,7.27,7.298,7.264,7.292,192702,0
OPL,60,20230530,170000,7.292,7.322,7.268,7.31,420499,0
OPL,60,20230531,100000,7.254,7.296,7.15,7.256,191999,0
OPL,60,20230531,110000,7.25,7.25,7.208,7.232,107123,0
OPL,60,20230531,120000,7.23,7.286,7.226,7.28,197297,0
OPL,60,20230531,130000,7.27,7.282,7.258,7.26,142595,0
OPL,60,20230531,140000,7.258,7.258,7.182,7.214,231468,0
OPL,60,20230531,150000,7.21,7.212,7.184,7.204,206462,0
OPL,60,20230531,160000,7.212,7.248,7.186,7.232,312151,0
OPL,60,20230531,170000,7.226,7.236,7.168,7.22,1984803,0
