<TICKER>,<PER>,<DATE>,<TIME>,<OPEN>,<HIGH>,<LOW>,<CLOSE>,<VOL>,<OPENINT>
PCO,60,20220804,100000,35.92,35.92,35.32,35.56,500,0
PCO,60,20220804,110000,35.36,35.42,35.3,35.32,3525,0
PCO,60,20220804,120000,35.36,35.42,35.22,35.28,5858,0
PCO,60,20220804,130000,35.28,35.4,35.1,35.16,4181,0
PCO,60,20220804,140000,35.16,35.16,34.86,34.86,4027,0
PCO,60,20220804,150000,34.86,35.22,34.86,35.22,106178,0
PCO,60,20220804,160000,35.24,35.78,34.98,35.78,14427,0
PCO,60,20220804,170000,35.78,35.78,34.8,35.12,30992,0
PCO,60,20220805,100000,34.7,35.06,34.52,34.9,7026,0
PCO,60,20220805,110000,34.9,35.16,34.9,34.94,4726,0
PCO,60,20220805,120000,34.94,35.24,34.9,35.06,1006,0
PCO,60,20220805,130000,35.26,35.26,35.02,35.02,841,0
PCO,60,20220805,140000,35,35.34,35,35.2,4791,0
PCO,60,20220805,150000,35.18,35.3,35,35,6041,0
PCO,60,20220805,160000,35.02,35.64,35,35.54,178584,0
PCO,60,20220805,170000,35.46,35.64,35,35.14,15474,0
PCO,60,20220808,100000,35.24,35.24,34.76,34.82,1855,0
PCO,60,20220808,110000,34.8,34.8,34.5,34.64,1452,0
PCO,60,20220808,120000,34.54,34.88,34.5,34.68,4184,0
PCO,60,20220808,130000,34.82,35.34,34.82,35.16,25691,0
PCO,60,20220808,140000,35.2,35.64,35.16,35.64,113802,0
PCO,60,20220808,150000,35.58,35.98,35.5,35.96,14078,0
PCO,60,20220808,160000,35.84,36.18,35.8,35.9,16499,0
PCO,60,20220808,170000,35.86,36,35.62,35.9,13020,0
PCO,60,20220809,100000,36.2,36.2,35.48,35.58,6507,0
PCO,60,20220809,110000,35.5,35.56,35.34,35.4,9018,0
PCO,60,20220809,120000,35.48,35.66,35.3,35.62,10146,0
PCO,60,20220809,130000,35.62,35.76,35.34,35.62,90869,0
PCO,60,20220809,140000,35.64,35.74,35.5,35.5,5152,0
PCO,60,20220809,150000,35.5,35.68,35.5,35.6,2327,0
PCO,60,20220809,160000,35.52,35.96,35.5,35.96,188251,0
PCO,60,20220809,170000,35.8,36.18,35.8,36.18,54857,0
PCO,60,20220810,100000,36.5,37.28,36.3,37,88189,0
PCO,60,20220810,110000,37.02,37.16,36.8,36.82,109474,0
PCO,60,20220810,120000,36.86,36.94,36.8,36.84,8278,0
PCO,60,20220810,130000,37,37,36.82,36.88,5736,0
PCO,60,20220810,140000,36.88,36.98,36.88,36.98,5350,0
PCO,60,20220810,150000,36.98,36.98,36.44,36.56,25805,0
PCO,60,20220810,160000,36.56,36.7,36.24,36.24,18487,0
PCO,60,20220810,170000,36.38,36.8,36.22,36.6,72872,0
PCO,60,20220811,100000,37.3,37.3,36.4,36.4,6167,0
PCO,60,20220811,110000,36.4,36.6,36.32,36.5,1398,0
PCO,60,20220811,120000,36.6,36.66,36.5,36.5,3497,0
PCO,60,20220811,130000,36.66,36.66,36.6,36.66,410,0
PCO,60,20220811,140000,36.6,36.64,36.52,36.64,712,0
PCO,60,20220811,150000,36.52,36.78,36.52,36.78,4705,0
PCO,60,20220811,160000,36.78,36.78,36.34,36.34,20249,0
PCO,60,20220811,170000,36.46,36.88,36.46,36.7,35040,0
PCO,60,20220812,100000,36.78,37.5,36.7,37.5,19683,0
PCO,60,20220812,110000,37.46,37.68,37.42,37.5,6362,0
PCO,60,20220812,120000,37.5,37.5,36.9,37.04,17220,0
PCO,60,20220812,130000,37.02,37.44,37,37.24,13609,0
PCO,60,20220812,140000,37.22,37.24,37.08,37.24,9187,0
PCO,60,20220812,150000,37.24,37.6,37.18,37.5,13407,0
PCO,60,20220812,160000,37.5,37.56,37.22,37.28,19927,0
PCO,60,20220812,170000,37.28,37.96,37.28,37.5,45957,0
PCO,60,20220816,100000,38.18,38.18,37.22,37.56,4443,0
PCO,60,20220816,110000,37.4,38.2,37.3,38.2,167703,0
PCO,60,20220816,120000,38.14,38.4,38.04,38.4,15768,0
PCO,60,20220816,130000,38.46,38.7,38.1,38.18,18884,0
PCO,60,20220816,140000,38.1,38.5,37.84,38.5,25007,0
PCO,60,20220816,150000,38.46,38.46,38.16,38.2,4719,0
PCO,60,20220816,160000,38.04,38.1,37.78,37.82,35274,0
PCO,60,20220816,170000,38.2,38.2,37.7,37.94,26125,0
PCO,60,20220817,100000,38,38.5,38,38.1,11003,0
PCO,60,20220817,110000,38.1,38.28,38,38.02,125352,0
PCO,60,20220817,120000,38.04,38.28,38.02,38.18,28344,0
PCO,60,20220817,130000,38.14,38.14,38.02,38.02,9874,0
PCO,60,20220817,140000,38.02,38.02,37.9,37.9,3653,0
PCO,60,20220817,150000,37.9,38,37.42,37.42,13088,0
PCO,60,20220817,160000,37.42,37.78,37.22,37.78,14777,0
PCO,60,20220817,170000,37.78,38.4,37.78,38.1,56596,0
PCO,60,20220818,100000,38.1,38.1,37.64,37.64,3415,0
PCO,60,20220818,110000,37.76,37.76,37.64,37.72,6346,0
PCO,60,20220818,120000,37.8,38.1,37.8,38,3382,0
PCO,60,20220818,130000,38.12,38.26,38.04,38.04,3345,0
PCO,60,20220818,140000,38.32,38.32,38.04,38.04,2408,0
PCO,60,20220818,150000,38.1,38.38,38.04,38.34,20671,0
PCO,60,20220818,160000,38.28,38.3,38.08,38.12,80670,0
PCO,60,20220818,170000,38.28,38.7,38.1,38.18,30645,0
PCO,60,20220819,100000,37.72,37.76,37.62,37.68,6602,0
PCO,60,20220819,110000,37.74,38.68,37.74,38.28,26964,0
PCO,60,20220819,120000,38.18,38.5,38,38.5,20294,0
PCO,60,20220819,130000,38.42,38.66,38.02,38.1,20393,0
PCO,60,20220819,140000,38.34,38.5,37.88,38.5,30974,0
PCO,60,20220819,150000,38.46,38.84,38.1,38.8,25652,0
PCO,60,20220819,160000,38.66,38.92,38.32,38.5,24965,0
PCO,60,20220819,170000,38.42,38.7,38.1,38.1,35329,0
PCO,60,20220822,100000,38.08,38.12,37.2,37.2,8350,0
PCO,60,20220822,110000,37.2,37.46,36.42,36.44,6507,0
PCO,60,20220822,120000,36.4,36.56,35.9,35.9,13828,0
PCO,60,20220822,130000,35.98,36.5,35.7,36.34,11858,0
PCO,60,20220822,140000,36.4,36.4,36.2,36.2,1084,0
PCO,60,20220822,150000,36.2,36.66,36.2,36.62,7286,0
PCO,60,20220822,160000,36.76,36.82,36.6,36.6,2191,0
PCO,60,20220822,170000,36.78,36.78,36.66,36.7,16327,0
PCO,60,20220823,100000,35.9,36.96,35.9,36.96,2078,0
PCO,60,20220823,110000,36.88,37.62,36.86,37.62,15721,0
PCO,60,20220823,120000,37.62,37.64,36.72,37.04,12949,0
PCO,60,20220823,130000,37.02,37.4,36.92,37,15070,0
PCO,60,20220823,140000,37.1,37.38,37,37.32,12379,0
PCO,60,20220823,150000,37.32,37.56,37.12,37.28,10816,0
PCO,60,20220823,160000,37.28,37.6,37.22,37.46,11735,0
PCO,60,20220823,170000,37.46,37.8,37.16,37.7,35453,0
PCO,60,20220824,100000,37.24,37.58,37.14,37.14,6437,0
PCO,60,20220824,110000,37.18,37.84,37.18,37.84,3370,0
PCO,60,20220824,120000,37.66,37.86,37.22,37.38,6526,0
PCO,60,20220824,130000,37.38,37.9,37.38,37.7,5723,0
PCO,60,20220824,140000,37.58,37.7,37.56,37.56,1083,0
PCO,60,20220824,150000,37.58,37.64,36.9,37.58,32295,0
PCO,60,20220824,160000,37.6,37.6,37.38,37.42,12822,0
PCO,60,20220824,170000,37.44,37.64,37.44,37.64,22682,0
PCO,60,20220825,100000,37.72,37.98,37.66,37.78,4475,0
PCO,60,20220825,110000,37.76,38.32,37.76,38.32,5626,0
PCO,60,20220825,120000,38.32,38.32,38.04,38.16,6620,0
PCO,60,20220825,130000,38.02,38.3,38,38.22,7668,0
PCO,60,20220825,140000,38.22,38.26,37.86,38.26,13463,0
PCO,60,20220825,150000,38.3,38.32,38.08,38.24,13826,0
PCO,60,20220825,160000,38.24,38.64,38.12,38.64,25373,0
PCO,60,20220825,170000,38.4,39.1,38.3,38.3,18577,0
PCO,60,20220826,100000,38.04,38.96,38.02,38.5,3087,0
PCO,60,20220826,110000,38.34,38.44,37.62,37.62,5322,0
PCO,60,20220826,120000,37.62,37.88,37.62,37.8,476,0
PCO,60,20220826,130000,37.8,38.02,37.7,37.96,5620,0
PCO,60,20220826,140000,38,38.02,37.9,37.96,2298,0
PCO,60,20220826,150000,37.96,38.08,37.94,38,1633,0
PCO,60,20220826,160000,38.06,38.78,38,38.52,12184,0
PCO,60,20220826,170000,38.3,38.5,37.62,38,65263,0
PCO,60,20220829,100000,37.24,37.24,36.5,37.04,7137,0
PCO,60,20220829,110000,37.06,37.18,37.06,37.14,1068,0
PCO,60,20220829,120000,36.94,37.2,36.52,36.52,3599,0
PCO,60,20220829,130000,36.52,36.64,36.48,36.62,5306,0
PCO,60,20220829,140000,36.62,36.62,36.14,36.4,3411,0
PCO,60,20220829,150000,36.4,36.86,36.3,36.8,9741,0
PCO,60,20220829,160000,36.94,37,36.44,36.54,5215,0
PCO,60,20220829,170000,36.5,36.68,36.34,36.6,7992,0
PCO,60,20220830,100000,36.98,37.28,36.78,37.28,2060,0
PCO,60,20220830,110000,37,37,36.8,36.8,876,0
PCO,60,20220830,120000,36.8,36.9,36.54,36.54,697,0
PCO,60,20220830,130000,36.4,36.68,36.4,36.68,1003,0
PCO,60,20220830,140000,36.6,36.6,36.12,36.12,1258,0
PCO,60,20220830,150000,36.1,36.24,35.9,36.22,4272,0
PCO,60,20220830,160000,36.3,36.72,36.14,36.4,9479,0
PCO,60,20220830,170000,36.22,36.26,35.56,35.7,20064,0
PCO,60,20220831,100000,36.42,36.42,36,36.22,1573,0
PCO,60,20220831,110000,36.04,36.22,35.2,36.22,12791,0
PCO,60,20220831,120000,35.98,35.98,35.48,35.58,7227,0
PCO,60,20220831,130000,35.5,35.62,35.46,35.62,2655,0
PCO,60,20220831,140000,35.6,35.94,35.4,35.56,7919,0
PCO,60,20220831,150000,35.56,35.92,35.56,35.6,4125,0
PCO,60,20220831,160000,35.58,35.68,35.38,35.5,6088,0
PCO,60,20220831,170000,35.32,35.48,34.9,35.44,27340,0
PCO,60,20220901,100000,34.8,35.14,34.5,34.84,5775,0
PCO,60,20220901,110000,34.9,35.38,34.9,35.1,5338,0
PCO,60,20220901,120000,35.22,35.7,35.04,35.34,4881,0
PCO,60,20220901,130000,35.08,35.34,35.08,35.3,1319,0
PCO,60,20220901,140000,35.3,35.3,35.02,35.04,1616,0
PCO,60,20220901,150000,35.08,35.08,34.9,34.94,1646,0
PCO,60,20220901,160000,35.2,35.2,34.98,35.12,4017,0
PCO,60,20220901,170000,35.12,35.62,34.82,35.18,32296,0
PCO,60,20220902,100000,35.2,35.66,34.72,35.02,14832,0
PCO,60,20220902,110000,35.02,35.2,34.88,34.9,5313,0
PCO,60,20220902,120000,35,35,34.62,34.72,12193,0
PCO,60,20220902,130000,34.7,34.92,34.54,34.66,10135,0
PCO,60,20220902,140000,34.54,34.78,34.5,34.52,9448,0
PCO,60,20220902,150000,34.52,34.84,34.5,34.6,6112,0
PCO,60,20220902,160000,34.54,35.38,34.52,35.1,8762,0
PCO,60,20220902,170000,34.98,34.98,34.62,34.94,20840,0
PCO,60,20220905,100000,34.2,34.74,33.56,34.54,9578,0
PCO,60,20220905,110000,34.54,34.54,34.34,34.34,1355,0
PCO,60,20220905,120000,34.46,34.46,34.34,34.34,287,0
PCO,60,20220905,130000,34.44,34.44,34.2,34.2,1137,0
PCO,60,20220905,140000,34.18,34.2,34.08,34.08,1387,0
PCO,60,20220905,150000,34.14,34.2,34.14,34.18,764,0
PCO,60,20220905,160000,34.16,34.26,34,34.1,207796,0
PCO,60,20220905,170000,34.26,34.32,34.04,34.32,7612,0
PCO,60,20220906,100000,34,34.96,34,34.5,2571,0
PCO,60,20220906,110000,34.46,34.46,34,34,6614,0
PCO,60,20220906,120000,34.02,34.24,34.02,34.2,1967,0
PCO,60,20220906,130000,34.1,34.22,34,34.04,4708,0
PCO,60,20220906,140000,34.04,34.24,34,34.04,11390,0
PCO,60,20220906,150000,34.1,34.2,34.06,34.12,1751,0
PCO,60,20220906,160000,34.02,34.16,34,34.04,17567,0
PCO,60,20220906,170000,34.02,34.54,34,34.48,29713,0
PCO,60,20220907,100000,33.62,34.04,33.6,33.66,6513,0
PCO,60,20220907,110000,33.8,34.08,33.7,34.08,5420,0
PCO,60,20220907,120000,34.08,34.72,34.02,34.7,14836,0
PCO,60,20220907,130000,34.88,35.84,34.88,35.7,27246,0
PCO,60,20220907,140000,35.72,35.72,35.36,35.48,4139,0
PCO,60,20220907,150000,35.38,35.5,35,35.4,19274,0
PCO,60,20220907,160000,35.52,35.66,35.3,35.5,71416,0
PCO,60,20220907,170000,35.5,35.68,35.34,35.52,103004,0
PCO,60,20220908,100000,35.3,35.8,35.3,35.4,78144,0
PCO,60,20220908,110000,35.4,35.44,35,35.1,12612,0
PCO,60,20220908,120000,35.04,35.12,34.88,34.88,7848,0
PCO,60,20220908,130000,34.86,34.86,34.46,34.46,2198,0
PCO,60,20220908,140000,34.58,34.6,34.26,34.52,2424,0
PCO,60,20220908,150000,34.54,34.84,34.4,34.52,14392,0
PCO,60,20220908,160000,34.56,35,34.5,34.9,91274,0
PCO,60,20220908,170000,34.9,35.18,34.76,34.96,17300,0
PCO,60,20220909,100000,35.18,35.18,34.5,34.88,23893,0
PCO,60,20220909,110000,34.9,35.3,34.9,35.28,3073,0
PCO,60,20220909,120000,35.2,35.2,35.02,35.04,2218,0
PCO,60,20220909,130000,35.04,35.04,35.04,35.04,717,0
PCO,60,20220909,140000,35.12,35.6,35.12,35.24,712,0
PCO,60,20220909,150000,35.24,35.54,35.24,35.5,924,0
PCO,60,20220909,160000,35.58,35.58,35.34,35.42,545,0
PCO,60,20220909,170000,35.4,36.08,35.4,36.08,45070,0
PCO,60,20220912,100000,35.36,36.34,35.22,35.96,7999,0
PCO,60,20220912,110000,35.86,35.98,35.56,35.56,2911,0
PCO,60,20220912,120000,35.56,35.64,35.26,35.36,6359,0
PCO,60,20220912,130000,35.3,35.52,35.06,35.12,17361,0
PCO,60,20220912,140000,35.12,35.62,35.12,35.62,10312,0
PCO,60,20220912,150000,35.62,35.8,35.32,35.7,10294,0
PCO,60,20220912,160000,35.76,35.9,35.32,35.6,14250,0
PCO,60,20220912,170000,35.72,35.76,35.6,35.68,22496,0
PCO,60,20220913,100000,36.3,36.3,35.62,36.1,1373,0
PCO,60,20220913,110000,36.14,36.18,35.6,35.7,3385,0
PCO,60,20220913,120000,35.7,35.7,35.4,35.4,9385,0
PCO,60,20220913,130000,35.4,35.52,35.3,35.34,2997,0
PCO,60,20220913,140000,35.34,35.54,35.2,35.22,3026,0
PCO,60,20220913,150000,35.22,35.36,34.7,34.7,6376,0
PCO,60,20220913,160000,34.7,34.96,34.2,34.3,23592,0
PCO,60,20220913,170000,34.3,34.96,34.02,34.3,25257,0
PCO,60,20220914,100000,34.92,34.92,34.46,34.92,2731,0
PCO,60,20220914,110000,34.86,35.18,34.86,35.02,2025,0
PCO,60,20220914,120000,35.18,35.48,35.02,35.44,7646,0
PCO,60,20220914,130000,35.46,35.8,35.4,35.64,3157,0
PCO,60,20220914,140000,35.52,35.52,35.22,35.42,12183,0
PCO,60,20220914,150000,35.24,35.5,35.24,35.5,6249,0
PCO,60,20220914,160000,35.5,35.5,34.84,35.26,161020,0
PCO,60,20220914,170000,35.4,35.5,34.82,35.32,43793,0
PCO,60,20220915,100000,35.34,35.36,34.84,34.84,4966,0
PCO,60,20220915,110000,34.84,35.04,34.5,35,67853,0
PCO,60,20220915,120000,35,35.68,34.98,35.22,7816,0
PCO,60,20220915,130000,35.32,35.64,35.32,35.62,2844,0
PCO,60,20220915,140000,35.66,35.84,35.5,35.5,5255,0
PCO,60,20220915,150000,35.4,35.5,35.12,35.26,10564,0
PCO,60,20220915,160000,35.3,35.56,35.06,35.42,13949,0
PCO,60,20220915,170000,35.3,35.8,35.3,35.62,71796,0
PCO,60,20220916,100000,34.9,36,34.9,35.66,12751,0
PCO,60,20220916,110000,35.66,35.7,35.42,35.46,9637,0
PCO,60,20220916,120000,35.48,35.5,35.28,35.48,10254,0
PCO,60,20220916,130000,35.46,35.5,35.2,35.2,6970,0
PCO,60,20220916,140000,35.38,35.38,35,35,6711,0
PCO,60,20220916,150000,34.98,35.16,34.92,35.14,4144,0
PCO,60,20220916,160000,35.08,35.08,33.14,33.7,72572,0
PCO,60,20220916,170000,33.82,34.82,33.56,34.42,331772,0
PCO,60,20220919,100000,33.86,34.8,33.86,34.64,6117,0
PCO,60,20220919,110000,34.38,35.16,34.38,34.66,16617,0
PCO,60,20220919,120000,34.86,35,34.86,34.96,3309,0
PCO,60,20220919,130000,34.96,34.96,34.72,34.78,8128,0
PCO,60,20220919,140000,34.78,34.9,34.78,34.88,7381,0
PCO,60,20220919,150000,34.9,35,34.8,34.92,11566,0
PCO,60,20220919,160000,35.02,35.28,34.94,35.14,4055,0
PCO,60,20220919,170000,35.12,35.28,34.9,34.9,11235,0
PCO,60,20220920,100000,34.8,35.28,34.48,34.52,5108,0
PCO,60,20220920,110000,34.5,34.58,34.46,34.58,1976,0
PCO,60,20220920,120000,34.58,35,34.58,34.86,4765,0
PCO,60,20220920,130000,34.86,35.1,34.74,35.04,14039,0
PCO,60,20220920,140000,35.02,35.18,34.76,35,20960,0
PCO,60,20220920,150000,35.08,35.08,34.9,34.98,16972,0
PCO,60,20220920,160000,34.98,35.28,34.94,35.16,14499,0
PCO,60,20220920,170000,35.24,35.3,35.1,35.12,12339,0
PCO,60,20220921,100000,34.8,35.06,34.6,34.98,3047,0
PCO,60,20220921,110000,34.84,35.12,34.52,35.12,6080,0
PCO,60,20220921,120000,35.08,35.18,34.98,35.1,4542,0
PCO,60,20220921,130000,34.9,35.3,34.9,35.18,8774,0
PCO,60,20220921,140000,35.2,35.22,34.88,35.2,6516,0
PCO,60,20220921,150000,35.2,35.2,35,35,2306,0
PCO,60,20220921,160000,35.08,35.3,35,35.3,9050,0
PCO,60,20220921,170000,35.3,35.56,35.24,35.56,18697,0
PCO,60,20220922,100000,34.84,35.56,34.7,34.78,4825,0
PCO,60,20220922,110000,34.94,35.48,34.72,35.28,3641,0
PCO,60,20220922,120000,35.28,35.32,34.94,35.2,8070,0
PCO,60,20220922,130000,35.2,35.2,34.88,34.9,9347,0
PCO,60,20220922,140000,34.9,34.9,34.38,34.46,15057,0
PCO,60,20220922,150000,34.54,34.96,34.54,34.88,8572,0
PCO,60,20220922,160000,34.88,34.88,34.6,34.72,6999,0
PCO,60,20220922,170000,34.86,34.9,34.48,34.48,13675,0
PCO,60,20220923,100000,34.4,34.56,33.6,33.86,19418,0
PCO,60,20220923,110000,33.86,33.86,33.24,33.34,11482,0
PCO,60,20220923,120000,33.36,33.38,33,33.18,14450,0
PCO,60,20220923,130000,33.18,33.64,33.18,33.48,10785,0
PCO,60,20220923,140000,33.4,33.62,33.38,33.6,7310,0
PCO,60,20220923,150000,33.5,33.6,33.42,33.54,2975,0
PCO,60,20220923,160000,33.58,33.86,33.5,33.72,7848,0
PCO,60,20220923,170000,33.72,33.84,33.62,33.72,26678,0
PCO,60,20220926,100000,33.12,33.82,32.92,32.96,21463,0
PCO,60,20220926,110000,32.94,33.6,32.78,32.78,22542,0
PCO,60,20220926,120000,32.98,33.54,32.98,33.18,6842,0
PCO,60,20220926,130000,33.2,33.26,33,33.26,2815,0
PCO,60,20220926,140000,33.24,33.62,33.1,33.3,12042,0
PCO,60,20220926,150000,33.24,34.08,33.24,34.04,8639,0
PCO,60,20220926,160000,34.08,34.24,33.66,34.08,5443,0
PCO,60,20220926,170000,34.1,34.2,33.52,33.58,26205,0
PCO,60,20220927,100000,34.26,34.36,33.96,33.96,2740,0
PCO,60,20220927,110000,33.72,34.2,33.64,33.76,8855,0
PCO,60,20220927,120000,33.76,33.98,33.68,33.98,2960,0
PCO,60,20220927,130000,33.9,33.96,33.78,33.96,2446,0
PCO,60,20220927,140000,33.86,33.86,33.86,33.86,1,0
PCO,60,20220927,150000,33.92,34.04,33.8,33.82,8533,0
PCO,60,20220927,160000,33.98,33.98,33.66,33.8,10528,0
PCO,60,20220927,170000,33.78,33.82,33.1,33.62,39315,0
PCO,60,20220928,100000,32.94,33.18,32.5,32.62,22171,0
PCO,60,20220928,110000,32.7,32.78,32.04,32.44,33287,0
PCO,60,20220928,120000,32.44,32.56,32.24,32.24,55782,0
PCO,60,20220928,130000,32.2,32.44,32.14,32.14,14208,0
PCO,60,20220928,140000,32.14,32.34,31.94,32.08,154499,0
PCO,60,20220928,150000,32.02,32.2,31.98,32.16,19363,0
PCO,60,20220928,160000,32.16,32.16,31.98,32.02,9317,0
PCO,60,20220928,170000,32.08,32.4,31.86,31.96,116267,0
PCO,60,20220929,100000,31.96,32.36,31.36,31.38,11501,0
PCO,60,20220929,110000,31.36,31.68,31.34,31.52,10561,0
PCO,60,20220929,120000,31.62,31.68,31.52,31.66,4328,0
PCO,60,20220929,130000,31.66,31.88,31.66,31.78,3497,0
PCO,60,20220929,140000,31.8,31.8,31.34,31.4,23432,0
PCO,60,20220929,150000,31.46,31.54,31.18,31.18,33874,0
PCO,60,20220929,160000,31.2,31.36,31.06,31.1,21538,0
PCO,60,20220929,170000,31.12,31.24,30.62,30.62,72854,0
PCO,60,20220930,100000,30.96,31.02,30.52,30.58,32027,0
PCO,60,20220930,110000,30.58,30.6,29.54,29.54,64219,0
PCO,60,20220930,120000,29.52,29.98,29.36,29.7,23136,0
PCO,60,20220930,130000,29.7,29.7,29.32,29.32,18256,0
PCO,60,20220930,140000,29.34,29.58,29.28,29.4,9094,0
PCO,60,20220930,150000,29.54,29.56,29.3,29.48,16477,0
PCO,60,20220930,160000,29.48,29.48,29.1,29.24,25710,0
PCO,60,20220930,170000,29.26,29.9,29.1,29.9,262363,0
PCO,60,20221003,100000,29.9,29.9,29.22,29.3,53267,0
PCO,60,20221003,110000,29.28,29.42,29.06,29.2,10200,0
PCO,60,20221003,120000,29.22,29.22,28.82,28.86,37235,0
PCO,60,20221003,130000,28.88,29.48,28.82,29.1,72286,0
PCO,60,20221003,140000,29.22,29.22,28.76,28.76,19664,0
PCO,60,20221003,150000,28.78,28.78,28.34,28.56,27437,0
PCO,60,20221003,160000,28.46,29.14,28.32,29.12,44027,0
PCO,60,20221003,170000,29.12,29.74,29.06,29.5,234744,0
PCO,60,20221004,100000,29.52,30.48,29.52,30.32,9084,0
PCO,60,20221004,110000,30.46,30.78,30.42,30.6,8420,0
PCO,60,20221004,120000,30.78,30.84,29.58,30.2,30026,0
PCO,60,20221004,130000,30.18,30.2,29.84,29.9,14529,0
PCO,60,20221004,140000,29.98,30,29.56,29.56,23147,0
PCO,60,20221004,150000,29.64,30,29.52,29.78,138783,0
PCO,60,20221004,160000,29.9,30.16,29.62,30,69699,0
PCO,60,20221004,170000,30.08,30.28,29.52,30.1,96966,0
PCO,60,20221005,100000,29.78,30.46,29.6,30.34,5475,0
PCO,60,20221005,110000,30.48,30.78,30.02,30.72,11274,0
PCO,60,20221005,120000,30.7,31.16,30.6,30.86,12080,0
PCO,60,20221005,130000,30.9,31.02,30.8,31,7867,0
PCO,60,20221005,140000,31,31.14,30.88,31.06,16752,0
PCO,60,20221005,150000,31.02,31.16,30.9,31.06,9465,0
PCO,60,20221005,160000,31.08,31.16,30.92,31,12756,0
PCO,60,20221005,170000,30.98,30.98,30.54,30.72,33195,0
PCO,60,20221006,100000,31,31.32,31,31.18,4800,0
PCO,60,20221006,110000,31.16,31.16,30.1,30.18,5606,0
PCO,60,20221006,120000,30.1,30.68,30.02,30.46,7556,0
PCO,60,20221006,130000,30.44,30.44,30.02,30.24,3060,0
PCO,60,20221006,140000,30.04,30.24,30,30,6935,0
PCO,60,20221006,150000,30,30.36,29.76,29.88,11322,0
PCO,60,20221006,160000,30.14,30.34,29.82,29.94,10401,0
PCO,60,20221006,170000,29.88,30.18,29.72,30.12,155437,0
PCO,60,20221007,100000,29.98,30.12,29.3,29.3,9235,0
PCO,60,20221007,110000,29.28,29.5,29.26,29.3,3265,0
PCO,60,20221007,120000,29.38,29.4,29.2,29.36,2972,0
PCO,60,20221007,130000,29.24,29.46,29.18,29.26,3430,0
PCO,60,20221007,140000,29.2,29.34,29.12,29.26,10256,0
PCO,60,20221007,150000,29.26,29.6,29.26,29.5,17917,0
PCO,60,20221007,160000,29.56,29.7,29.5,29.54,19215,0
PCO,60,20221007,170000,29.5,29.76,29.5,29.5,85307,0
PCO,60,20221010,100000,28.98,29.8,28.8,29.5,11379,0
PCO,60,20221010,110000,29.42,29.42,29.14,29.34,8573,0
PCO,60,20221010,120000,29.42,29.84,29.3,29.62,5725,0
PCO,60,20221010,130000,29.64,29.64,29.5,29.54,11674,0
PCO,60,20221010,140000,29.54,29.58,29.44,29.5,8668,0
PCO,60,20221010,150000,29.54,29.88,29.5,29.86,13617,0
PCO,60,20221010,160000,29.8,29.8,29.4,29.44,18360,0
PCO,60,20221010,170000,29.44,29.62,29.38,29.48,46892,0
PCO,60,20221011,100000,29.5,29.74,29.2,29.24,4998,0
PCO,60,20221011,110000,29.42,29.42,29.26,29.42,101,0
PCO,60,20221011,120000,29.42,29.42,28.86,29.24,4881,0
PCO,60,20221011,130000,29.16,29.18,29.04,29.16,3308,0
PCO,60,20221011,140000,29.08,29.52,29.06,29.2,10957,0
PCO,60,20221011,150000,29.2,29.64,29.2,29.44,47184,0
PCO,60,20221011,160000,29.4,29.52,29.4,29.5,11459,0
PCO,60,20221011,170000,29.6,30,29.6,29.86,55656,0
PCO,60,20221012,100000,29.86,30.68,29.84,30.42,67379,0
PCO,60,20221012,110000,30.5,30.96,30.32,30.7,6795,0
PCO,60,20221012,120000,30.7,31.3,30.7,31,15133,0
PCO,60,20221012,130000,30.92,30.92,30.56,30.56,4236,0
PCO,60,20221012,140000,30.54,30.54,30.02,30.1,32877,0
PCO,60,20221012,150000,30.12,30.24,30,30.04,20057,0
PCO,60,20221012,160000,30.04,31,30.02,31,43567,0
PCO,60,20221012,170000,30.9,31.16,30.5,30.7,32044,0
PCO,60,20221013,100000,31.48,31.48,30.72,30.98,6378,0
PCO,60,20221013,110000,30.96,31.5,30.88,31.12,13772,0
PCO,60,20221013,120000,31.06,31.12,31,31,1710,0
PCO,60,20221013,130000,31,31.52,30.68,30.74,86767,0
PCO,60,20221013,140000,30.66,31,30.46,30.96,13070,0
PCO,60,20221013,150000,30.92,31.16,30.12,30.5,129195,0
PCO,60,20221013,160000,30.54,30.6,30.1,30.22,71513,0
PCO,60,20221013,170000,30.22,30.48,30.2,30.42,74328,0
PCO,60,20221014,100000,31.8,31.8,30.6,31.18,61529,0
PCO,60,20221014,110000,31.1,31.18,30.54,30.68,4428,0
PCO,60,20221014,120000,30.68,31.1,30.5,30.66,10575,0
PCO,60,20221014,130000,30.7,31.18,30.7,31.04,21090,0
PCO,60,20221014,140000,31.04,31.18,30.88,31.06,34998,0
PCO,60,20221014,150000,31.06,31.18,30.96,31.02,18140,0
PCO,60,20221014,160000,31.02,31.2,31,31.12,30606,0
PCO,60,20221014,170000,31.08,31.14,30.72,31,78362,0
PCO,60,20221017,100000,31,31.18,30.88,30.9,44215,0
PCO,60,20221017,110000,30.88,30.88,30.88,30.88,21,0
PCO,60,20221017,120000,30.88,30.9,30.7,30.7,2272,0
PCO,60,20221017,130000,30.62,30.86,30.62,30.86,333,0
PCO,60,20221017,140000,30.64,30.96,30.64,30.96,12265,0
PCO,60,20221017,150000,30.96,31.28,30.96,31.04,97172,0
PCO,60,20221017,160000,31.18,31.4,31.12,31.4,7149,0
PCO,60,20221017,170000,31.48,31.88,31.4,31.6,36995,0
PCO,60,20221018,100000,32,33.14,32,33,38215,0
PCO,60,20221018,110000,33.06,33.26,32.84,32.9,44454,0
PCO,60,20221018,120000,32.84,32.9,32.58,32.7,19892,0
PCO,60,20221018,130000,32.7,32.82,32.7,32.82,5707,0
PCO,60,20221018,140000,32.74,32.78,32.7,32.78,6538,0
PCO,60,20221018,150000,32.7,32.7,32.5,32.5,16338,0
PCO,60,20221018,160000,32.5,32.56,32.42,32.42,8804,0
PCO,60,20221018,170000,32.44,32.6,32.44,32.6,28440,0
PCO,60,20221019,100000,33.2,33.2,32.28,32.5,7574,0
PCO,60,20221019,110000,32.3,32.3,31.8,31.8,6062,0
PCO,60,20221019,120000,31.84,32.08,31.8,32,6398,0
PCO,60,20221019,130000,32.12,32.12,32.12,32.12,52,0
PCO,60,20221019,140000,32,32,31.6,31.8,1698,0
PCO,60,20221019,150000,31.84,31.84,31.14,31.56,15952,0
PCO,60,20221019,160000,31.5,31.68,31,31.34,21456,0
PCO,60,20221019,170000,31.34,32,31.28,31.28,104283,0
PCO,60,20221020,100000,31.12,31.28,30.96,31.28,7838,0
PCO,60,20221020,110000,31.28,31.32,31.18,31.32,3313,0
PCO,60,20221020,120000,31.3,31.38,31.2,31.28,57987,0
PCO,60,20221020,130000,31.26,31.26,31.1,31.18,50094,0
PCO,60,20221020,140000,31.12,31.2,31,31.2,4524,0
PCO,60,20221020,150000,31.2,31.36,30.94,30.94,6623,0
PCO,60,20221020,160000,30.9,31.04,30.58,30.9,13477,0
PCO,60,20221020,170000,31,31.74,30.8,31.74,87751,0
PCO,60,20221021,100000,31.1,31.72,31.1,31.58,4038,0
PCO,60,20221021,110000,31.2,31.2,30.76,31.1,3911,0
PCO,60,20221021,120000,31.1,31.1,30.94,31.06,901,0
PCO,60,20221021,130000,31.12,31.12,30.66,30.76,2664,0
PCO,60,20221021,140000,30.68,30.8,30.6,30.6,4156,0
PCO,60,20221021,150000,30.58,30.96,30.34,30.78,15901,0
PCO,60,20221021,160000,30.78,30.88,30.58,30.88,23931,0
PCO,60,20221021,170000,31.1,31.18,30.52,30.58,65004,0
PCO,60,20221024,100000,30.84,31.2,30.74,30.76,2805,0
PCO,60,20221024,110000,30.98,31.76,30.68,31.66,34326,0
PCO,60,20221024,120000,31.62,31.9,31.5,31.66,8858,0
PCO,60,20221024,130000,31.68,32.2,31.54,31.78,17020,0
PCO,60,20221024,140000,31.78,31.86,31.3,31.72,21088,0
PCO,60,20221024,150000,31.72,32.12,31.6,32.06,13801,0
PCO,60,20221024,160000,31.98,32.02,31.54,31.9,22392,0
PCO,60,20221024,170000,31.82,32.08,31.48,31.72,33184,0
PCO,60,20221025,100000,32.82,32.82,31.66,31.82,4122,0
PCO,60,20221025,110000,31.84,32,31.76,31.9,1127,0
PCO,60,20221025,120000,31.94,31.94,31.1,31.44,12103,0
PCO,60,20221025,130000,31.32,31.42,31.32,31.36,1387,0
PCO,60,20221025,140000,31.34,31.4,31.22,31.22,1416,0
PCO,60,20221025,150000,31.24,31.28,31.14,31.24,1440,0
PCO,60,20221025,160000,31.12,31.74,31.12,31.6,15442,0
PCO,60,20221025,170000,31.6,31.76,31.16,31.16,46180,0
PCO,60,20221026,100000,31.76,31.9,31.18,31.64,6649,0
PCO,60,20221026,110000,31.5,31.7,31.44,31.58,6173,0
PCO,60,20221026,120000,31.68,32.26,31.68,32.26,19506,0
PCO,60,20221026,130000,32.1,32.54,32.1,32.34,12495,0
PCO,60,20221026,140000,32.44,32.82,32.44,32.64,14537,0
PCO,60,20221026,150000,32.64,32.72,32.22,32.36,10883,0
PCO,60,20221026,160000,32.38,32.52,32,32.24,22916,0
PCO,60,20221026,170000,32.28,32.68,32.2,32.5,104516,0
PCO,60,20221027,100000,32.34,32.36,31.7,32.02,13266,0
PCO,60,20221027,110000,31.94,32.38,31.88,32.3,15391,0
PCO,60,20221027,120000,32.22,32.22,31.94,32.14,16539,0
PCO,60,20221027,130000,32.26,32.28,32.06,32.28,10248,0
PCO,60,20221027,140000,32.2,32.8,32.18,32.62,20893,0
PCO,60,20221027,150000,32.52,32.8,32.3,32.3,16353,0
PCO,60,20221027,160000,32.34,32.42,31.94,32.04,20225,0
PCO,60,20221027,170000,32.12,32.62,31.92,32.04,91470,0
PCO,60,20221028,100000,32.18,32.42,31.82,32.14,9608,0
PCO,60,20221028,110000,32.2,33,32.2,32.86,20130,0
PCO,60,20221028,120000,32.8,33.26,32.62,33.24,4563,0
PCO,60,20221028,130000,33.26,33.52,33,33.1,13039,0
PCO,60,20221028,140000,33.1,33.2,32.92,32.94,20324,0
PCO,60,20221028,150000,32.94,33,32.8,32.96,5244,0
PCO,60,20221028,160000,32.96,33.08,32.78,32.78,16939,0
PCO,60,20221028,170000,32.78,32.9,32.46,32.9,46419,0
PCO,60,20221031,100000,32.9,33.32,32.54,32.98,7856,0
PCO,60,20221031,110000,33,33.2,32.8,32.86,11071,0
PCO,60,20221031,120000,32.86,33.04,32.68,32.86,3762,0
PCO,60,20221031,130000,32.86,33.3,32.86,33.3,12060,0
PCO,60,20221031,140000,33.36,33.7,33.28,33.5,14041,0
PCO,60,20221031,150000,33.5,33.62,33.26,33.58,12855,0
PCO,60,20221031,160000,33.58,33.84,33.52,33.6,26965,0
PCO,60,20221031,170000,33.66,33.9,33.58,33.58,65299,0
PCO,60,20221102,100000,34.1,35.34,34.1,34.5,92364,0
PCO,60,20221102,110000,34.5,34.64,34,34.42,37341,0
PCO,60,20221102,120000,34.42,35.46,34.3,35.32,46617,0
PCO,60,20221102,130000,35.34,36.26,35.3,35.72,55163,0
PCO,60,20221102,140000,35.6,35.7,35,35.14,22327,0
PCO,60,20221102,150000,35.22,35.58,35.1,35.1,27587,0
PCO,60,20221102,160000,35.1,35.42,34.9,35.32,50322,0
PCO,60,20221102,170000,35.36,36.38,35.24,36.3,142906,0
PCO,60,20221103,100000,36,36,35.04,35.3,51968,0
PCO,60,20221103,110000,35.3,35.74,35.3,35.38,15801,0
PCO,60,20221103,120000,35.38,35.58,35.3,35.54,12151,0
PCO,60,20221103,130000,35.42,35.46,35.02,35.04,17847,0
PCO,60,20221103,140000,35.08,35.24,34.6,34.88,37650,0
PCO,60,20221103,150000,34.78,35,34.72,34.72,19498,0
PCO,60,20221103,160000,34.78,35,34.44,34.76,35166,0
PCO,60,20221103,170000,34.82,34.82,34.4,34.4,40388,0
PCO,60,20221104,100000,34.8,35.42,34.5,35.1,24439,0
PCO,60,20221104,110000,35.1,35.1,34.5,34.64,15325,0
PCO,60,20221104,120000,34.7,35,34.62,35,34656,0
PCO,60,20221104,130000,34.92,35,34.6,34.8,6560,0
PCO,60,20221104,140000,34.72,34.82,34.52,34.74,11216,0
PCO,60,20221104,150000,34.78,34.9,34.64,34.82,24345,0
PCO,60,20221104,160000,34.8,35.06,34.7,34.82,20194,0
PCO,60,20221104,170000,34.8,34.94,34.5,34.5,29914,0
PCO,60,20221107,100000,34.52,34.9,34.12,34.86,22224,0
PCO,60,20221107,110000,34.86,34.9,34.66,34.72,2145,0
PCO,60,20221107,120000,34.72,35.4,34.62,35.4,12276,0
PCO,60,20221107,130000,35.36,35.56,35.2,35.34,9732,0
PCO,60,20221107,140000,35.34,35.5,35.26,35.46,10322,0
PCO,60,20221107,150000,35.3,35.38,34.92,35.06,5721,0
PCO,60,20221107,160000,34.92,35.14,34.5,34.68,63365,0
PCO,60,20221107,170000,34.74,35,34.62,34.88,63448,0
PCO,60,20221108,100000,34.88,35.26,34.68,35.18,3860,0
PCO,60,20221108,110000,35.18,35.18,34.98,35.1,2273,0
PCO,60,20221108,120000,35.1,35.1,34.56,34.86,5944,0
PCO,60,20221108,130000,34.86,35.08,34.76,34.78,2435,0
PCO,60,20221108,140000,34.7,34.78,34.64,34.7,3336,0
PCO,60,20221108,150000,34.72,34.86,34.64,34.74,4407,0
PCO,60,20221108,160000,34.74,34.8,34.4,34.56,13510,0
PCO,60,20221108,170000,34.56,34.92,34.5,34.58,29587,0
PCO,60,20221109,100000,34.62,34.74,34.3,34.44,8383,0
PCO,60,20221109,110000,34.46,34.6,34.16,34.54,13041,0
PCO,60,20221109,120000,34.52,35,34.28,34.62,8615,0
PCO,60,20221109,130000,34.66,34.82,34.54,34.82,4846,0
PCO,60,20221109,140000,34.8,34.9,34.6,34.64,6169,0
PCO,60,20221109,150000,34.68,34.7,34.44,34.66,4398,0
PCO,60,20221109,160000,34.68,34.7,34.3,34.5,16263,0
PCO,60,20221109,170000,34.38,34.56,34.3,34.4,17922,0
PCO,60,20221110,100000,34.4,34.78,34.4,34.6,8617,0
PCO,60,20221110,110000,34.5,34.7,34.2,34.42,5966,0
PCO,60,20221110,120000,34.44,34.54,34.3,34.54,3426,0
PCO,60,20221110,130000,34.62,34.62,34.24,34.24,8013,0
PCO,60,20221110,140000,34.32,34.32,33.96,34.06,8706,0
PCO,60,20221110,150000,34.08,34.78,34.08,34.52,27446,0
PCO,60,20221110,160000,34.64,35.3,34.64,34.88,36426,0
PCO,60,20221110,170000,34.98,35.3,34.78,35,183494,0
PCO,60,20221114,100000,38,40.4,37.98,38.9,550136,0
PCO,60,20221114,110000,38.86,40.3,38.46,40.06,344793,0
PCO,60,20221114,120000,40.08,41.72,40.06,41,333117,0
PCO,60,20221114,130000,40.98,41,39.52,39.94,168780,0
PCO,60,20221114,140000,39.88,39.98,39.54,39.76,167549,0
PCO,60,20221114,150000,39.72,39.82,38.56,38.62,199916,0
PCO,60,20221114,160000,38.6,39.56,38.5,39.46,260756,0
PCO,60,20221114,170000,39.46,39.62,38.66,39,496002,0
PCO,60,20221115,100000,40,40.04,38.78,39.14,217150,0
PCO,60,20221115,110000,39.26,39.5,39.12,39.5,88468,0
PCO,60,20221115,120000,39.44,41.34,39.44,40.9,162485,0
PCO,60,20221115,130000,40.96,40.98,40.08,40.5,78669,0
PCO,60,20221115,140000,40.5,40.96,40.38,40.84,185330,0
PCO,60,20221115,150000,40.9,40.9,40.2,40.4,637570,0
PCO,60,20221115,160000,40.34,40.64,40.34,40.64,435618,0
PCO,60,20221115,170000,40.76,40.96,40.04,40.04,399864,0
PCO,60,20221116,100000,39.96,40.3,39.22,39.96,156309,0
PCO,60,20221116,110000,39.92,40,39.56,39.78,65160,0
PCO,60,20221116,120000,39.8,40,39.56,39.8,61866,0
PCO,60,20221116,130000,39.86,39.9,39.66,39.76,37627,0
PCO,60,20221116,140000,39.88,40.02,39.62,39.82,38061,0
PCO,60,20221116,150000,39.96,40,39.46,39.46,57489,0
PCO,60,20221116,160000,39.44,39.66,39.12,39.52,136897,0
PCO,60,20221116,170000,39.64,39.94,39.46,39.48,317633,0
PCO,60,20221117,100000,40.26,40.3,39.18,39.5,35608,0
PCO,60,20221117,110000,39.44,39.5,38.9,39.38,38650,0
PCO,60,20221117,120000,39.3,39.46,38.92,38.96,44372,0
PCO,60,20221117,130000,38.9,39.34,38.9,39.24,24719,0
PCO,60,20221117,140000,39.24,39.28,39,39.16,31507,0
PCO,60,20221117,150000,39.1,39.3,38.78,39.12,70396,0
PCO,60,20221117,160000,39.08,39.44,39.02,39.12,98060,0
PCO,60,20221117,170000,39.16,39.22,38.9,39,294232,0
PCO,60,20221118,100000,38.96,39.7,38.56,39.36,83323,0
PCO,60,20221118,110000,39.42,39.78,39.14,39.3,68796,0
PCO,60,20221118,120000,39.3,40.04,39.22,40.04,56334,0
PCO,60,20221118,130000,40.04,40.12,39.28,39.48,46374,0
PCO,60,20221118,140000,39.46,39.54,39.26,39.38,30689,0
PCO,60,20221118,150000,39.44,39.78,39.36,39.58,46028,0
PCO,60,20221118,160000,39.56,39.72,39.34,39.4,71488,0
PCO,60,20221118,170000,39.34,40,39.32,39.56,281788,0
PCO,60,20221121,100000,40.98,42.64,40.62,40.94,492072,0
PCO,60,20221121,110000,40.94,41.46,40.72,40.86,98425,0
PCO,60,20221121,120000,40.92,41,40.38,40.52,105375,0
PCO,60,20221121,130000,40.48,40.7,39.92,40.1,87845,0
PCO,60,20221121,140000,40.1,40.78,40.04,40.7,82103,0
PCO,60,20221121,150000,40.7,41,40.42,40.8,155703,0
PCO,60,20221121,160000,40.76,40.92,40.36,40.46,97577,0
PCO,60,20221121,170000,40.48,40.52,39.84,40,136246,0
PCO,60,20221122,100000,40.3,40.3,39.32,39.62,72518,0
PCO,60,20221122,110000,39.66,39.7,38.94,38.96,107270,0
PCO,60,20221122,120000,39,39.34,39,39.14,109341,0
PCO,60,20221122,130000,39.18,39.3,39.14,39.28,45381,0
PCO,60,20221122,140000,39.3,39.44,39.26,39.44,160468,0
PCO,60,20221122,150000,39.44,40.2,39.44,39.92,88891,0
PCO,60,20221122,160000,39.92,40.18,39.66,39.8,101377,0
PCO,60,20221122,170000,39.82,40.04,39.72,39.76,131793,0
PCO,60,20221123,100000,40.04,40.48,39.48,40.42,127856,0
PCO,60,20221123,110000,40.48,40.74,39.96,40.4,168155,0
PCO,60,20221123,120000,40.4,40.4,39.9,39.9,65933,0
PCO,60,20221123,130000,39.86,40,39.76,39.98,45342,0
PCO,60,20221123,140000,39.94,40.02,39.7,39.8,94757,0
PCO,60,20221123,150000,39.8,40.38,39.78,40.18,93930,0
PCO,60,20221123,160000,40.18,40.18,39.92,40,118307,0
PCO,60,20221123,170000,40,40,39.58,39.92,149711,0
PCO,60,20221124,100000,40.28,40.28,39.72,40.02,38223,0
PCO,60,20221124,110000,40.06,40.12,39.9,39.98,33178,0
PCO,60,20221124,120000,39.94,40.06,39.82,40.02,113512,0
PCO,60,20221124,130000,40.02,40.04,39.6,39.76,21363,0
PCO,60,20221124,140000,39.84,40,39.82,39.94,24467,0
PCO,60,20221124,150000,39.88,40.3,39.82,40.24,106556,0
PCO,60,20221124,160000,40.14,40.3,40,40.06,143328,0
PCO,60,20221124,170000,40.02,40.4,39.86,40,118492,0
PCO,60,20221125,100000,40.9,41.4,40.04,41.2,222588,0
PCO,60,20221125,110000,41.16,41.6,41.06,41.6,70807,0
PCO,60,20221125,120000,41.5,41.5,40.92,40.92,113178,0
PCO,60,20221125,130000,40.92,41.06,40.64,40.82,63111,0
PCO,60,20221125,140000,40.82,41,40.5,40.72,131164,0
PCO,60,20221125,150000,40.72,41,40.4,40.52,90255,0
PCO,60,20221125,160000,40.44,40.48,40.1,40.28,108957,0
PCO,60,20221125,170000,40.36,40.88,40.1,40.58,241982,0
PCO,60,20221128,100000,40.84,40.84,39.74,39.78,97155,0
PCO,60,20221128,110000,39.78,39.96,39.32,39.72,89417,0
PCO,60,20221128,120000,39.7,39.76,39.36,39.6,63934,0
PCO,60,20221128,130000,39.62,39.7,39.48,39.52,111450,0
PCO,60,20221128,140000,39.52,39.56,39.16,39.26,68586,0
PCO,60,20221128,150000,39.24,39.4,38.7,38.82,82540,0
PCO,60,20221128,160000,38.86,39.26,38.7,39.14,313146,0
PCO,60,20221128,170000,39.12,39.26,38.62,38.94,358262,0
PCO,60,20221129,100000,38.9,39.24,37.52,38.86,124989,0
PCO,60,20221129,110000,38.86,39.04,38.42,38.58,82790,0
PCO,60,20221129,120000,38.6,38.66,37.86,37.96,90225,0
PCO,60,20221129,130000,37.96,38.72,37.92,38.72,83650,0
PCO,60,20221129,140000,38.72,39.16,38.62,38.76,583121,0
PCO,60,20221129,150000,38.76,39.56,38.74,39.44,125689,0
PCO,60,20221129,160000,39.44,39.56,39.06,39.2,175913,0
PCO,60,20221129,170000,39.2,39.74,39.18,39.26,335632,0
PCO,60,20221130,100000,39.98,40.06,39.6,39.98,213879,0
PCO,60,20221130,110000,40,40.7,39.96,40.56,448271,0
PCO,60,20221130,120000,40.6,41.12,40.48,40.7,292490,0
PCO,60,20221130,130000,40.7,40.94,40.42,40.94,339857,0
PCO,60,20221130,140000,40.94,41.12,40.76,40.96,257394,0
PCO,60,20221130,150000,40.96,41.26,40.68,40.84,1105687,0
PCO,60,20221130,160000,40.84,41.1,40.68,41.1,743359,0
PCO,60,20221130,170000,41.12,41.72,40.74,41.1,13501701,0
PCO,60,20221201,100000,40.32,41,40,40.22,170246,0
PCO,60,20221201,110000,40.18,40.3,39.4,39.72,220713,0
PCO,60,20221201,120000,39.72,39.94,39.5,39.84,95239,0
PCO,60,20221201,130000,39.86,40,39.78,39.82,162105,0
PCO,60,20221201,140000,39.84,40.14,39.72,39.72,152783,0
PCO,60,20221201,150000,39.72,39.86,39.4,39.8,175942,0
PCO,60,20221201,160000,39.8,40.1,39.66,39.7,184603,0
PCO,60,20221201,170000,39.7,39.78,38.7,39.24,620634,0
PCO,60,20221202,100000,39.98,39.98,38,38.3,108779,0
PCO,60,20221202,110000,38.4,38.72,37.96,38.04,218533,0
PCO,60,20221202,120000,38.02,38.52,37.96,38.02,84142,0
PCO,60,20221202,130000,37.98,38.26,37.58,37.62,75786,0
PCO,60,20221202,140000,37.64,38.04,37.6,37.86,47067,0
PCO,60,20221202,150000,37.9,37.92,37.42,37.64,91675,0
PCO,60,20221202,160000,37.7,38.06,37.58,37.86,82303,0
PCO,60,20221202,170000,37.86,38.06,37.6,37.8,182710,0
PCO,60,20221205,100000,38.3,38.34,37.7,38.28,109317,0
PCO,60,20221205,110000,38.18,38.76,38.16,38.68,34270,0
PCO,60,20221205,120000,38.64,38.76,38.56,38.64,24354,0
PCO,60,20221205,130000,38.6,38.78,38.54,38.7,12129,0
PCO,60,20221205,140000,38.72,38.92,38.7,38.92,26693,0
PCO,60,20221205,150000,38.88,38.88,38.36,38.36,29255,0
PCO,60,20221205,160000,38.44,38.7,38.32,38.6,61552,0
PCO,60,20221205,170000,38.54,38.8,38.42,38.62,108201,0
PCO,60,20221206,100000,38.98,38.98,38.16,38.9,82187,0
PCO,60,20221206,110000,38.9,39.02,38.64,38.98,50518,0
PCO,60,20221206,120000,38.98,39.3,38.96,39,63814,0
PCO,60,20221206,130000,39.02,39.22,38.92,39.22,41176,0
PCO,60,20221206,140000,39.18,39.48,39.08,39.2,65136,0
PCO,60,20221206,150000,39.14,39.38,39,39.34,75400,0
PCO,60,20221206,160000,39.26,39.36,39.02,39.14,131022,0
PCO,60,20221206,170000,39.1,39.52,38.94,39.38,173463,0
PCO,60,20221207,100000,39.58,40.08,39.28,40,48765,0
PCO,60,20221207,110000,39.84,40.3,39.82,39.82,41542,0
PCO,60,20221207,120000,39.84,39.86,39.52,39.62,29809,0
PCO,60,20221207,130000,39.56,39.78,39.4,39.58,57526,0
PCO,60,20221207,140000,39.5,39.5,39.24,39.28,14491,0
PCO,60,20221207,150000,39.32,39.52,39.12,39.28,24988,0
PCO,60,20221207,160000,39.42,39.5,39.02,39.12,43377,0
PCO,60,20221207,170000,39.12,39.28,38.88,38.96,141305,0
PCO,60,20221208,100000,39.38,39.44,38.72,39.3,15969,0
PCO,60,20221208,110000,39.46,39.78,39.2,39.44,42728,0
PCO,60,20221208,120000,39.44,39.44,39.3,39.44,34815,0
PCO,60,20221208,130000,39.44,39.68,39.3,39.5,29061,0
PCO,60,20221208,140000,39.66,39.68,39.26,39.6,41282,0
PCO,60,20221208,150000,39.46,39.6,39.22,39.22,42685,0
PCO,60,20221208,160000,39.36,39.6,39.26,39.44,72284,0
PCO,60,20221208,170000,39.44,39.52,39.36,39.4,151125,0
PCO,60,20221209,100000,39.64,39.64,38.98,39.1,6039,0
PCO,60,20221209,110000,39.12,39.12,38.98,39.12,668,0
PCO,60,20221209,120000,39.1,39.62,39.06,39.2,26332,0
PCO,60,20221209,130000,39.14,39.36,39.02,39.36,48247,0
PCO,60,20221209,140000,39.2,39.66,39.16,39.46,98004,0
PCO,60,20221209,150000,39.5,39.5,38.9,39.4,77492,0
PCO,60,20221209,160000,39.38,40.18,39.28,39.64,192599,0
PCO,60,20221209,170000,39.86,40.12,39.48,39.88,405000,0
PCO,60,20221212,100000,39.88,39.9,39.22,39.22,19093,0
PCO,60,20221212,110000,39.28,39.62,39.22,39.58,19376,0
PCO,60,20221212,120000,39.5,39.52,39.14,39.4,26260,0
PCO,60,20221212,130000,39.4,39.66,39.3,39.38,21331,0
PCO,60,20221212,140000,39.38,39.52,39.26,39.46,24832,0
PCO,60,20221212,150000,39.44,39.5,39.12,39.26,50111,0
PCO,60,20221212,160000,39.26,39.4,39.22,39.4,50420,0
PCO,60,20221212,170000,39.36,39.52,39.22,39.32,183514,0
PCO,60,20221213,100000,39.88,39.9,39.22,39.86,174837,0
PCO,60,20221213,110000,39.92,40.2,38.9,39.12,201331,0
PCO,60,20221213,120000,39.12,39.48,39.06,39.06,50514,0
PCO,60,20221213,130000,39.06,39.22,38.9,39.2,31193,0
PCO,60,20221213,140000,39.26,39.5,39.14,39.4,61175,0
PCO,60,20221213,150000,39.4,39.8,39.3,39.56,63329,0
PCO,60,20221213,160000,39.6,39.84,39.4,39.68,168959,0
PCO,60,20221213,170000,39.68,39.8,38.88,39.16,364474,0
PCO,60,20221214,100000,39.74,40.08,39.28,39.86,91013,0
PCO,60,20221214,110000,39.86,40.48,39.86,40.38,82799,0
PCO,60,20221214,120000,40.4,40.4,40,40.02,22507,0
PCO,60,20221214,130000,40,40.22,39.8,40.02,51242,0
PCO,60,20221214,140000,40.04,40.14,39.64,39.76,21398,0
PCO,60,20221214,150000,39.64,39.8,39.4,39.44,38156,0
PCO,60,20221214,160000,39.42,39.54,39.32,39.52,35923,0
PCO,60,20221214,170000,39.52,39.68,39.3,39.5,257254,0
PCO,60,20221215,100000,39.9,39.9,39.18,39.24,17621,0
PCO,60,20221215,110000,39.38,39.38,38.96,39.04,29843,0
PCO,60,20221215,120000,39.1,39.16,38.6,38.9,43041,0
PCO,60,20221215,130000,38.92,39.06,38.86,39.02,20076,0
PCO,60,20221215,140000,39.02,39.1,38.9,38.9,25039,0
PCO,60,20221215,150000,38.9,38.9,38.16,38.26,108489,0
PCO,60,20221215,160000,38.28,38.5,38.02,38.02,60460,0
PCO,60,20221215,170000,38.1,38.44,37.94,38.14,106147,0
PCO,60,20221216,100000,38.6,38.72,37.96,38.12,19664,0
PCO,60,20221216,110000,38.1,38.18,37.84,38,27203,0
PCO,60,20221216,120000,38.02,38.04,37.74,37.78,25241,0
PCO,60,20221216,130000,37.78,38.08,37.76,37.96,13040,0
PCO,60,20221216,140000,37.98,38.04,37.88,37.96,17469,0
PCO,60,20221216,150000,37.9,37.9,37.56,37.64,31484,0
PCO,60,20221216,160000,37.82,38.5,37.7,38.06,87119,0
PCO,60,20221216,170000,38.04,38.5,37.8,38.26,625569,0
PCO,60,20221219,100000,38.26,38.58,38.12,38.34,18490,0
PCO,60,20221219,110000,38.36,38.6,38.32,38.6,16545,0
PCO,60,20221219,120000,38.58,38.82,38.56,38.58,18445,0
PCO,60,20221219,130000,38.6,38.66,38.28,38.58,23485,0
PCO,60,20221219,140000,38.58,38.78,38.58,38.7,18090,0
PCO,60,20221219,150000,38.78,38.92,38.76,38.78,25901,0
PCO,60,20221219,160000,38.78,39,38.68,38.82,48266,0
PCO,60,20221219,170000,38.84,38.9,38.76,38.76,81358,0
PCO,60,20221220,100000,38.5,38.56,38.2,38.2,10030,0
PCO,60,20221220,110000,38.22,38.72,38.2,38.72,18110,0
PCO,60,20221220,120000,38.72,38.74,38.5,38.62,2585,0
PCO,60,20221220,130000,38.56,38.86,38.56,38.62,23603,0
PCO,60,20221220,140000,38.62,38.8,38.6,38.6,5763,0
PCO,60,20221220,150000,38.6,38.76,38.56,38.58,19406,0
PCO,60,20221220,160000,38.6,38.8,38.56,38.72,59189,0
PCO,60,20221220,170000,38.74,39.38,38.68,39.38,88525,0
PCO,60,20221221,100000,39.4,39.52,39.14,39.52,11971,0
PCO,60,20221221,110000,39.52,39.62,39.52,39.56,7238,0
PCO,60,20221221,120000,39.56,39.58,39.44,39.54,1263,0
PCO,60,20221221,130000,39.52,39.54,39.34,39.36,10261,0
PCO,60,20221221,140000,39.38,39.92,39.36,39.92,22890,0
PCO,60,20221221,150000,39.92,39.98,39.74,39.9,79695,0
PCO,60,20221221,160000,39.84,39.92,39.68,39.68,22276,0
PCO,60,20221221,170000,39.68,40.18,39.62,39.92,89625,0
PCO,60,20221222,100000,40.12,40.36,39.92,40.16,23050,0
PCO,60,20221222,110000,40.14,40.14,39.8,39.88,7972,0
PCO,60,20221222,120000,39.84,40.32,39.72,40.32,13265,0
PCO,60,20221222,130000,40.12,40.2,39.98,40.14,11668,0
PCO,60,20221222,140000,40.1,40.4,40.1,40.32,16947,0
PCO,60,20221222,150000,40.3,40.6,40.12,40.14,41444,0
PCO,60,20221222,160000,40.16,40.34,40.02,40.08,119074,0
PCO,60,20221222,170000,40.08,40.5,40.02,40.1,74601,0
PCO,60,20221223,100000,40.3,40.3,39.84,40.1,13010,0
PCO,60,20221223,110000,40.08,40.38,40,40.36,23791,0
PCO,60,20221223,120000,40.32,40.44,40.12,40.12,12694,0
PCO,60,20221223,130000,40.12,40.3,40,40.04,11707,0
PCO,60,20221223,140000,40.04,40.18,39.94,40.16,16836,0
PCO,60,20221223,150000,40.16,40.32,39.82,39.9,137886,0
PCO,60,20221223,160000,39.82,39.98,39.64,39.72,54174,0
PCO,60,20221223,170000,39.72,39.82,39.44,39.72,43523,0
PCO,60,20221227,100000,40.1,40.1,39.72,39.86,10708,0
PCO,60,20221227,110000,39.76,39.98,39.54,39.98,8243,0
PCO,60,20221227,120000,39.78,40.04,39.74,39.96,6167,0
PCO,60,20221227,130000,40,40.42,39.82,40.24,14073,0
PCO,60,20221227,140000,40.26,40.3,40,40,2939,0
PCO,60,20221227,150000,40.2,40.32,39.94,39.96,6557,0
PCO,60,20221227,160000,39.94,40.18,39.92,40,16975,0
PCO,60,20221227,170000,40,40.28,39.96,40.2,35365,0
PCO,60,20221228,100000,40.26,40.3,39.9,40.22,10357,0
PCO,60,20221228,110000,40.28,40.72,40.12,40.58,17012,0
PCO,60,20221228,120000,40.58,41.08,40.58,40.94,23902,0
PCO,60,20221228,130000,40.94,40.98,40.7,40.84,22088,0
PCO,60,20221228,140000,40.84,41.06,40.82,40.96,22315,0
PCO,60,20221228,150000,40.98,41,40.6,40.7,15999,0
PCO,60,20221228,160000,40.68,40.96,40.38,40.64,24960,0
PCO,60,20221228,170000,40.64,40.66,40.04,40.28,45006,0
PCO,60,20221229,100000,40.32,40.38,40.1,40.38,5587,0
PCO,60,20221229,110000,40.36,40.38,40.2,40.26,2537,0
PCO,60,20221229,120000,40.26,40.68,40.26,40.62,2322,0
PCO,60,20221229,130000,40.66,40.88,40.48,40.78,7572,0
PCO,60,20221229,140000,40.68,40.78,40.48,40.48,8797,0
PCO,60,20221229,150000,40.5,40.5,39.92,39.96,43034,0
PCO,60,20221229,160000,39.9,40,39.8,40,30012,0
PCO,60,20221229,170000,40.08,40.08,39.82,40,103837,0
PCO,60,20221230,100000,40.2,40.2,39.06,39.32,32858,0
PCO,60,20221230,110000,39.32,39.42,39.2,39.34,25076,0
PCO,60,20221230,120000,39.3,39.8,39.28,39.78,67376,0
PCO,60,20221230,130000,39.78,39.9,39.42,39.7,31310,0
PCO,60,20221230,140000,39.62,39.82,39.46,39.68,30594,0
PCO,60,20221230,150000,39.62,39.62,39.26,39.38,24867,0
PCO,60,20221230,160000,39.36,39.4,39.2,39.4,33141,0
PCO,60,20221230,170000,39.38,39.76,39.26,39.52,104294,0
PCO,60,20230102,100000,40,40.12,39.64,40.08,9996,0
PCO,60,20230102,110000,40.08,40.08,39.64,39.8,6187,0
PCO,60,20230102,120000,39.82,39.98,39.74,39.9,16268,0
PCO,60,20230102,130000,39.96,40.28,39.92,40.14,10848,0
PCO,60,20230102,140000,40.16,40.36,40,40.08,7707,0
PCO,60,20230102,150000,39.94,40.08,39.9,40.04,5268,0
PCO,60,20230102,160000,40.02,40.24,40.02,40.24,4160,0
PCO,60,20230102,170000,40.18,40.34,40,40.26,38774,0
PCO,60,20230103,100000,40.38,40.48,40.02,40.38,16057,0
PCO,60,20230103,110000,40.38,40.84,40.24,40.76,25681,0
PCO,60,20230103,120000,40.7,40.84,40.56,40.6,20723,0
PCO,60,20230103,130000,40.5,40.56,40.3,40.32,17246,0
PCO,60,20230103,140000,40.34,40.84,40.3,40.76,188037,0
PCO,60,20230103,150000,40.6,40.82,40.5,40.7,38147,0
PCO,60,20230103,160000,40.64,40.74,40.3,40.3,133252,0
PCO,60,20230103,170000,40.4,40.48,39.98,40.04,520128,0
PCO,60,20230104,100000,40.58,40.58,40.08,40.22,75351,0
PCO,60,20230104,110000,40.18,40.4,40.18,40.4,14051,0
PCO,60,20230104,120000,40.34,40.62,40.34,40.56,37543,0
PCO,60,20230104,130000,40.6,40.6,40.22,40.5,19820,0
PCO,60,20230104,140000,40.48,40.5,40.3,40.4,10712,0
PCO,60,20230104,150000,40.4,40.54,40.34,40.48,61689,0
PCO,60,20230104,160000,40.5,40.7,40.22,40.38,376184,0
PCO,60,20230104,170000,40.38,40.4,39.9,40.14,330682,0
PCO,60,20230105,100000,40.44,41.2,40.42,41,27100,0
PCO,60,20230105,110000,41,41.02,40.64,40.82,210837,0
PCO,60,20230105,120000,40.86,41.24,40.8,41.2,183768,0
PCO,60,20230105,130000,41.18,41.28,40.94,41.06,88974,0
PCO,60,20230105,140000,41.1,41.74,40.98,41.56,398999,0
PCO,60,20230105,150000,41.5,41.58,41.06,41.16,62143,0
PCO,60,20230105,160000,41.14,41.3,41,41.22,58829,0
PCO,60,20230105,170000,41.22,41.4,41.14,41.14,327338,0
PCO,60,20230109,100000,41.9,42.32,41.24,41.46,97307,0
PCO,60,20230109,110000,41.3,41.52,41.18,41.46,38944,0
PCO,60,20230109,120000,41.46,41.5,41.32,41.5,32440,0
PCO,60,20230109,130000,41.5,41.54,41.36,41.5,43490,0
PCO,60,20230109,140000,41.52,41.76,41.48,41.58,31893,0
PCO,60,20230109,150000,41.58,41.66,41.44,41.66,142221,0
PCO,60,20230109,160000,41.7,41.7,41.42,41.46,68012,0
PCO,60,20230109,170000,41.5,41.66,41.28,41.52,170588,0
PCO,60,20230110,100000,41.5,42.06,41.3,41.9,31001,0
PCO,60,20230110,110000,41.9,41.94,41.36,41.54,17785,0
PCO,60,20230110,120000,41.54,42.02,41.54,41.88,84316,0
PCO,60,20230110,130000,41.82,41.86,41.66,41.66,10037,0
PCO,60,20230110,140000,41.66,41.86,41.64,41.86,10089,0
PCO,60,20230110,150000,41.88,42,41.66,42,99617,0
PCO,60,20230110,160000,42,42.1,41.88,41.88,49414,0
PCO,60,20230110,170000,41.9,41.92,41.52,41.56,493841,0
PCO,60,20230111,100000,42,42.2,41.5,41.66,133498,0
PCO,60,20230111,110000,41.66,41.74,41.28,41.6,128513,0
PCO,60,20230111,120000,41.68,41.68,41.22,41.28,48659,0
PCO,60,20230111,130000,41.22,41.38,40.82,41.24,66252,0
PCO,60,20230111,140000,41.3,41.66,41.18,41.6,28949,0
PCO,60,20230111,150000,41.54,41.68,41.32,41.32,43471,0
PCO,60,20230111,160000,41.32,41.46,41.02,41.4,69227,0
PCO,60,20230111,170000,41.4,41.58,41.2,41.2,487331,0
PCO,60,20230112,100000,41.7,42.42,41.66,42,117998,0
PCO,60,20230112,110000,42.06,42.12,41.86,42,99786,0
PCO,60,20230112,120000,42,42,41.4,41.42,90087,0
PCO,60,20230112,130000,41.42,41.62,40.92,41,106970,0
PCO,60,20230112,140000,40.9,41.5,40.8,41.44,133310,0
PCO,60,20230112,150000,41.5,41.52,41.04,41.4,148147,0
PCO,60,20230112,160000,41.38,41.5,41.16,41.24,164087,0
PCO,60,20230112,170000,41.22,41.5,41,41.4,207156,0
PCO,60,20230113,100000,41.62,42,41.58,41.8,93145,0
PCO,60,20230113,110000,41.8,41.86,41.32,41.34,25634,0
PCO,60,20230113,120000,41.32,41.36,41.08,41.28,27025,0
PCO,60,20230113,130000,41.24,41.4,41.1,41.28,32494,0
PCO,60,20230113,140000,41.24,41.4,41.16,41.3,44749,0
PCO,60,20230113,150000,41.3,41.3,41.02,41.08,69003,0
PCO,60,20230113,160000,41.08,41.1,40.68,40.7,50931,0
PCO,60,20230113,170000,40.66,41,40.66,40.8,117029,0
PCO,60,20230116,100000,40.8,41.16,40.74,41.08,19068,0
PCO,60,20230116,110000,41.08,41.36,40.92,41.22,14956,0
PCO,60,20230116,120000,41.28,41.52,41.08,41.16,19819,0
PCO,60,20230116,130000,41.16,41.42,41.16,41.38,16993,0
PCO,60,20230116,140000,41.42,41.42,41.1,41.24,12781,0
PCO,60,20230116,150000,41.32,41.36,41.08,41.16,14625,0
PCO,60,20230116,160000,41.16,41.52,41.16,41.46,33109,0
PCO,60,20230116,170000,41.46,41.5,41.04,41.14,67641,0
PCO,60,20230117,100000,41.14,41.3,40.76,40.82,11489,0
PCO,60,20230117,110000,40.88,41.3,40.8,41.1,42327,0
PCO,60,20230117,120000,41.1,41.26,40.8,40.84,20320,0
PCO,60,20230117,130000,40.84,41.24,40.66,41.02,37781,0
PCO,60,20230117,140000,41.1,41.66,41.04,41.46,40326,0
PCO,60,20230117,150000,41.34,41.76,41.34,41.66,22714,0
PCO,60,20230117,160000,41.54,42.06,41.48,41.86,52815,0
PCO,60,20230117,170000,41.94,42.16,41.84,41.86,103572,0
PCO,60,20230118,100000,40.46,42.3,40.24,42.14,3209456,0
PCO,60,20230118,110000,42.12,42.2,41.68,42.06,541912,0
PCO,60,20230118,120000,42.06,42.12,41.54,41.88,303696,0
PCO,60,20230118,130000,41.84,41.86,41.46,41.62,251912,0
PCO,60,20230118,140000,41.62,41.74,41.48,41.74,185719,0
PCO,60,20230118,150000,41.68,41.88,41.48,41.76,318038,0
PCO,60,20230118,160000,41.72,41.78,41.2,41.5,613707,0
PCO,60,20230118,170000,41.46,41.72,41.32,41.56,1301763,0
PCO,60,20230119,100000,41.54,41.56,40.9,41.4,220415,0
PCO,60,20230119,110000,41.4,42,41.34,41.92,268854,0
PCO,60,20230119,120000,41.86,41.92,41.5,41.52,231906,0
PCO,60,20230119,130000,41.52,41.76,41.48,41.58,181471,0
PCO,60,20230119,140000,41.58,41.7,40.42,40.94,296520,0
PCO,60,20230119,150000,40.94,41,40.42,40.76,542711,0
PCO,60,20230119,160000,40.78,41.2,40.6,41.08,510674,0
PCO,60,20230119,170000,41,41.04,40.6,40.84,845247,0
PCO,60,20230120,100000,41.22,41.84,40.5,41.8,386242,0
PCO,60,20230120,110000,41.8,41.94,41.34,41.78,350404,0
PCO,60,20230120,120000,41.72,41.94,41.54,41.72,345660,0
PCO,60,20230120,130000,41.68,42,41.54,41.96,382529,0
PCO,60,20230120,140000,41.98,41.98,41.66,41.8,524090,0
PCO,60,20230120,150000,41.76,42,41.66,41.86,483545,0
PCO,60,20230120,160000,41.86,41.96,41.2,41.24,744378,0
PCO,60,20230120,170000,41.24,41.84,40.52,40.52,4889246,0
PCO,60,20230123,100000,41.08,41.08,40.1,40.68,200623,0
PCO,60,20230123,110000,40.72,40.76,40.48,40.66,73032,0
PCO,60,20230123,120000,40.7,40.92,40.38,40.92,148024,0
PCO,60,20230123,130000,40.88,41.28,40.72,41.28,176205,0
PCO,60,20230123,140000,41.26,41.44,40.96,41.08,204227,0
PCO,60,20230123,150000,41.08,41.1,40.9,40.94,275122,0
PCO,60,20230123,160000,40.9,40.94,40.68,40.88,138073,0
PCO,60,20230123,170000,40.82,41,40.7,40.9,308260,0
PCO,60,20230124,100000,41.2,41.56,40.84,41.46,238525,0
PCO,60,20230124,110000,41.44,41.46,41.02,41.12,340930,0
PCO,60,20230124,120000,41.08,41.12,40.84,40.92,94403,0
PCO,60,20230124,130000,40.9,41.04,40.68,40.98,106334,0
PCO,60,20230124,140000,41,41,40.74,40.82,76040,0
PCO,60,20230124,150000,40.8,40.88,40.5,40.58,96669,0
PCO,60,20230124,160000,40.56,40.58,40.26,40.4,156177,0
PCO,60,20230124,170000,40.42,40.58,40.26,40.46,263088,0
PCO,60,20230125,100000,40.5,41.06,40.5,40.8,64755,0
PCO,60,20230125,110000,40.8,40.84,40.44,40.54,61367,0
PCO,60,20230125,120000,40.44,40.48,40,40.02,71175,0
PCO,60,20230125,130000,40.06,40.38,40,40.38,111202,0
PCO,60,20230125,140000,40.38,40.64,40.28,40.4,101238,0
PCO,60,20230125,150000,40.38,40.44,40.24,40.34,169976,0
PCO,60,20230125,160000,40.32,40.46,40.18,40.24,205032,0
PCO,60,20230125,170000,40.24,40.4,40.2,40.36,297845,0
PCO,60,20230126,100000,41,41,40.48,40.58,45042,0
PCO,60,20230126,110000,40.58,40.64,40.3,40.4,12682,0
PCO,60,20230126,120000,40.5,40.62,40.42,40.5,17628,0
PCO,60,20230126,130000,40.52,40.52,40.18,40.24,19913,0
PCO,60,20230126,140000,40.18,40.3,40.1,40.16,116019,0
PCO,60,20230126,150000,40.16,40.3,39.92,40.3,114690,0
PCO,60,20230126,160000,40.24,40.3,40.12,40.16,69561,0
PCO,60,20230126,170000,40.14,40.64,40.04,40.38,527858,0
PCO,60,20230127,100000,40.6,40.7,40.28,40.54,50124,0
PCO,60,20230127,110000,40.54,40.6,40.36,40.4,58399,0
PCO,60,20230127,120000,40.4,40.56,40.24,40.44,157667,0
PCO,60,20230127,130000,40.54,41.16,40.54,40.9,191917,0
PCO,60,20230127,140000,40.9,40.98,40.78,40.78,108566,0
PCO,60,20230127,150000,40.78,40.9,40.46,40.56,93079,0
PCO,60,20230127,160000,40.56,41.14,40.52,40.88,402119,0
PCO,60,20230127,170000,40.92,40.92,40.7,40.8,451289,0
PCO,60,20230130,100000,41,41.44,40.72,41.38,86331,0
PCO,60,20230130,110000,41.32,41.56,41.2,41.2,115686,0
PCO,60,20230130,120000,41.2,41.38,40.88,40.88,105286,0
PCO,60,20230130,130000,40.98,41.04,40.88,41.02,130700,0
PCO,60,20230130,140000,41.02,41.26,40.94,40.98,85526,0
PCO,60,20230130,150000,40.98,41.22,40.92,41.04,109389,0
PCO,60,20230130,160000,41.02,41.02,40.72,40.88,900701,0
PCO,60,20230130,170000,40.82,40.92,40.66,40.88,227081,0
PCO,60,20230131,100000,40.88,41.26,40.76,41.1,163064,0
PCO,60,20230131,110000,41.26,41.78,41.26,41.56,84749,0
PCO,60,20230131,120000,41.42,41.72,41.32,41.32,173255,0
PCO,60,20230131,130000,41.4,41.5,41.3,41.48,41478,0
PCO,60,20230131,140000,41.48,41.5,41.28,41.46,41712,0
PCO,60,20230131,150000,41.46,42.02,41.4,41.84,545236,0
PCO,60,20230131,160000,41.92,42.12,41.68,41.9,158595,0
PCO,60,20230131,170000,41.9,41.92,41.68,41.88,374581,0
PCO,60,20230201,100000,41.8,42.96,41.8,42.5,235045,0
PCO,60,20230201,110000,42.44,42.46,41.78,42.2,186563,0
PCO,60,20230201,120000,42.2,42.48,42,42.14,83672,0
PCO,60,20230201,130000,42.1,42.24,41.98,42.16,152041,0
PCO,60,20230201,140000,42.14,42.16,41.86,42.06,55575,0
PCO,60,20230201,150000,42.06,42.12,41.9,41.92,87404,0
PCO,60,20230201,160000,42,42.1,41.84,41.94,125409,0
PCO,60,20230201,170000,41.84,42.26,41.84,42.04,336651,0
PCO,60,20230202,100000,42.6,43.6,42.42,43.3,162712,0
PCO,60,20230202,110000,43.3,43.58,42.88,43.16,90635,0
PCO,60,20230202,120000,43.16,43.26,42.72,42.9,51418,0
PCO,60,20230202,130000,42.9,43,42.74,42.9,27697,0
PCO,60,20230202,140000,42.9,43.2,42.78,42.94,81229,0
PCO,60,20230202,150000,42.98,43.1,42.84,43.04,84806,0
PCO,60,20230202,160000,42.98,43.22,42.92,43.08,158638,0
PCO,60,20230202,170000,43.08,43.28,42.9,43,295352,0
PCO,60,20230203,100000,43.2,43.46,42.8,43.4,109616,0
PCO,60,20230203,110000,43.46,43.88,43.24,43.72,172071,0
PCO,60,20230203,120000,43.74,43.8,43.32,43.44,48519,0
PCO,60,20230203,130000,43.46,43.64,43.24,43.42,52944,0
PCO,60,20230203,140000,43.4,43.5,43.36,43.46,165194,0
PCO,60,20230203,150000,43.48,43.58,43.26,43.36,257797,0
PCO,60,20230203,160000,43.36,43.48,43.04,43.26,636227,0
PCO,60,20230203,170000,43.24,43.52,43.12,43.36,129487,0
PCO,60,20230206,100000,43.36,44.14,43.1,44.14,73486,0
PCO,60,20230206,110000,44.16,44.5,43.82,43.92,84725,0
PCO,60,20230206,120000,43.84,43.92,43.42,43.62,43874,0
PCO,60,20230206,130000,43.62,43.62,42.78,43.14,56867,0
PCO,60,20230206,140000,43.14,43.38,43.02,43.24,32034,0
PCO,60,20230206,150000,43.24,43.42,43.22,43.4,30507,0
PCO,60,20230206,160000,43.22,43.46,43.2,43.32,153089,0
PCO,60,20230206,170000,43.32,43.5,43.2,43.38,178273,0
PCO,60,20230207,100000,43.36,43.52,42.8,42.98,98183,0
PCO,60,20230207,110000,43.08,43.6,42.98,43.56,38619,0
PCO,60,20230207,120000,43.64,43.66,43.28,43.38,49278,0
PCO,60,20230207,130000,43.34,43.44,43.32,43.36,25634,0
PCO,60,20230207,140000,43.36,43.62,43.3,43.36,99938,0
PCO,60,20230207,150000,43.34,43.64,43.28,43.64,36317,0
PCO,60,20230207,160000,43.64,43.64,43.28,43.38,53398,0
PCO,60,20230207,170000,43.38,43.52,43.3,43.46,733770,0
PCO,60,20230208,100000,43.86,44.3,43.58,44.2,158312,0
PCO,60,20230208,110000,44.14,44.28,44,44.1,25101,0
PCO,60,20230208,120000,44.06,44.16,43.96,44.16,34891,0
PCO,60,20230208,130000,44.1,44.48,44.1,44.36,68648,0
PCO,60,20230208,140000,44.36,44.68,44.2,44.44,107353,0
PCO,60,20230208,150000,44.44,44.44,44.06,44.06,81944,0
PCO,60,20230208,160000,44.06,44.16,43.8,43.9,135547,0
PCO,60,20230208,170000,43.94,44.12,43.5,43.76,214196,0
PCO,60,20230209,100000,44.14,44.14,43.74,43.74,21530,0
PCO,60,20230209,110000,43.76,43.78,43.6,43.76,65211,0
PCO,60,20230209,120000,43.76,43.88,43.6,43.78,14550,0
PCO,60,20230209,130000,43.68,43.76,43.52,43.58,23660,0
PCO,60,20230209,140000,43.58,43.78,43.26,43.4,24875,0
PCO,60,20230209,150000,43.38,43.58,43.12,43.24,98879,0
PCO,60,20230209,160000,43.12,43.24,43,43.12,89501,0
PCO,60,20230209,170000,43.2,43.32,43.06,43.28,148201,0
PCO,60,20230210,100000,43.5,43.5,42.4,42.7,38427,0
PCO,60,20230210,110000,42.68,42.88,42.5,42.52,35340,0
PCO,60,20230210,120000,42.52,42.76,42.24,42.26,79351,0
PCO,60,20230210,130000,42.36,42.6,42.1,42.52,185852,0
PCO,60,20230210,140000,42.58,42.74,42.3,42.64,404542,0
PCO,60,20230210,150000,42.7,42.8,42.56,42.56,58657,0
PCO,60,20230210,160000,42.56,42.86,42.5,42.78,71812,0
PCO,60,20230210,170000,42.78,42.84,42.58,42.6,172958,0
PCO,60,20230213,100000,42.56,43.46,42.52,43.12,49911,0
PCO,60,20230213,110000,43.12,43.12,42.68,42.68,14677,0
PCO,60,20230213,120000,42.7,43.12,42.62,43.12,85907,0
PCO,60,20230213,130000,43,43.5,43,43.3,20148,0
PCO,60,20230213,140000,43.3,43.66,43.1,43.28,26600,0
PCO,60,20230213,150000,43.2,43.44,43.14,43.16,65964,0
PCO,60,20230213,160000,43.12,43.18,42.94,43.16,40867,0
PCO,60,20230213,170000,43.18,43.34,43,43.1,318412,0
PCO,60,20230214,100000,43.34,43.58,42.8,43.06,21621,0
PCO,60,20230214,110000,42.96,42.96,42.54,42.72,13877,0
PCO,60,20230214,120000,42.64,42.84,42.5,42.76,35049,0
PCO,60,20230214,130000,42.76,42.96,42.52,42.84,37778,0
PCO,60,20230214,140000,42.82,43.38,42.82,43.2,54600,0
PCO,60,20230214,150000,43.22,43.22,42.54,42.7,57319,0
PCO,60,20230214,160000,42.7,43.02,42.7,42.96,129912,0
PCO,60,20230214,170000,42.98,43.04,42.4,42.66,110840,0
PCO,60,20230215,100000,42.88,43.2,42,43.2,81875,0
PCO,60,20230215,110000,43.2,43.24,42.94,43.14,125952,0
PCO,60,20230215,120000,43.2,43.22,43.04,43.1,142358,0
PCO,60,20230215,130000,43.12,43.62,43,43.48,392486,0
PCO,60,20230215,140000,43.48,43.66,43.38,43.44,48229,0
PCO,60,20230215,150000,43.44,43.66,43.4,43.54,64538,0
PCO,60,20230215,160000,43.54,43.6,43.24,43.24,53823,0
PCO,60,20230215,170000,43.38,43.42,43.1,43.4,165688,0
PCO,60,20230216,100000,43.84,43.96,43.58,43.86,12785,0
PCO,60,20230216,110000,43.86,43.86,43.44,43.54,19272,0
PCO,60,20230216,120000,43.54,43.64,43.4,43.4,21018,0
PCO,60,20230216,130000,43.46,43.5,43.24,43.5,16582,0
PCO,60,20230216,140000,43.44,43.68,43.3,43.56,28431,0
PCO,60,20230216,150000,43.5,43.62,43.3,43.5,63443,0
PCO,60,20230216,160000,43.5,43.66,43.42,43.58,55110,0
PCO,60,20230216,170000,43.54,43.84,43.5,43.58,79348,0
PCO,60,20230217,100000,43.98,43.98,43.24,43.5,58467,0
PCO,60,20230217,110000,43.5,43.7,43.24,43.28,80852,0
PCO,60,20230217,120000,43.28,43.42,42.94,43.12,19361,0
PCO,60,20230217,130000,43.18,43.5,43,43.32,79415,0
PCO,60,20230217,140000,43.24,43.78,43.24,43.58,47591,0
PCO,60,20230217,150000,43.58,43.7,43.44,43.66,31113,0
PCO,60,20230217,160000,43.6,43.78,43.6,43.7,34706,0
PCO,60,20230217,170000,43.7,43.8,43.46,43.62,92491,0
PCO,60,20230220,100000,43.5,43.84,43.5,43.68,10701,0
PCO,60,20230220,110000,43.62,43.76,43.38,43.38,12849,0
PCO,60,20230220,120000,43.42,43.54,43.3,43.52,20573,0
PCO,60,20230220,130000,43.44,43.64,43.44,43.46,67788,0
PCO,60,20230220,140000,43.48,43.68,43.48,43.6,20549,0
PCO,60,20230220,150000,43.68,43.8,43.62,43.76,33297,0
PCO,60,20230220,160000,43.76,43.8,43.66,43.68,53540,0
PCO,60,20230220,170000,43.74,43.76,43.44,43.58,81344,0
PCO,60,20230221,100000,43.62,43.7,43.06,43.22,12372,0
PCO,60,20230221,110000,43.04,43.3,42.88,43.3,32610,0
PCO,60,20230221,120000,43.2,43.2,42.7,42.72,27434,0
PCO,60,20230221,130000,42.8,43.02,42.78,42.88,15044,0
PCO,60,20230221,140000,42.88,42.88,42.52,42.52,17967,0
PCO,60,20230221,150000,42.58,42.88,42.52,42.6,95801,0
PCO,60,20230221,160000,42.6,42.66,42.5,42.6,80217,0
PCO,60,20230221,170000,42.6,42.9,42.54,42.76,151108,0
PCO,60,20230222,100000,42.62,42.9,42.38,42.58,50512,0
PCO,60,20230222,110000,42.58,42.94,42.52,42.84,34458,0
PCO,60,20230222,120000,42.9,43.06,42.76,43.04,51017,0
PCO,60,20230222,130000,43.02,43.18,42.68,42.7,40165,0
PCO,60,20230222,140000,42.68,43.06,42.66,42.84,50698,0
PCO,60,20230222,150000,42.86,43.04,42.8,43.02,23977,0
PCO,60,20230222,160000,43.04,43.32,43.04,43.18,56136,0
PCO,60,20230222,170000,43.14,43.14,42.84,42.98,103153,0
PCO,60,20230223,100000,43.36,43.54,43.14,43.2,177430,0
PCO,60,20230223,110000,43.2,43.44,43.2,43.42,7538,0
PCO,60,20230223,120000,43.36,43.46,43.24,43.34,6296,0
PCO,60,20230223,130000,43.42,43.5,43.3,43.4,17825,0
PCO,60,20230223,140000,43.4,43.48,43.36,43.44,5601,0
PCO,60,20230223,150000,43.44,43.46,43.18,43.46,25246,0
PCO,60,20230223,160000,43.44,43.56,43.34,43.36,87584,0
PCO,60,20230223,170000,43.3,43.44,43.14,43.34,106442,0
PCO,60,20230224,100000,43.72,43.72,43.06,43.5,25849,0
PCO,60,20230224,110000,43.56,43.7,43.32,43.58,29242,0
PCO,60,20230224,120000,43.5,43.66,43.4,43.48,6566,0
PCO,60,20230224,130000,43.38,43.6,43.1,43.24,84993,0
PCO,60,20230224,140000,43.28,43.42,43.18,43.38,18361,0
PCO,60,20230224,150000,43.3,43.42,42.92,42.92,17764,0
PCO,60,20230224,160000,43.1,43.42,42.92,43.4,110984,0
PCO,60,20230224,170000,43.38,43.66,43.36,43.5,167729,0
PCO,60,20230227,100000,43.5,43.62,43.12,43.62,15278,0
PCO,60,20230227,110000,43.62,44.24,43.58,44.2,44143,0
PCO,60,20230227,120000,44.16,44.3,44.08,44.16,12706,0
PCO,60,20230227,130000,44.14,44.38,44.06,44.06,19809,0
PCO,60,20230227,140000,44.06,44.46,44.02,44.3,42283,0
PCO,60,20230227,150000,44.26,44.28,43.84,44,49926,0
PCO,60,20230227,160000,43.96,44.24,43.82,44.08,86043,0
PCO,60,20230227,170000,44.06,44.28,44,44,259836,0
PCO,60,20230228,100000,44.34,44.4,43.96,44.36,25725,0
PCO,60,20230228,110000,44.36,44.4,44.16,44.26,27287,0
PCO,60,20230228,120000,44.26,44.68,44.2,44.2,75768,0
PCO,60,20230228,130000,44.2,44.46,43.86,44.12,188871,0
PCO,60,20230228,140000,44.04,44.14,43.62,43.66,114400,0
PCO,60,20230228,150000,43.68,43.88,43.54,43.54,72629,0
PCO,60,20230228,160000,43.52,43.86,43.38,43.86,315940,0
PCO,60,20230228,170000,43.82,44.06,43.36,44.06,1449951,0
PCO,60,20230301,100000,44.16,44.16,43.5,43.7,17362,0
PCO,60,20230301,110000,43.7,43.7,43.34,43.62,10788,0
PCO,60,20230301,120000,43.62,43.94,43.58,43.88,17336,0
PCO,60,20230301,130000,43.9,43.98,43.8,43.8,9198,0
PCO,60,20230301,140000,43.72,43.96,43.72,43.94,5583,0
PCO,60,20230301,150000,43.94,44.04,43.6,43.76,33691,0
PCO,60,20230301,160000,43.76,43.96,43.74,43.84,41685,0
PCO,60,20230301,170000,43.9,43.98,43.72,43.9,228195,0
PCO,60,20230302,100000,44,44,43.52,43.78,6217,0
PCO,60,20230302,110000,43.66,43.72,43.28,43.36,12531,0
PCO,60,20230302,120000,43.28,43.42,43.16,43.28,19158,0
PCO,60,20230302,130000,43.24,43.28,42.9,42.98,24168,0
PCO,60,20230302,140000,42.98,43.04,42.72,42.88,36474,0
PCO,60,20230302,150000,42.9,42.9,42.64,42.78,24117,0
PCO,60,20230302,160000,42.76,43.1,42.7,42.98,29948,0
PCO,60,20230302,170000,42.94,43.08,42.74,42.78,104773,0
PCO,60,20230303,100000,42.98,43.04,42.74,42.86,62769,0
PCO,60,20230303,110000,42.88,43.04,42.74,42.88,31190,0
PCO,60,20230303,120000,42.9,42.9,42.74,42.8,13044,0
PCO,60,20230303,130000,42.82,43,42.8,42.92,21522,0
PCO,60,20230303,140000,42.9,42.96,42.76,42.78,14227,0
PCO,60,20230303,150000,42.8,42.96,42.74,42.88,96300,0
PCO,60,20230303,160000,42.86,43.04,42.86,43,45486,0
PCO,60,20230303,170000,43,43,42.84,42.84,117582,0
PCO,60,20230306,100000,43.42,43.68,43.1,43.68,26867,0
PCO,60,20230306,110000,43.66,44.04,43.58,43.88,60809,0
PCO,60,20230306,120000,43.96,44.02,43.78,43.9,22964,0
PCO,60,20230306,130000,43.88,44.08,43.68,43.76,19069,0
PCO,60,20230306,140000,43.78,43.84,43.68,43.7,38109,0
PCO,60,20230306,150000,43.68,43.86,43.58,43.76,48869,0
PCO,60,20230306,160000,43.76,43.78,43.4,43.5,51046,0
PCO,60,20230306,170000,43.52,43.88,43.44,43.52,114219,0
PCO,60,20230307,100000,44,44,43.22,43.6,21486,0
PCO,60,20230307,110000,43.54,44.04,43.54,43.92,23852,0
PCO,60,20230307,120000,43.9,43.96,43.56,43.88,27294,0
PCO,60,20230307,130000,43.78,43.88,43.6,43.76,16617,0
PCO,60,20230307,140000,43.72,43.88,43.68,43.8,15852,0
PCO,60,20230307,150000,43.8,43.94,43.74,43.76,53230,0
PCO,60,20230307,160000,43.86,43.86,43.5,43.84,57219,0
PCO,60,20230307,170000,43.76,43.76,43.36,43.46,98089,0
PCO,60,20230308,100000,43.96,43.96,43.36,43.58,8083,0
PCO,60,20230308,110000,43.64,43.64,43.26,43.58,17467,0
PCO,60,20230308,120000,43.48,43.78,43.48,43.62,17249,0
PCO,60,20230308,130000,43.58,43.78,43.48,43.66,15914,0
PCO,60,20230308,140000,43.6,43.72,43.6,43.6,8407,0
PCO,60,20230308,150000,43.66,43.76,43.52,43.6,26159,0
PCO,60,20230308,160000,43.6,43.6,43.38,43.42,29726,0
PCO,60,20230308,170000,43.4,43.5,43.24,43.4,90873,0
PCO,60,20230309,100000,43.4,43.4,42.86,42.9,15998,0
PCO,60,20230309,110000,42.9,42.96,42.62,42.62,18630,0
PCO,60,20230309,120000,42.62,42.8,42.62,42.74,16842,0
PCO,60,20230309,130000,42.76,42.9,42.64,42.9,14696,0
PCO,60,20230309,140000,42.92,43.02,42.74,42.74,9954,0
PCO,60,20230309,150000,42.78,42.98,42.66,42.84,27686,0
PCO,60,20230309,160000,42.8,43.06,42.76,42.8,31902,0
PCO,60,20230309,170000,42.8,43.06,42.74,42.76,202093,0
PCO,60,20230310,100000,42.4,42.4,41.7,41.96,67039,0
PCO,60,20230310,110000,41.94,42.16,41.88,41.9,39951,0
PCO,60,20230310,120000,41.84,42.24,41.8,42.06,21907,0
PCO,60,20230310,130000,42.08,42.18,41.88,41.96,68704,0
PCO,60,20230310,140000,41.84,42.04,41.78,41.96,32692,0
PCO,60,20230310,150000,41.88,42.04,41.8,41.82,75387,0
PCO,60,20230310,160000,41.8,41.82,41.42,41.74,90846,0
PCO,60,20230310,170000,41.82,42.2,41.8,42.14,122248,0
PCO,60,20230313,100000,42.3,42.4,40.76,41.12,39745,0
PCO,60,20230313,110000,41.12,41.12,40.62,40.78,47081,0
PCO,60,20230313,120000,40.8,41.42,40.74,41.42,55461,0
PCO,60,20230313,130000,41.42,41.6,41.1,41.18,70605,0
PCO,60,20230313,140000,41.12,41.4,41.1,41.18,72229,0
PCO,60,20230313,150000,41.18,41.3,41,41.18,173397,0
PCO,60,20230313,160000,41.16,41.44,41,41.28,124732,0
PCO,60,20230313,170000,41.32,41.32,40.94,41.08,165746,0
PCO,60,20230314,100000,41.12,41.8,41,41.74,66692,0
PCO,60,20230314,110000,41.62,42.14,41.42,42.14,143364,0
PCO,60,20230314,120000,42.14,42.16,41.78,41.92,225141,0
PCO,60,20230314,130000,41.96,42.38,41.96,42.1,75167,0
PCO,60,20230314,140000,42.1,42.46,42,42.3,97372,0
PCO,60,20230314,150000,42.24,42.42,42.14,42.38,77447,0
PCO,60,20230314,160000,42.38,42.46,42.02,42.02,122401,0
PCO,60,20230314,170000,42.02,42.36,42.02,42.14,197949,0
PCO,60,20230315,100000,42.34,42.34,41.64,41.8,34110,0
PCO,60,20230315,110000,41.8,42,41.46,41.64,44896,0
PCO,60,20230315,120000,41.68,41.8,41.44,41.54,65907,0
PCO,60,20230315,130000,41.54,42.02,41.54,41.88,146386,0
PCO,60,20230315,140000,41.86,41.98,41.74,41.82,476360,0
PCO,60,20230315,150000,41.84,41.88,41.44,41.44,255294,0
PCO,60,20230315,160000,41.44,41.68,41.14,41.38,164216,0
PCO,60,20230315,170000,41.44,41.56,41.18,41.3,222261,0
PCO,60,20230316,100000,41.12,41.68,40.68,40.68,30744,0
PCO,60,20230316,110000,40.76,40.78,40.44,40.68,55689,0
PCO,60,20230316,120000,40.74,40.76,40.46,40.52,27937,0
PCO,60,20230316,130000,40.56,40.56,40.1,40.34,51850,0
PCO,60,20230316,140000,40.28,40.28,39.96,40.2,54417,0
PCO,60,20230316,150000,40.22,40.64,40.18,40.56,172376,0
PCO,60,20230316,160000,40.58,41.06,40.5,41.06,154553,0
PCO,60,20230316,170000,41.04,41.34,40.88,41.2,152311,0
PCO,60,20230317,100000,41.16,41.7,41.02,41.1,28613,0
PCO,60,20230317,110000,41.12,41.18,40.8,41.02,31396,0
PCO,60,20230317,120000,40.86,40.98,40.76,40.86,18869,0
PCO,60,20230317,130000,40.86,40.86,40.42,40.66,21359,0
PCO,60,20230317,140000,40.58,40.7,40.4,40.54,24218,0
PCO,60,20230317,150000,40.6,41,40.48,40.82,42224,0
PCO,60,20230317,160000,40.52,40.96,40.02,40.08,78277,0
PCO,60,20230317,170000,40.26,40.3,39.74,40.14,521111,0
PCO,60,20230320,100000,39.4,39.56,38.8,39.54,50411,0
PCO,60,20230320,110000,39.54,40.16,39.54,40.16,54232,0
PCO,60,20230320,120000,40.12,40.3,39.94,40.28,32591,0
PCO,60,20230320,130000,40.2,40.26,39.96,40.18,41921,0
PCO,60,20230320,140000,40.18,40.4,39.98,40.36,43071,0
PCO,60,20230320,150000,40.36,40.42,39.96,40.2,61481,0
PCO,60,20230320,160000,40.2,40.2,39.98,40.16,131875,0
PCO,60,20230320,170000,40.18,40.4,40.16,40.4,128088,0
PCO,60,20230321,100000,40.22,41.08,40.22,40.84,15797,0
PCO,60,20230321,110000,40.84,41.26,40.76,41.26,28150,0
PCO,60,20230321,120000,41.26,41.48,41.12,41.48,55699,0
PCO,60,20230321,130000,41.44,41.5,41.34,41.36,20723,0
PCO,60,20230321,140000,41.34,41.5,41.22,41.22,24945,0
PCO,60,20230321,150000,41.22,41.34,41,41.2,35561,0
PCO,60,20230321,160000,41.26,41.26,40.9,41.02,60128,0
PCO,60,20230321,170000,40.96,41.2,40.72,41,77546,0
PCO,60,20230322,100000,41.46,41.48,41.04,41.24,12597,0
PCO,60,20230322,110000,41.22,41.34,41.14,41.24,8237,0
PCO,60,20230322,120000,41.24,41.64,41.18,41.64,11934,0
PCO,60,20230322,130000,41.56,41.6,41.4,41.4,16975,0
PCO,60,20230322,140000,41.46,41.46,41.3,41.46,16795,0
PCO,60,20230322,150000,41.48,41.62,41.44,41.58,29622,0
PCO,60,20230322,160000,41.54,41.64,41.52,41.62,32128,0
PCO,60,20230322,170000,41.62,41.64,41.38,41.4,138723,0
PCO,60,20230323,100000,41.9,42.1,41.76,41.98,126840,0
PCO,60,20230323,110000,41.88,41.9,41.72,41.8,14382,0
PCO,60,20230323,120000,41.78,41.84,41.58,41.8,15046,0
PCO,60,20230323,130000,41.78,41.92,41.66,41.9,20116,0
PCO,60,20230323,140000,41.84,41.9,41.34,41.44,33551,0
PCO,60,20230323,150000,41.46,41.46,41.18,41.28,46230,0
PCO,60,20230323,160000,41.26,41.74,41.26,41.7,53234,0
PCO,60,20230323,170000,41.64,41.9,41.6,41.8,132449,0
PCO,60,20230324,100000,41.5,42,40.84,41.12,46187,0
PCO,60,20230324,110000,41.12,41.36,40.84,40.96,27935,0
PCO,60,20230324,120000,40.9,41.56,40.9,41.46,23725,0
PCO,60,20230324,130000,41.44,41.84,41.38,41.52,49053,0
PCO,60,20230324,140000,41.5,41.56,41.3,41.44,53960,0
PCO,60,20230324,150000,41.44,41.46,41.26,41.38,90908,0
PCO,60,20230324,160000,41.42,41.66,41.38,41.44,59540,0
PCO,60,20230324,170000,41.48,41.5,41.3,41.34,181860,0
PCO,60,20230327,100000,42.3,42.3,41.2,41.26,11445,0
PCO,60,20230327,110000,41.32,41.52,41.22,41.32,10569,0
PCO,60,20230327,120000,41.32,41.54,41.32,41.54,9545,0
PCO,60,20230327,130000,41.44,41.66,41.36,41.52,13248,0
PCO,60,20230327,140000,41.52,41.66,41.42,41.66,7519,0
PCO,60,20230327,150000,41.68,41.76,41.64,41.7,7633,0
PCO,60,20230327,160000,41.64,41.64,41.34,41.4,50343,0
PCO,60,20230327,170000,41.34,41.5,41.3,41.3,96537,0
PCO,60,20230328,100000,41.1,42.22,41.1,42,91743,0
PCO,60,20230328,110000,42,42.1,41.86,42,33474,0
PCO,60,20230328,120000,42,42.04,41.44,41.56,49848,0
PCO,60,20230328,130000,41.56,41.76,41.38,41.6,21342,0
PCO,60,20230328,140000,41.58,41.64,41.5,41.5,24131,0
PCO,60,20230328,150000,41.5,41.52,40.86,41,56448,0
PCO,60,20230328,160000,41,41.38,40.76,41.38,175682,0
PCO,60,20230328,170000,41.44,41.54,40.98,41.24,260003,0
PCO,60,20230329,100000,42.16,42.2,41.24,41.4,38155,0
PCO,60,20230329,110000,41.3,41.44,41.2,41.44,14779,0
PCO,60,20230329,120000,41.44,41.96,41.42,41.8,20400,0
PCO,60,20230329,130000,41.82,41.92,41.82,41.82,6474,0
PCO,60,20230329,140000,41.84,41.84,41.4,41.5,40539,0
PCO,60,20230329,150000,41.52,41.78,41.5,41.74,277373,0
PCO,60,20230329,160000,41.7,41.84,41.62,41.62,35596,0
PCO,60,20230329,170000,41.58,42,41.58,41.68,142834,0
PCO,60,20230330,100000,41.3,42.4,41.3,42.34,32715,0
PCO,60,20230330,110000,42.24,42.38,42.2,42.24,14553,0
PCO,60,20230330,120000,42.26,42.26,42.06,42.22,12673,0
PCO,60,20230330,130000,42.22,42.44,42.18,42.3,20212,0
PCO,60,20230330,140000,42.32,42.4,42.18,42.36,302849,0
PCO,60,20230330,150000,42.34,42.34,41.54,41.56,52979,0
PCO,60,20230330,160000,41.6,41.92,41.32,41.86,44457,0
PCO,60,20230330,170000,41.88,41.88,41.5,41.86,144233,0
PCO,60,20230331,100000,42.36,42.36,41.8,42.2,20413,0
PCO,60,20230331,110000,42.2,42.24,41.8,41.92,33096,0
PCO,60,20230331,120000,42,42.12,41.92,41.96,26076,0
PCO,60,20230331,130000,42,42.04,41.9,41.9,17718,0
PCO,60,20230331,140000,41.86,42,41.78,41.94,32512,0
PCO,60,20230331,150000,41.94,41.96,41.8,41.9,18209,0
PCO,60,20230331,160000,41.94,41.98,41.6,41.64,44770,0
PCO,60,20230331,170000,41.64,41.64,41.32,41.5,284523,0
PCO,60,20230403,100000,41.9,42.26,41.62,42.24,15752,0
PCO,60,20230403,110000,42.12,42.16,41.88,42,11984,0
PCO,60,20230403,120000,42,42.04,41.78,41.78,16527,0
PCO,60,20230403,130000,41.78,41.92,41.68,41.74,14346,0
PCO,60,20230403,140000,41.74,41.74,41.34,41.6,16736,0
PCO,60,20230403,150000,41.62,41.62,41.24,41.3,31488,0
PCO,60,20230403,160000,41.42,41.52,41.24,41.52,18802,0
PCO,60,20230403,170000,41.5,41.5,41.22,41.26,74488,0
PCO,60,20230404,100000,41.76,41.76,40.66,40.8,29209,0
PCO,60,20230404,110000,40.74,40.92,40.3,40.38,21964,0
PCO,60,20230404,120000,40.3,40.6,40.28,40.52,9789,0
PCO,60,20230404,130000,40.52,40.92,40.42,40.76,9926,0
PCO,60,20230404,140000,40.8,40.98,40.76,40.94,6993,0
PCO,60,20230404,150000,40.88,40.88,40.82,40.84,5444,0
PCO,60,20230404,160000,40.84,40.88,40.66,40.84,21079,0
PCO,60,20230404,170000,40.8,41.02,40.7,40.9,58323,0
PCO,60,20230405,100000,41.42,41.42,40.48,40.54,11477,0
PCO,60,20230405,110000,40.5,40.56,40.4,40.52,5278,0
PCO,60,20230405,120000,40.6,40.6,40.4,40.54,3719,0
PCO,60,20230405,130000,40.5,40.8,40.48,40.62,9498,0
PCO,60,20230405,140000,40.64,40.72,40.52,40.7,17049,0
PCO,60,20230405,150000,40.68,40.7,40.34,40.4,45434,0
PCO,60,20230405,160000,40.38,40.48,40.32,40.38,64359,0
PCO,60,20230405,170000,40.44,40.44,40.06,40.16,97959,0
PCO,60,20230406,100000,40.5,40.5,40.18,40.3,8439,0
PCO,60,20230406,110000,40.26,40.36,40.22,40.26,7785,0
PCO,60,20230406,120000,40.26,40.26,39.96,40.08,9497,0
PCO,60,20230406,130000,40.04,40.1,40.02,40.06,6000,0
PCO,60,20230406,140000,40.06,40.2,40,40.06,7000,0
PCO,60,20230406,150000,40.1,40.1,39.98,40.04,13684,0
PCO,60,20230406,160000,40.04,40.14,39.94,40.14,20982,0
PCO,60,20230406,170000,40.22,40.28,39.96,40.04,93034,0
PCO,60,20230411,100000,40.38,40.46,40,40.38,33626,0
PCO,60,20230411,110000,40.38,40.9,40.34,40.8,19950,0
PCO,60,20230411,120000,40.8,41,40.7,41,14140,0
PCO,60,20230411,130000,41.02,41.22,40.92,41.02,25171,0
PCO,60,20230411,140000,41.06,41.08,40.84,40.84,20570,0
PCO,60,20230411,150000,40.84,40.92,40.62,40.7,24945,0
PCO,60,20230411,160000,40.7,40.7,40.4,40.46,30314,0
PCO,60,20230411,170000,40.48,40.48,40.18,40.3,133165,0
PCO,60,20230412,100000,41.18,41.18,40.4,40.8,83907,0
PCO,60,20230412,110000,40.78,40.8,40.42,40.54,31448,0
PCO,60,20230412,120000,40.5,40.66,40.48,40.56,27278,0
PCO,60,20230412,130000,40.62,40.7,40.48,40.52,55452,0
PCO,60,20230412,140000,40.5,40.6,40.5,40.54,33836,0
PCO,60,20230412,150000,40.6,41.04,40.56,41.02,167854,0
PCO,60,20230412,160000,40.96,40.98,40.6,40.8,125105,0
PCO,60,20230412,170000,40.8,40.82,40.7,40.82,233579,0
PCO,60,20230413,100000,41.28,41.28,40.66,40.68,9896,0
PCO,60,20230413,110000,40.72,41.08,40.66,40.96,40335,0
PCO,60,20230413,120000,40.94,41,40.72,40.86,43872,0
PCO,60,20230413,130000,40.84,41.1,40.82,41.04,24848,0
PCO,60,20230413,140000,41,41.1,40.9,40.96,47680,0
PCO,60,20230413,150000,40.9,41.1,40.82,40.96,61341,0
PCO,60,20230413,160000,40.96,40.98,40.64,40.7,63823,0
PCO,60,20230413,170000,40.7,40.86,40.62,40.62,178180,0
PCO,60,20230414,100000,40.7,40.98,40.7,40.9,6232,0
PCO,60,20230414,110000,40.96,41.08,40.7,40.76,20231,0
PCO,60,20230414,120000,40.74,40.74,40.34,40.38,18883,0
PCO,60,20230414,130000,40.36,40.42,40.06,40.14,37167,0
PCO,60,20230414,140000,40.1,40.2,39.9,39.9,41085,0
PCO,60,20230414,150000,39.9,40,39.5,39.66,117482,0
PCO,60,20230414,160000,39.64,39.84,39.6,39.84,48856,0
PCO,60,20230414,170000,39.82,39.9,39.64,39.78,77869,0
PCO,60,20230417,100000,40.2,40.2,39.52,39.58,23847,0
PCO,60,20230417,110000,39.58,39.58,39.08,39.08,42153,0
PCO,60,20230417,120000,39.06,39.42,38.92,39.38,76704,0
PCO,60,20230417,130000,39.42,39.7,39.38,39.7,39452,0
PCO,60,20230417,140000,39.68,39.9,39.68,39.88,27808,0
PCO,60,20230417,150000,39.84,39.88,39.64,39.76,52630,0
PCO,60,20230417,160000,39.76,39.84,39.64,39.76,53004,0
PCO,60,20230417,170000,39.76,39.78,39.58,39.64,109849,0
PCO,60,20230418,100000,39.8,39.8,39.44,39.6,14396,0
PCO,60,20230418,110000,39.64,40.46,39.6,40.26,46507,0
PCO,60,20230418,120000,40.28,40.38,40.18,40.26,33950,0
PCO,60,20230418,130000,40.26,40.44,40.2,40.44,38524,0
PCO,60,20230418,140000,40.44,40.64,40.36,40.48,42447,0
PCO,60,20230418,150000,40.52,40.62,40.42,40.5,25245,0
PCO,60,20230418,160000,40.46,40.64,40.26,40.28,78657,0
PCO,60,20230418,170000,40.28,40.3,39.94,40.16,142583,0
PCO,60,20230419,100000,39.92,39.94,39.66,39.76,6351,0
PCO,60,20230419,110000,39.72,39.72,39.5,39.66,10485,0
PCO,60,20230419,120000,39.66,39.66,39.48,39.6,9807,0
PCO,60,20230419,130000,39.52,39.88,39.52,39.88,9252,0
PCO,60,20230419,140000,39.88,40.14,39.82,39.86,21651,0
PCO,60,20230419,150000,39.84,39.98,39.7,39.76,37979,0
PCO,60,20230419,160000,39.78,39.84,39.64,39.66,23737,0
PCO,60,20230419,170000,39.68,39.72,39.52,39.68,165543,0
PCO,60,20230420,100000,40.22,40.86,40.18,40.86,49903,0
PCO,60,20230420,110000,40.86,40.9,40.64,40.86,24081,0
PCO,60,20230420,120000,40.88,40.88,40.52,40.56,40375,0
PCO,60,20230420,130000,40.54,40.7,40.36,40.7,23848,0
PCO,60,20230420,140000,40.72,40.88,40.68,40.82,57527,0
PCO,60,20230420,150000,40.82,40.92,40.68,40.72,76778,0
PCO,60,20230420,160000,40.7,40.74,40.36,40.5,39199,0
PCO,60,20230420,170000,40.5,40.58,40.28,40.28,380180,0
PCO,60,20230421,100000,40,40.52,40,40.06,121138,0
PCO,60,20230421,110000,40.08,40.66,40.02,40.62,54771,0
PCO,60,20230421,120000,40.54,40.66,40.44,40.54,48409,0
PCO,60,20230421,130000,40.54,40.74,40.5,40.72,32172,0
PCO,60,20230421,140000,40.74,40.86,40.36,40.44,166845,0
PCO,60,20230421,150000,40.48,40.54,40.04,40.12,137953,0
PCO,60,20230421,160000,40.14,40.42,40.12,40.3,147664,0
PCO,60,20230421,170000,40.3,40.4,40.14,40.4,190703,0
PCO,60,20230424,100000,40.8,40.8,40.08,40.42,6324,0
PCO,60,20230424,110000,40.48,40.64,40.4,40.58,11563,0
PCO,60,20230424,120000,40.58,40.66,40.52,40.64,11126,0
PCO,60,20230424,130000,40.58,40.68,40.58,40.58,4638,0
PCO,60,20230424,140000,40.6,40.78,40.58,40.58,13154,0
PCO,60,20230424,150000,40.58,40.64,40.54,40.58,6886,0
PCO,60,20230424,160000,40.56,40.88,40.52,40.7,26545,0
PCO,60,20230424,170000,40.66,40.8,40.5,40.58,77870,0
PCO,60,20230425,100000,40.78,40.94,40.42,40.66,9679,0
PCO,60,20230425,110000,40.66,40.66,40.5,40.5,3484,0
PCO,60,20230425,120000,40.56,40.72,40.42,40.68,36476,0
PCO,60,20230425,130000,40.66,40.76,40.6,40.66,15518,0
PCO,60,20230425,140000,40.74,40.74,40.6,40.6,15969,0
PCO,60,20230425,150000,40.6,40.66,40.6,40.6,28791,0
PCO,60,20230425,160000,40.64,40.66,40.36,40.38,68852,0
PCO,60,20230425,170000,40.46,40.62,40.3,40.3,108851,0
PCO,60,20230426,100000,40.76,40.78,40.3,40.42,18930,0
PCO,60,20230426,110000,40.5,40.7,40.4,40.66,31322,0
PCO,60,20230426,120000,40.7,40.72,40.4,40.48,33332,0
PCO,60,20230426,130000,40.48,40.7,40.42,40.6,28796,0
PCO,60,20230426,140000,40.6,40.66,40.46,40.46,27016,0
PCO,60,20230426,150000,40.46,40.58,40.34,40.48,49155,0
PCO,60,20230426,160000,40.44,40.66,40.4,40.42,127528,0
PCO,60,20230426,170000,40.4,40.42,39.84,39.94,256320,0
PCO,60,20230427,100000,40.1,40.3,39.86,40.1,14263,0
PCO,60,20230427,110000,40.1,40.32,40,40,46359,0
PCO,60,20230427,120000,40.02,40.14,39.96,40.12,13383,0
PCO,60,20230427,130000,40.12,40.2,39.94,39.96,28170,0
PCO,60,20230427,140000,39.96,40.04,39.92,40,15067,0
PCO,60,20230427,150000,40.02,40.1,39.9,40,76074,0
PCO,60,20230427,160000,39.98,40.18,39.92,39.98,88276,0
PCO,60,20230427,170000,39.98,40.14,39.84,40,270009,0
PCO,60,20230428,100000,40.3,40.3,39.92,40.22,9785,0
PCO,60,20230428,110000,40.2,40.32,39.7,39.84,39883,0
PCO,60,20230428,120000,39.84,40.16,39.72,40.08,33166,0
PCO,60,20230428,130000,40.1,40.4,40.1,40.32,44551,0
PCO,60,20230428,140000,40.32,40.36,39.96,40.12,100480,0
PCO,60,20230428,150000,40.08,40.1,39.92,39.96,76032,0
PCO,60,20230428,160000,39.98,40.04,39.88,40,107484,0
PCO,60,20230428,170000,40,40,39.72,39.88,165086,0
PCO,60,20230502,100000,40.36,40.5,40.04,40.2,48034,0
PCO,60,20230502,110000,40.1,40.26,40,40.04,28910,0
PCO,60,20230502,120000,39.92,40.1,39.92,40.02,25122,0
PCO,60,20230502,130000,40.02,40.08,39.98,40,9733,0
PCO,60,20230502,140000,40.04,40.04,39.94,39.96,7804,0
PCO,60,20230502,150000,39.96,40.08,39.76,40.04,28903,0
PCO,60,20230502,160000,40.1,40.1,39.88,39.96,56859,0
PCO,60,20230502,170000,39.94,39.94,39.52,39.68,96232,0
PCO,60,20230504,100000,40.38,40.64,39.74,40.28,56024,0
PCO,60,20230504,110000,40.34,40.46,40.12,40.12,39722,0
PCO,60,20230504,120000,40.12,40.12,39.76,39.84,14416,0
PCO,60,20230504,130000,39.78,39.9,39.52,39.6,20446,0
PCO,60,20230504,140000,39.54,39.6,39.5,39.6,13822,0
PCO,60,20230504,150000,39.58,39.86,39.56,39.64,77028,0
PCO,60,20230504,160000,39.64,39.9,39.62,39.76,31647,0
PCO,60,20230504,170000,39.72,39.76,39.26,39.32,68761,0
PCO,60,20230505,100000,39.32,39.9,39.2,39.5,108750,0
PCO,60,20230505,110000,39.44,39.62,39.34,39.46,26052,0
PCO,60,20230505,120000,39.4,39.4,39.18,39.4,16845,0
PCO,60,20230505,130000,39.36,39.46,39.28,39.28,13048,0
PCO,60,20230505,140000,39.34,39.44,39.34,39.4,22227,0
PCO,60,20230505,150000,39.4,39.8,39.4,39.78,101456,0
PCO,60,20230505,160000,39.86,40.1,39.82,39.88,46147,0
PCO,60,20230505,170000,39.92,40,39.8,39.8,87245,0
PCO,60,20230508,100000,40.2,40.2,39.8,39.94,11385,0
PCO,60,20230508,110000,39.88,39.92,39.82,39.82,2694,0
PCO,60,20230508,120000,39.82,39.88,39.72,39.88,20161,0
PCO,60,20230508,130000,39.88,40,39.84,39.98,11380,0
PCO,60,20230508,140000,39.98,40.04,39.86,39.9,23737,0
PCO,60,20230508,150000,39.9,40,39.8,39.8,15169,0
PCO,60,20230508,160000,39.76,39.82,39.6,39.64,23957,0
PCO,60,20230508,170000,39.66,39.8,39.54,39.64,38635,0
PCO,60,20230509,100000,39.5,39.78,39.4,39.78,9244,0
PCO,60,20230509,110000,39.84,39.96,39.76,39.76,5870,0
PCO,60,20230509,120000,39.84,40,39.76,39.86,5425,0
PCO,60,20230509,130000,39.86,40.02,39.86,39.98,20555,0
PCO,60,20230509,140000,40,40,39.82,39.82,15496,0
PCO,60,20230509,150000,39.88,39.9,39.74,39.84,16694,0
PCO,60,20230509,160000,39.9,40.36,39.84,40.2,148362,0
PCO,60,20230509,170000,40.22,40.28,40.06,40.2,102950,0
PCO,60,20230510,100000,40.3,40.32,39.96,40.14,61945,0
PCO,60,20230510,110000,40.12,40.28,40.06,40.18,72717,0
PCO,60,20230510,120000,40.2,40.2,40.02,40.02,27072,0
PCO,60,20230510,130000,40.02,40.02,39.78,39.8,16752,0
PCO,60,20230510,140000,39.84,39.86,39.7,39.86,4345,0
PCO,60,20230510,150000,39.9,40.28,39.8,40.16,44593,0
PCO,60,20230510,160000,40.16,40.4,39.96,40.18,343271,0
PCO,60,20230510,170000,40.18,40.3,40.1,40.1,111244,0
PCO,60,20230511,100000,40.3,40.3,39.98,40.08,4225,0
PCO,60,20230511,110000,40.08,40.4,40.08,40.4,21008,0
PCO,60,20230511,120000,40.34,40.44,40.24,40.28,34446,0
PCO,60,20230511,130000,40.26,40.42,40.2,40.42,22273,0
PCO,60,20230511,140000,40.34,40.42,40.26,40.26,29087,0
PCO,60,20230511,150000,40.2,40.32,40.2,40.22,23974,0
PCO,60,20230511,160000,40.28,40.28,39.8,40,57837,0
PCO,60,20230511,170000,39.92,40.02,39.8,39.88,76400,0
PCO,60,20230512,100000,39.88,40.28,39.62,40.2,26078,0
PCO,60,20230512,110000,40.22,40.3,40.08,40.28,91607,0
PCO,60,20230512,120000,40.28,40.32,40.22,40.3,128040,0
PCO,60,20230512,130000,40.24,40.5,40.24,40.5,62610,0
PCO,60,20230512,140000,40.46,40.54,40.36,40.46,53805,0
PCO,60,20230512,150000,40.46,40.46,40.26,40.3,34551,0
PCO,60,20230512,160000,40.32,40.48,40.3,40.46,73648,0
PCO,60,20230512,170000,40.44,40.44,39.96,40.02,165874,0
PCO,60,20230515,100000,40.4,41.24,40.1,41.12,150015,0
PCO,60,20230515,110000,41.16,41.22,40.46,40.48,239978,0
PCO,60,20230515,120000,40.4,40.52,40.24,40.3,53646,0
PCO,60,20230515,130000,40.36,40.36,40.24,40.28,44852,0
PCO,60,20230515,140000,40.26,40.32,40.22,40.24,40427,0
PCO,60,20230515,150000,40.24,40.24,39.9,39.98,54061,0
PCO,60,20230515,160000,39.98,40.16,39.9,39.9,92811,0
PCO,60,20230515,170000,39.96,40.1,39.84,39.96,95096,0
PCO,60,20230516,100000,40,40.22,39.8,40.1,22402,0
PCO,60,20230516,110000,40.08,40.78,40.08,40.7,67936,0
PCO,60,20230516,120000,40.68,41.1,40.6,41.1,71034,0
PCO,60,20230516,130000,41.04,41.24,40.96,41.2,86809,0
PCO,60,20230516,140000,41.22,41.56,41.16,41.5,111552,0
PCO,60,20230516,150000,41.5,41.66,41.26,41.26,89255,0
PCO,60,20230516,160000,41.26,41.28,41.06,41.14,95563,0
PCO,60,20230516,170000,41.14,41.14,40.92,41,115764,0
PCO,60,20230517,100000,41.38,41.38,40.66,41,9531,0
PCO,60,20230517,110000,41,41,40.78,40.78,6037,0
PCO,60,20230517,120000,40.74,40.84,40.66,40.84,2923,0
PCO,60,20230517,130000,40.84,40.84,40.6,40.62,2894,0
PCO,60,20230517,140000,40.66,40.66,40.46,40.66,12460,0
PCO,60,20230517,150000,40.6,40.7,40.52,40.64,13507,0
PCO,60,20230517,160000,40.64,40.64,40.42,40.42,19186,0
PCO,60,20230517,170000,40.42,40.54,40.3,40.38,56066,0
PCO,60,20230518,100000,40.76,40.92,40.46,40.82,21385,0
PCO,60,20230518,110000,40.8,40.86,40.6,40.6,5312,0
PCO,60,20230518,120000,40.54,40.56,40.4,40.48,7380,0
PCO,60,20230518,130000,40.48,40.6,40.4,40.42,8771,0
PCO,60,20230518,140000,40.48,40.54,40.34,40.36,9596,0
PCO,60,20230518,150000,40.44,40.7,40.4,40.68,10695,0
PCO,60,20230518,160000,40.68,40.8,40.38,40.38,56090,0
PCO,60,20230518,170000,40.4,40.58,40.36,40.38,39046,0
PCO,60,20230519,100000,41,41,40.46,40.7,19828,0
PCO,60,20230519,110000,40.72,41.4,40.72,41.4,24555,0
PCO,60,20230519,120000,41.38,41.5,41.16,41.16,44834,0
PCO,60,20230519,130000,41.1,41.4,41.1,41.38,5850,0
PCO,60,20230519,140000,41.38,41.58,41.3,41.56,65153,0
PCO,60,20230519,150000,41.54,42.04,41.52,42,55438,0
PCO,60,20230519,160000,42,42.04,41.66,41.68,39688,0
PCO,60,20230519,170000,41.64,41.9,41.46,41.9,151722,0
PCO,60,20230522,100000,42,42.7,41.8,42.58,29997,0
PCO,60,20230522,110000,42.6,42.76,42.22,42.74,155949,0
PCO,60,20230522,120000,42.74,42.84,42.52,42.7,26921,0
PCO,60,20230522,130000,42.7,42.84,42.56,42.84,29333,0
PCO,60,20230522,140000,42.8,42.84,42.38,42.58,140799,0
PCO,60,20230522,150000,42.64,42.8,42.52,42.8,39516,0
PCO,60,20230522,160000,42.8,43.16,42.7,43.1,91443,0
PCO,60,20230522,170000,43.1,43.12,42.7,42.8,188100,0
PCO,60,20230523,100000,42.98,43.28,42.62,43.14,27720,0
PCO,60,20230523,110000,43.1,43.2,42.86,42.94,10398,0
PCO,60,20230523,120000,42.96,42.96,42.64,42.68,10638,0
PCO,60,20230523,130000,42.7,42.74,42.62,42.7,7423,0
PCO,60,20230523,140000,42.7,42.7,42.38,42.38,25346,0
PCO,60,20230523,150000,42.38,42.48,42.22,42.34,21289,0
PCO,60,20230523,160000,42.32,42.34,42.02,42.1,22000,0
PCO,60,20230523,170000,42.1,42.14,41.74,41.76,115599,0
PCO,60,20230524,100000,41.8,42.08,41.56,41.74,22903,0
PCO,60,20230524,110000,41.64,41.88,41.6,41.88,9859,0
PCO,60,20230524,120000,41.9,41.96,41.76,41.92,7329,0
PCO,60,20230524,130000,41.84,41.84,41.68,41.76,26193,0
PCO,60,20230524,140000,41.7,41.78,41.56,41.64,16921,0
PCO,60,20230524,150000,41.64,41.66,41.34,41.46,36982,0
PCO,60,20230524,160000,41.42,41.58,41.3,41.4,41412,0
PCO,60,20230524,170000,41.42,41.42,41.16,41.24,124429,0
PCO,60,20230525,100000,41.92,41.92,40.8,40.9,24914,0
PCO,60,20230525,110000,40.92,41,40.64,40.72,12542,0
PCO,60,20230525,120000,40.72,41.1,40.72,40.88,9431,0
PCO,60,20230525,130000,40.88,41,40.6,40.76,7145,0
PCO,60,20230525,140000,40.7,40.74,40.5,40.54,7918,0
PCO,60,20230525,150000,40.54,40.76,40.5,40.54,14251,0
PCO,60,20230525,160000,40.52,40.62,40.4,40.52,12030,0
PCO,60,20230525,170000,40.52,40.6,40.22,40.24,91901,0
PCO,60,20230526,100000,40.7,40.9,40.34,40.54,17803,0
PCO,60,20230526,110000,40.4,40.5,40.28,40.38,8288,0
PCO,60,20230526,120000,40.46,40.46,40.32,40.36,3169,0
PCO,60,20230526,130000,40.42,40.5,40.36,40.5,6766,0
PCO,60,20230526,140000,40.5,40.88,40.48,40.72,13675,0
PCO,60,20230526,150000,40.78,40.78,40.7,40.76,17931,0
PCO,60,20230526,160000,40.7,41.08,40.7,41,22464,0
PCO,60,20230526,170000,40.98,41.02,40.78,40.9,73273,0
PCO,60,20230529,100000,41.3,41.54,40.72,40.72,7570,0
PCO,60,20230529,110000,40.82,41,40.8,40.84,3047,0
PCO,60,20230529,120000,41,41.18,40.86,41,32648,0
PCO,60,20230529,130000,41.06,41.3,41,41.3,5258,0
PCO,60,20230529,140000,41.28,41.4,41.14,41.2,14995,0
PCO,60,20230529,150000,41.12,41.3,41.06,41.3,14302,0
PCO,60,20230529,160000,41.24,41.32,41.2,41.22,9980,0
PCO,60,20230529,170000,41.28,41.34,41.2,41.32,22302,0
PCO,60,20230530,100000,41.24,41.24,40.62,40.66,37880,0
PCO,60,20230530,110000,40.62,40.64,40.46,40.54,16175,0
PCO,60,20230530,120000,40.46,40.76,40.46,40.76,18052,0
PCO,60,20230530,130000,40.74,40.94,40.64,40.72,15582,0
PCO,60,20230530,140000,40.72,40.84,40.62,40.76,25516,0
PCO,60,20230530,150000,40.8,40.84,40.76,40.8,12330,0
PCO,60,20230530,160000,40.8,41.12,40.8,41.1,37376,0
PCO,60,20230530,170000,41,41.06,40.64,40.7,79847,0
PCO,60,20230531,100000,40.6,40.6,40.02,40.24,32222,0
PCO,60,20230531,110000,40.32,40.6,40.32,40.38,15607,0
PCO,60,20230531,120000,40.46,40.46,40.28,40.4,16814,0
PCO,60,20230531,130000,40.38,40.48,40.28,40.36,10498,0
PCO,60,20230531,140000,40.36,40.6,40.34,40.46,21305,0
PCO,60,20230531,150000,40.5,40.5,40.08,40.08,23953,0
PCO,60,20230531,160000,40.08,40.36,40.06,40.2,37841,0
PCO,60,20230531,170000,40.2,40.2,39.66,40,755481,0
