<TICKER>,<PER>,<DATE>,<TIME>,<OPEN>,<HIGH>,<LOW>,<CLOSE>,<VOL>,<OPENINT>
PEO,60,20220804,100000,72.2,72.7,69.82,69.98,484670,0
PEO,60,20220804,110000,69.9,70.6,69.32,70.24,238158,0
PEO,60,20220804,120000,70.18,70.28,69.66,69.98,131410,0
PEO,60,20220804,130000,70.02,71.46,69.92,71.18,250830,0
PEO,60,20220804,140000,71.2,71.22,70.68,70.98,107028,0
PEO,60,20220804,150000,70.98,71.22,70.8,71.06,148681,0
PEO,60,20220804,160000,71.06,71.3,70.82,71.06,245690,0
PEO,60,20220804,170000,71.12,71.18,69.8,70,455323,0
PEO,60,20220805,100000,70.82,71.8,70.56,71.2,92716,0
PEO,60,20220805,110000,71.06,71.2,70.5,70.5,58213,0
PEO,60,20220805,120000,70.54,70.68,70.12,70.24,68205,0
PEO,60,20220805,130000,70.24,70.72,70.12,70.4,44639,0
PEO,60,20220805,140000,70.46,70.52,70.18,70.42,37081,0
PEO,60,20220805,150000,70.36,70.44,69.18,69.58,99003,0
PEO,60,20220805,160000,69.5,69.74,69.04,69.38,94129,0
PEO,60,20220805,170000,69.42,70,69.36,69.78,176295,0
PEO,60,20220808,100000,70.34,70.82,69.42,69.66,106225,0
PEO,60,20220808,110000,69.62,69.86,69.22,69.56,47136,0
PEO,60,20220808,120000,69.62,70.3,69.28,70.04,46331,0
PEO,60,20220808,130000,70.04,71.22,70,71.08,77774,0
PEO,60,20220808,140000,71.08,71.7,70.96,71.68,48146,0
PEO,60,20220808,150000,71.68,72.96,71.54,72.5,114685,0
PEO,60,20220808,160000,72.5,72.76,72.22,72.6,126735,0
PEO,60,20220808,170000,72.52,72.98,72.26,72.98,258687,0
PEO,60,20220809,100000,72.96,73.7,72.52,73.5,91535,0
PEO,60,20220809,110000,73.48,73.62,72.96,73.54,209658,0
PEO,60,20220809,120000,73.54,74.84,73.54,74.66,251532,0
PEO,60,20220809,130000,74.52,74.86,74.1,74.3,192844,0
PEO,60,20220809,140000,74.24,74.74,73.9,74.14,120694,0
PEO,60,20220809,150000,74.06,74.7,73.9,73.9,129094,0
PEO,60,20220809,160000,73.92,73.94,73.22,73.72,141900,0
PEO,60,20220809,170000,73.72,73.72,73,73,158037,0
PEO,60,20220810,100000,73.26,73.26,71.3,71.74,91925,0
PEO,60,20220810,110000,71.9,71.9,71.24,71.64,51118,0
PEO,60,20220810,120000,71.64,72.02,71.6,71.84,34216,0
PEO,60,20220810,130000,71.84,71.84,71.6,71.68,50621,0
PEO,60,20220810,140000,71.64,71.96,71.6,71.8,29581,0
PEO,60,20220810,150000,71.82,73.7,71.6,73.5,75225,0
PEO,60,20220810,160000,73.48,73.48,72.46,73.24,76913,0
PEO,60,20220810,170000,73.16,73.5,72.84,73.4,177596,0
PEO,60,20220811,100000,74.36,74.36,72.5,72.72,45032,0
PEO,60,20220811,110000,72.7,73.18,72.26,73.06,36988,0
PEO,60,20220811,120000,73.02,73.22,72.8,73.04,28579,0
PEO,60,20220811,130000,73.08,73.14,72.56,72.66,27602,0
PEO,60,20220811,140000,72.7,73.46,72.66,73.4,28716,0
PEO,60,20220811,150000,73.36,73.54,72.98,73.26,38526,0
PEO,60,20220811,160000,73.26,73.3,72.92,73.3,60539,0
PEO,60,20220811,170000,73.3,73.6,73,73.6,171364,0
PEO,60,20220812,100000,72.78,74.68,72.78,74.38,61381,0
PEO,60,20220812,110000,74.36,74.86,74.14,74.22,62841,0
PEO,60,20220812,120000,74.22,74.8,74.22,74.78,38475,0
PEO,60,20220812,130000,74.7,74.76,74,74,42271,0
PEO,60,20220812,140000,74.1,74.12,73.78,74.02,36526,0
PEO,60,20220812,150000,73.98,74.66,73.84,74.62,65326,0
PEO,60,20220812,160000,74.66,74.8,74.42,74.78,85910,0
PEO,60,20220812,170000,74.76,74.76,73.7,74.02,115889,0
PEO,60,20220816,100000,74.6,74.8,73.24,74.16,76156,0
PEO,60,20220816,110000,74.16,75.02,73.7,74.62,169237,0
PEO,60,20220816,120000,74.62,74.86,74.24,74.48,48790,0
PEO,60,20220816,130000,74.46,74.72,74.28,74.58,50252,0
PEO,60,20220816,140000,74.56,74.8,74.46,74.68,52183,0
PEO,60,20220816,150000,74.64,74.74,73.64,73.86,69907,0
PEO,60,20220816,160000,73.86,74.48,73.5,74.18,87934,0
PEO,60,20220816,170000,74.14,74.26,73.06,73.64,260190,0
PEO,60,20220817,100000,73.3,73.4,72.46,72.46,48747,0
PEO,60,20220817,110000,72.54,72.54,71.28,71.6,97180,0
PEO,60,20220817,120000,71.6,72.22,71.34,72.1,104250,0
PEO,60,20220817,130000,72.16,72.18,71.32,71.48,105207,0
PEO,60,20220817,140000,71.48,71.6,70.78,71,95394,0
PEO,60,20220817,150000,71.02,71.88,71.02,71.56,140126,0
PEO,60,20220817,160000,71.54,71.8,71.26,71.74,281216,0
PEO,60,20220817,170000,71.72,71.9,70.88,71.18,266354,0
PEO,60,20220818,100000,71.8,72.68,71.1,71.92,54975,0
PEO,60,20220818,110000,71.86,72.8,71.76,72.64,185055,0
PEO,60,20220818,120000,72.7,73.62,72.58,73.3,79159,0
PEO,60,20220818,130000,73.22,73.9,73.06,73.68,89778,0
PEO,60,20220818,140000,73.6,74,73.32,73.92,85064,0
PEO,60,20220818,150000,73.86,74.48,73.46,74.34,97754,0
PEO,60,20220818,160000,74.38,74.38,73.38,73.42,59772,0
PEO,60,20220818,170000,73.3,73.92,73.16,73.6,133291,0
PEO,60,20220819,100000,72.5,73.04,72.5,72.5,47913,0
PEO,60,20220819,110000,72.52,72.6,71.4,71.76,91732,0
PEO,60,20220819,120000,71.66,71.72,71.22,71.6,88031,0
PEO,60,20220819,130000,71.58,71.98,71.4,71.64,69563,0
PEO,60,20220819,140000,71.54,72.4,71.54,72.4,70108,0
PEO,60,20220819,150000,72.24,72.9,72,72.72,69384,0
PEO,60,20220819,160000,72.68,73.34,72.02,72.4,76762,0
PEO,60,20220819,170000,72.34,72.64,72,72,173873,0
PEO,60,20220822,100000,72.2,72.98,71.64,72,66816,0
PEO,60,20220822,110000,71.86,72,70.8,70.8,87250,0
PEO,60,20220822,120000,70.8,71.2,70.34,70.6,71480,0
PEO,60,20220822,130000,70.7,71.4,70.66,71.2,85343,0
PEO,60,20220822,140000,71.28,71.58,71.14,71.3,43634,0
PEO,60,20220822,150000,71.3,71.96,71.26,71.74,59771,0
PEO,60,20220822,160000,71.72,72,71.24,71.54,70986,0
PEO,60,20220822,170000,71.54,71.96,71.34,71.84,197015,0
PEO,60,20220823,100000,71.2,71.56,70.32,70.84,168414,0
PEO,60,20220823,110000,70.78,71,70.44,70.66,93326,0
PEO,60,20220823,120000,70.58,71.12,70.46,71.06,76240,0
PEO,60,20220823,130000,71.08,71.12,70.42,70.46,99991,0
PEO,60,20220823,140000,70.46,70.56,70.16,70.3,69896,0
PEO,60,20220823,150000,70.28,70.54,69.84,69.94,70996,0
PEO,60,20220823,160000,69.96,70.26,69.78,70.02,92205,0
PEO,60,20220823,170000,70,70.3,69.5,69.5,365537,0
PEO,60,20220824,100000,69.5,69.96,67.74,67.88,85818,0
PEO,60,20220824,110000,67.9,68.54,67.84,68.5,46589,0
PEO,60,20220824,120000,68.58,68.6,68.06,68.26,27709,0
PEO,60,20220824,130000,68.22,68.28,68,68.04,61564,0
PEO,60,20220824,140000,68.06,68.5,67.98,68.12,43110,0
PEO,60,20220824,150000,68.16,68.18,67.5,68,75514,0
PEO,60,20220824,160000,68,68.06,67.5,67.62,83133,0
PEO,60,20220824,170000,67.66,67.82,67.12,67.3,203598,0
PEO,60,20220825,100000,68.64,69.78,68.52,69.72,110797,0
PEO,60,20220825,110000,69.72,70.2,69.72,69.8,81669,0
PEO,60,20220825,120000,69.76,69.76,68.56,68.58,141006,0
PEO,60,20220825,130000,68.56,69.12,68.44,68.84,71860,0
PEO,60,20220825,140000,68.84,69.4,68.8,69.16,39680,0
PEO,60,20220825,150000,69.14,69.4,69.02,69.06,59393,0
PEO,60,20220825,160000,69.06,69.26,68.64,69.1,78699,0
PEO,60,20220825,170000,69.12,69.8,69.1,69.5,134953,0
PEO,60,20220826,100000,69.72,69.76,68.64,68.9,23457,0
PEO,60,20220826,110000,68.94,69.12,67.72,68.04,42584,0
PEO,60,20220826,120000,68.04,68.32,67.6,67.96,38207,0
PEO,60,20220826,130000,67.86,67.9,67.12,67.2,42389,0
PEO,60,20220826,140000,67.26,67.46,66.92,67.36,45149,0
PEO,60,20220826,150000,67.4,67.5,67.04,67.38,49778,0
PEO,60,20220826,160000,67.38,68.04,67.26,67.56,88563,0
PEO,60,20220826,170000,67.56,67.56,66.5,67.14,243207,0
PEO,60,20220829,100000,66,66,64.98,65.56,90532,0
PEO,60,20220829,110000,65.58,65.98,65.3,65.42,51537,0
PEO,60,20220829,120000,65.46,65.62,65.22,65.42,49759,0
PEO,60,20220829,130000,65.5,65.52,65.12,65.12,36458,0
PEO,60,20220829,140000,65.12,65.6,64.98,65.54,55563,0
PEO,60,20220829,150000,65.5,65.8,65.2,65.3,78785,0
PEO,60,20220829,160000,65.38,66.12,65.38,66,151442,0
PEO,60,20220829,170000,65.98,66.42,65.84,66.04,170069,0
PEO,60,20220830,100000,66.38,66.44,65.52,66.2,55424,0
PEO,60,20220830,110000,66.2,66.84,66.2,66.44,45946,0
PEO,60,20220830,120000,66.4,66.94,66.34,66.84,43616,0
PEO,60,20220830,130000,66.84,67.22,66.74,67.22,47957,0
PEO,60,20220830,140000,67.2,67.38,66.96,67.04,51587,0
PEO,60,20220830,150000,67.04,67.5,66.36,66.36,118738,0
PEO,60,20220830,160000,66.32,66.32,65.74,66.02,92937,0
PEO,60,20220830,170000,66.02,66.18,65.12,65.46,199246,0
PEO,60,20220831,100000,66,66.44,64.58,64.74,92120,0
PEO,60,20220831,110000,64.76,65.2,64.2,64.72,384353,0
PEO,60,20220831,120000,64.64,65.2,64.04,65.1,80394,0
PEO,60,20220831,130000,65.12,65.4,64.76,65.16,398185,0
PEO,60,20220831,140000,65.12,65.54,65,65.28,112414,0
PEO,60,20220831,150000,65.22,66.58,65.1,66.34,88157,0
PEO,60,20220831,160000,66.36,66.42,65.28,65.78,144216,0
PEO,60,20220831,170000,65.74,66.06,65.2,65.2,1188307,0
PEO,60,20220901,100000,65,65,62.94,63.22,121482,0
PEO,60,20220901,110000,63.24,63.28,62.52,62.86,172750,0
PEO,60,20220901,120000,62.84,63.16,62.66,63.04,124193,0
PEO,60,20220901,130000,63.02,63.28,62.82,63.12,93257,0
PEO,60,20220901,140000,63.14,63.48,63.1,63.28,141581,0
PEO,60,20220901,150000,63.22,63.38,62.9,62.9,108177,0
PEO,60,20220901,160000,62.84,63.42,62.74,63.04,223639,0
PEO,60,20220901,170000,63.02,63.04,61.48,61.48,432926,0
PEO,60,20220902,100000,62.46,62.58,61.36,61.56,168448,0
PEO,60,20220902,110000,61.54,62.4,61.54,62.34,186261,0
PEO,60,20220902,120000,62.32,62.6,61.88,62,172378,0
PEO,60,20220902,130000,61.98,62.22,61.5,61.8,119989,0
PEO,60,20220902,140000,61.8,62.06,61.5,61.76,180594,0
PEO,60,20220902,150000,61.74,62.34,61.64,61.96,181824,0
PEO,60,20220902,160000,62,62.1,61.64,62,117105,0
PEO,60,20220902,170000,62,62.82,61.86,62.5,574025,0
PEO,60,20220905,100000,61.66,62.08,60.3,61.46,91679,0
PEO,60,20220905,110000,61.46,62.1,61.2,61.7,127046,0
PEO,60,20220905,120000,61.7,62.12,61.54,62.1,185483,0
PEO,60,20220905,130000,62.14,62.14,61.5,61.64,69935,0
PEO,60,20220905,140000,61.62,62.02,61.46,61.88,173394,0
PEO,60,20220905,150000,61.94,62.34,61.86,62.34,667739,0
PEO,60,20220905,160000,62.34,62.76,62.12,62.26,195009,0
PEO,60,20220905,170000,62.26,62.44,62.1,62.44,256280,0
PEO,60,20220906,100000,62.3,62.78,61.76,61.96,200500,0
PEO,60,20220906,110000,61.96,62.1,61.74,61.92,234222,0
PEO,60,20220906,120000,61.92,62.38,61.44,62.16,242799,0
PEO,60,20220906,130000,62.14,62.6,62.06,62.06,191823,0
PEO,60,20220906,140000,62.08,62.52,62,62.48,111721,0
PEO,60,20220906,150000,62.46,62.5,62.12,62.3,298983,0
PEO,60,20220906,160000,62.3,62.52,61.8,61.86,185459,0
PEO,60,20220906,170000,61.86,62.34,61.8,62.08,271346,0
PEO,60,20220907,100000,62,62.08,61.1,61.4,205779,0
PEO,60,20220907,110000,61.4,62.48,61.34,62.16,334495,0
PEO,60,20220907,120000,62.1,62.48,61.38,62.38,349738,0
PEO,60,20220907,130000,62.38,62.46,61.72,62,137106,0
PEO,60,20220907,140000,61.98,62.54,61.88,62.26,114321,0
PEO,60,20220907,150000,62.2,62.56,61.86,62.54,156377,0
PEO,60,20220907,160000,62.56,62.92,62.06,62.6,329819,0
PEO,60,20220907,170000,62.6,63.14,62.4,62.8,371926,0
PEO,60,20220908,100000,63.7,63.84,63.12,63.56,88064,0
PEO,60,20220908,110000,63.56,64.7,63.5,64.44,119989,0
PEO,60,20220908,120000,64.44,65.3,64.16,65.24,208749,0
PEO,60,20220908,130000,65.24,65.24,64.28,64.5,117775,0
PEO,60,20220908,140000,64.5,64.6,64,64.4,81693,0
PEO,60,20220908,150000,64.42,65.08,63.9,64.4,219575,0
PEO,60,20220908,160000,64.4,64.58,63.58,63.64,250240,0
PEO,60,20220908,170000,63.62,64.44,63.48,64.44,421438,0
PEO,60,20220909,100000,65.5,68.26,65.24,67.44,277334,0
PEO,60,20220909,110000,67.4,68.16,67.28,67.64,136092,0
PEO,60,20220909,120000,67.68,67.9,67.38,67.6,112046,0
PEO,60,20220909,130000,67.6,67.8,67.52,67.7,87679,0
PEO,60,20220909,140000,67.68,67.86,67.46,67.6,86330,0
PEO,60,20220909,150000,67.62,68.18,67.2,67.94,163039,0
PEO,60,20220909,160000,67.98,68.46,67.96,68.3,171830,0
PEO,60,20220909,170000,68.32,68.68,68.2,68.58,326720,0
PEO,60,20220912,100000,69.9,70.98,68.66,70.9,140932,0
PEO,60,20220912,110000,70.88,71.76,70.48,71.3,234127,0
PEO,60,20220912,120000,71.3,71.4,70.2,70.36,126074,0
PEO,60,20220912,130000,70.36,70.84,70.2,70.5,56332,0
PEO,60,20220912,140000,70.54,71.1,70.44,70.88,89666,0
PEO,60,20220912,150000,70.86,71.36,70.44,71.32,82723,0
PEO,60,20220912,160000,71.32,71.96,70.7,71.58,115612,0
PEO,60,20220912,170000,71.62,72.38,71.2,72.36,427432,0
PEO,60,20220913,100000,72.66,72.8,70.74,71.4,236730,0
PEO,60,20220913,110000,71.34,71.38,70.7,70.94,90100,0
PEO,60,20220913,120000,70.94,71.26,70.7,70.7,59543,0
PEO,60,20220913,130000,70.7,71.44,70.6,71.44,47854,0
PEO,60,20220913,140000,71.44,71.86,71.28,71.84,42492,0
PEO,60,20220913,150000,71.86,71.88,69.76,69.84,162098,0
PEO,60,20220913,160000,69.84,70.1,69.04,69.8,280799,0
PEO,60,20220913,170000,69.84,70.26,69.3,70,212864,0
PEO,60,20220914,100000,68.28,70.12,68.04,69.96,169929,0
PEO,60,20220914,110000,69.96,70.5,69.72,70.02,108841,0
PEO,60,20220914,120000,70.1,70.68,69.86,70.28,72114,0
PEO,60,20220914,130000,70.3,70.7,70.08,70.62,54697,0
PEO,60,20220914,140000,70.62,70.72,69.3,69.3,71638,0
PEO,60,20220914,150000,69.4,70.4,69.4,70.16,72539,0
PEO,60,20220914,160000,70.08,70.48,69.64,70.36,99502,0
PEO,60,20220914,170000,70.36,70.76,69.7,70.28,490206,0
PEO,60,20220915,100000,71,72.02,70.4,71.36,96736,0
PEO,60,20220915,110000,71.36,71.74,70.7,71.12,75899,0
PEO,60,20220915,120000,71.1,71.4,70.86,71.06,51796,0
PEO,60,20220915,130000,71.04,71.36,70.74,70.96,39698,0
PEO,60,20220915,140000,70.96,71.18,70.78,71.16,33685,0
PEO,60,20220915,150000,71.16,71.26,70.66,70.76,59976,0
PEO,60,20220915,160000,70.8,70.94,70.2,70.9,166244,0
PEO,60,20220915,170000,70.9,71.66,70.78,71,297795,0
PEO,60,20220916,100000,70,70.78,69.44,69.9,121687,0
PEO,60,20220916,110000,69.88,70.22,69.06,69.4,119533,0
PEO,60,20220916,120000,69.5,70.02,69.16,69.24,343216,0
PEO,60,20220916,130000,69.2,69.72,69.1,69.16,57767,0
PEO,60,20220916,140000,69.1,69.24,68.6,68.7,100475,0
PEO,60,20220916,150000,68.8,68.86,68.16,68.22,82961,0
PEO,60,20220916,160000,68.22,68.66,67.14,67.82,438016,0
PEO,60,20220916,170000,67.82,68.86,67.8,68.2,1136061,0
PEO,60,20220919,100000,68.2,68.92,67.64,68.58,71398,0
PEO,60,20220919,110000,68.52,69.44,68.2,68.72,102007,0
PEO,60,20220919,120000,68.8,69.06,68.48,69.04,52648,0
PEO,60,20220919,130000,69.04,69.2,68.5,68.64,89723,0
PEO,60,20220919,140000,68.64,69.1,68.5,68.72,54650,0
PEO,60,20220919,150000,68.7,69.28,68.66,69.06,66636,0
PEO,60,20220919,160000,69.06,69.74,69.04,69.54,70015,0
PEO,60,20220919,170000,69.6,69.8,69.46,69.76,135333,0
PEO,60,20220920,100000,70.9,71.34,70.18,70.7,71225,0
PEO,60,20220920,110000,70.68,70.98,69.94,69.94,45120,0
PEO,60,20220920,120000,69.9,70.08,68.9,69.06,48933,0
PEO,60,20220920,130000,69.1,69.52,68.74,69.3,74042,0
PEO,60,20220920,140000,69.32,70.1,69.28,69.76,76917,0
PEO,60,20220920,150000,69.76,69.98,68.66,68.7,44451,0
PEO,60,20220920,160000,68.68,68.74,67.62,67.72,83803,0
PEO,60,20220920,170000,67.72,67.88,67.26,67.64,251654,0
PEO,60,20220921,100000,67,67.7,66.2,67.6,55522,0
PEO,60,20220921,110000,67.5,67.5,66.36,66.6,45775,0
PEO,60,20220921,120000,66.6,67.08,66.28,67.08,45358,0
PEO,60,20220921,130000,67.08,67.5,66.54,67.4,76241,0
PEO,60,20220921,140000,67.42,67.42,66.5,66.72,42939,0
PEO,60,20220921,150000,66.8,67.02,66.44,66.74,31326,0
PEO,60,20220921,160000,66.74,66.94,66.3,66.54,65078,0
PEO,60,20220921,170000,66.52,67.06,66.5,66.54,162266,0
PEO,60,20220922,100000,65.54,66.72,64.64,66.52,94617,0
PEO,60,20220922,110000,66.6,67.7,66.28,67.38,38963,0
PEO,60,20220922,120000,67.3,67.3,66.62,67.18,27474,0
PEO,60,20220922,130000,67.2,67.24,66.94,67.24,34203,0
PEO,60,20220922,140000,67.24,67.28,66.64,67.06,38209,0
PEO,60,20220922,150000,67.08,67.5,66.98,67.4,50130,0
PEO,60,20220922,160000,67.38,67.7,66.86,67.04,93219,0
PEO,60,20220922,170000,67.08,67.32,66.92,67.1,142777,0
PEO,60,20220923,100000,66.5,66.72,65.06,65.58,86629,0
PEO,60,20220923,110000,65.58,65.72,65.12,65.22,49714,0
PEO,60,20220923,120000,65.18,65.42,64.86,65.22,50393,0
PEO,60,20220923,130000,65.26,65.62,64.56,64.66,63161,0
PEO,60,20220923,140000,64.66,65.4,64.4,65.3,74282,0
PEO,60,20220923,150000,65.3,65.8,64.54,64.9,86830,0
PEO,60,20220923,160000,64.86,65.38,64.4,64.46,60468,0
PEO,60,20220923,170000,64.46,65.06,64.24,64.7,201842,0
PEO,60,20220926,100000,64.3,65,63.2,63.98,109285,0
PEO,60,20220926,110000,63.96,64.42,63.8,63.92,61037,0
PEO,60,20220926,120000,64,64.14,63.52,63.8,80611,0
PEO,60,20220926,130000,63.84,64.24,63.34,63.76,70034,0
PEO,60,20220926,140000,63.76,64,62.66,62.8,169459,0
PEO,60,20220926,150000,62.72,64.54,62.72,64.18,180358,0
PEO,60,20220926,160000,64.16,64.36,63.58,64.06,134377,0
PEO,60,20220926,170000,64.14,64.7,63.54,64,262004,0
PEO,60,20220927,100000,65,65.9,64.76,65.52,75110,0
PEO,60,20220927,110000,65.4,65.66,64.64,64.86,100710,0
PEO,60,20220927,120000,64.9,65.2,64.7,64.88,73937,0
PEO,60,20220927,130000,64.88,65.5,64.72,65.48,97833,0
PEO,60,20220927,140000,65.42,65.5,64.86,64.96,56984,0
PEO,60,20220927,150000,64.88,65.24,64.74,64.74,62969,0
PEO,60,20220927,160000,64.72,64.96,64.26,64.34,100635,0
PEO,60,20220927,170000,64.3,64.82,63.8,64.54,233559,0
PEO,60,20220928,100000,63.1,63.42,62,63.08,183791,0
PEO,60,20220928,110000,63.04,63.14,62.2,62.52,153580,0
PEO,60,20220928,120000,62.52,62.6,61.28,61.82,307949,0
PEO,60,20220928,130000,61.82,63.34,61.66,62.5,89379,0
PEO,60,20220928,140000,62.46,63.02,61.88,62.34,105087,0
PEO,60,20220928,150000,62.34,63.2,62.26,62.94,65583,0
PEO,60,20220928,160000,62.82,63.5,62.5,63.16,101197,0
PEO,60,20220928,170000,63.2,63.52,62.92,63.12,257195,0
PEO,60,20220929,100000,64,64,62.16,62.66,75702,0
PEO,60,20220929,110000,62.6,62.86,61.92,61.94,78853,0
PEO,60,20220929,120000,61.94,62.8,61.94,62.52,57307,0
PEO,60,20220929,130000,62.56,62.74,62.4,62.6,45748,0
PEO,60,20220929,140000,62.64,62.86,62.34,62.34,55444,0
PEO,60,20220929,150000,62.34,62.34,61.06,61.24,84684,0
PEO,60,20220929,160000,61.24,61.66,61.12,61.24,107381,0
PEO,60,20220929,170000,61.22,61.68,60.72,61.18,358872,0
PEO,60,20220930,100000,61.18,61.88,60.7,60.72,125664,0
PEO,60,20220930,110000,60.64,60.8,60.12,60.64,115736,0
PEO,60,20220930,120000,60.64,61.28,60.58,61.26,99833,0
PEO,60,20220930,130000,61.26,61.8,60.9,60.9,101992,0
PEO,60,20220930,140000,60.94,61.12,60.14,60.4,61756,0
PEO,60,20220930,150000,60.46,60.76,60.16,60.72,167337,0
PEO,60,20220930,160000,60.74,60.96,60.18,60.96,280156,0
PEO,60,20220930,170000,60.96,60.96,60.24,60.7,316523,0
PEO,60,20221003,100000,60.6,60.74,59.42,59.84,94911,0
PEO,60,20221003,110000,59.72,59.78,58.7,59.12,78068,0
PEO,60,20221003,120000,59.04,59.04,58.42,58.88,82371,0
PEO,60,20221003,130000,58.88,59.24,58.86,58.86,42443,0
PEO,60,20221003,140000,58.86,58.98,58.58,58.9,48159,0
PEO,60,20221003,150000,58.9,59.6,58.68,59.18,180802,0
PEO,60,20221003,160000,59.18,59.6,59.08,59.26,145430,0
PEO,60,20221003,170000,59.22,60.28,59.2,60.04,337825,0
PEO,60,20221004,100000,61.3,62.2,61,62.1,80879,0
PEO,60,20221004,110000,62.1,62.4,61.94,62.06,29525,0
PEO,60,20221004,120000,62.1,62.36,61.72,62.3,55084,0
PEO,60,20221004,130000,62.3,62.66,62.26,62.46,43887,0
PEO,60,20221004,140000,62.46,62.68,62.36,62.68,37258,0
PEO,60,20221004,150000,62.7,62.86,62.22,62.84,55507,0
PEO,60,20221004,160000,62.84,63.08,62.62,63.02,86004,0
PEO,60,20221004,170000,63.02,63.82,62.9,63.7,212834,0
PEO,60,20221005,100000,63.98,63.98,62.4,62.74,58241,0
PEO,60,20221005,110000,62.76,63.12,62.3,62.96,41388,0
PEO,60,20221005,120000,62.96,63.14,62.72,62.84,34255,0
PEO,60,20221005,130000,62.84,62.88,62.5,62.56,36883,0
PEO,60,20221005,140000,62.54,62.8,62.24,62.44,35214,0
PEO,60,20221005,150000,62.44,62.46,62.02,62.08,44537,0
PEO,60,20221005,160000,62.06,62.24,61.44,62.06,105798,0
PEO,60,20221005,170000,62.02,62.06,61.24,61.5,180438,0
PEO,60,20221006,100000,62.4,63.26,62.08,62.72,92531,0
PEO,60,20221006,110000,62.74,62.82,62.2,62.34,64467,0
PEO,60,20221006,120000,62.34,62.86,62.2,62.5,171970,0
PEO,60,20221006,130000,62.5,62.66,61.88,62.18,121012,0
PEO,60,20221006,140000,62.18,63.04,62.18,62.48,108328,0
PEO,60,20221006,150000,62.62,63.5,62.62,63.02,105357,0
PEO,60,20221006,160000,63.1,63.26,62.8,62.8,96282,0
PEO,60,20221006,170000,62.86,62.98,62.44,62.7,542666,0
PEO,60,20221007,100000,62.7,64.16,62.22,63.66,122174,0
PEO,60,20221007,110000,63.66,64.1,63.56,63.74,84099,0
PEO,60,20221007,120000,63.7,63.94,63.32,63.82,60753,0
PEO,60,20221007,130000,63.82,64.08,63.64,63.7,586243,0
PEO,60,20221007,140000,63.7,63.86,63.5,63.5,61209,0
PEO,60,20221007,150000,63.5,64,63.36,63.6,146224,0
PEO,60,20221007,160000,63.52,63.88,63.42,63.54,165535,0
PEO,60,20221007,170000,63.5,63.92,63.5,63.88,317204,0
PEO,60,20221010,100000,63.46,63.56,62.8,63.36,62800,0
PEO,60,20221010,110000,63.44,63.68,63.12,63.46,87909,0
PEO,60,20221010,120000,63.38,64.1,63.38,63.96,53946,0
PEO,60,20221010,130000,63.98,64.08,63.56,63.8,81259,0
PEO,60,20221010,140000,63.88,64.16,63.62,63.66,206254,0
PEO,60,20221010,150000,63.68,64.2,63.6,64.14,49412,0
PEO,60,20221010,160000,64.08,64.14,63.52,63.88,171847,0
PEO,60,20221010,170000,63.86,63.88,63.28,63.28,436675,0
PEO,60,20221011,100000,63.36,63.36,62.3,63,123579,0
PEO,60,20221011,110000,62.98,63.42,62.92,63.22,48650,0
PEO,60,20221011,120000,63.22,63.74,63.22,63.68,130917,0
PEO,60,20221011,130000,63.66,64.26,63.54,64.04,86145,0
PEO,60,20221011,140000,64.1,65.54,64.1,64.96,233446,0
PEO,60,20221011,150000,64.96,66.46,64.86,66.32,226660,0
PEO,60,20221011,160000,66.34,66.48,65.68,65.68,218151,0
PEO,60,20221011,170000,65.66,65.8,64.74,65,311332,0
PEO,60,20221012,100000,65.74,65.74,64.2,64.5,86598,0
PEO,60,20221012,110000,64.48,65.22,64.48,64.86,52193,0
PEO,60,20221012,120000,64.8,65.4,64.8,65.2,162977,0
PEO,60,20221012,130000,65.2,65.44,64.9,65.16,116466,0
PEO,60,20221012,140000,65.18,65.6,64.94,65.14,121530,0
PEO,60,20221012,150000,65.08,66.26,64.74,65.78,255259,0
PEO,60,20221012,160000,65.74,66.76,65.5,66.62,156494,0
PEO,60,20221012,170000,66.56,66.72,66,66,268524,0
PEO,60,20221013,100000,66.7,66.7,65.16,65.38,222449,0
PEO,60,20221013,110000,65.36,65.46,65.04,65.38,84710,0
PEO,60,20221013,120000,65.4,65.4,65.02,65.14,71946,0
PEO,60,20221013,130000,65.14,65.16,64.34,64.74,133985,0
PEO,60,20221013,140000,64.68,65.44,64.58,65.02,65105,0
PEO,60,20221013,150000,65.06,65.62,63,63.68,445819,0
PEO,60,20221013,160000,63.68,64.86,63.54,64.86,230959,0
PEO,60,20221013,170000,64.88,65.64,64.7,65.14,461427,0
PEO,60,20221014,100000,66.96,67.4,66.38,66.8,127278,0
PEO,60,20221014,110000,66.8,67.44,66.58,67.02,116566,0
PEO,60,20221014,120000,67.02,67.28,66.8,67.26,78457,0
PEO,60,20221014,130000,67.26,67.94,67.2,67.86,77498,0
PEO,60,20221014,140000,67.88,67.92,67.06,67.2,93521,0
PEO,60,20221014,150000,67.22,68.04,67.08,68,117005,0
PEO,60,20221014,160000,67.96,68.44,67.96,68.02,139070,0
PEO,60,20221014,170000,68.04,68.04,67,67.34,359317,0
PEO,60,20221017,100000,67.34,67.68,66.8,67.28,65516,0
PEO,60,20221017,110000,67.26,67.8,66.82,67.74,48412,0
PEO,60,20221017,120000,67.64,67.64,66.58,67.04,124158,0
PEO,60,20221017,130000,67.1,67.2,66.82,67.12,48504,0
PEO,60,20221017,140000,67.12,67.6,67,67.6,28258,0
PEO,60,20221017,150000,67.62,67.88,67.5,67.74,41890,0
PEO,60,20221017,160000,67.76,68.46,67.76,68.32,83243,0
PEO,60,20221017,170000,68.34,68.7,68.14,68.14,207543,0
PEO,60,20221018,100000,69.46,71.26,69,71.24,317921,0
PEO,60,20221018,110000,71.28,71.68,71.02,71.22,124482,0
PEO,60,20221018,120000,71.16,71.62,70.92,71.24,111176,0
PEO,60,20221018,130000,71.24,71.88,71.2,71.3,82239,0
PEO,60,20221018,140000,71.32,71.98,71.3,71.96,352521,0
PEO,60,20221018,150000,71.92,72.28,71.82,71.92,100318,0
PEO,60,20221018,160000,71.92,72.24,71.52,71.98,162560,0
PEO,60,20221018,170000,71.96,72.1,71.42,72.1,435122,0
PEO,60,20221019,100000,72.1,73.04,71.38,71.58,322153,0
PEO,60,20221019,110000,71.58,71.64,70.86,71.3,124244,0
PEO,60,20221019,120000,71.3,71.74,71.2,71.52,79786,0
PEO,60,20221019,130000,71.52,71.6,70.9,70.9,194569,0
PEO,60,20221019,140000,70.94,71.04,70.22,70.68,105263,0
PEO,60,20221019,150000,70.66,70.88,70.14,70.2,290171,0
PEO,60,20221019,160000,70.24,70.66,69.8,70.24,352508,0
PEO,60,20221019,170000,70.3,70.76,69.98,70.2,211300,0
PEO,60,20221020,100000,70.5,71.38,70.02,71,107649,0
PEO,60,20221020,110000,71,71.98,70.94,71.68,109322,0
PEO,60,20221020,120000,71.68,71.82,71.1,71.4,70500,0
PEO,60,20221020,130000,71.36,71.44,70.9,71.38,66885,0
PEO,60,20221020,140000,71.36,71.8,71.26,71.64,86685,0
PEO,60,20221020,150000,71.72,71.94,71,71.2,99866,0
PEO,60,20221020,160000,71.2,71.88,71.04,71.74,131520,0
PEO,60,20221020,170000,71.74,72.9,71.72,72.64,523503,0
PEO,60,20221021,100000,72,73.9,71.76,72.8,209969,0
PEO,60,20221021,110000,72.8,73,72.12,72.44,163863,0
PEO,60,20221021,120000,72.44,72.94,71.9,72.02,170815,0
PEO,60,20221021,130000,71.96,72.46,71.9,72.3,67091,0
PEO,60,20221021,140000,72.36,72.54,71.88,71.88,86732,0
PEO,60,20221021,150000,71.96,71.98,71.18,71.56,142056,0
PEO,60,20221021,160000,71.56,72.38,71.56,72.12,95842,0
PEO,60,20221021,170000,72.18,72.66,71.86,72,260741,0
PEO,60,20221024,100000,72.8,73.64,72.5,72.7,76471,0
PEO,60,20221024,110000,72.8,72.88,71.9,72.5,49869,0
PEO,60,20221024,120000,72.5,73.12,72.44,73.12,66252,0
PEO,60,20221024,130000,73.2,73.34,72.84,73.2,89944,0
PEO,60,20221024,140000,73.18,73.32,72.78,73.22,60615,0
PEO,60,20221024,150000,73.26,73.66,73.06,73.48,75220,0
PEO,60,20221024,160000,73.44,73.7,73.1,73.54,130892,0
PEO,60,20221024,170000,73.54,73.54,73.06,73.1,175977,0
PEO,60,20221025,100000,73.6,73.9,73.06,73.32,62767,0
PEO,60,20221025,110000,73.26,73.54,72.8,73.4,80859,0
PEO,60,20221025,120000,73.4,73.5,72.04,72.24,80283,0
PEO,60,20221025,130000,72.24,72.48,72.1,72.34,59402,0
PEO,60,20221025,140000,72.36,72.56,72.12,72.5,147569,0
PEO,60,20221025,150000,72.44,72.64,72.16,72.28,127797,0
PEO,60,20221025,160000,72.28,73.26,71.92,73.26,186017,0
PEO,60,20221025,170000,73.26,73.42,72.74,73.06,327034,0
PEO,60,20221026,100000,73.5,74.1,73.1,73.44,99139,0
PEO,60,20221026,110000,73.44,73.98,73.28,73.44,142390,0
PEO,60,20221026,120000,73.5,74.54,73.5,74.14,132760,0
PEO,60,20221026,130000,74.12,74.48,73.98,74.34,80878,0
PEO,60,20221026,140000,74.34,74.34,73.94,74,33167,0
PEO,60,20221026,150000,74,74.2,73.52,74,73202,0
PEO,60,20221026,160000,74.02,74.32,73.86,74.1,102087,0
PEO,60,20221026,170000,74.14,74.62,74.1,74.62,228615,0
PEO,60,20221027,100000,74.5,74.5,73.7,74.3,39862,0
PEO,60,20221027,110000,74.38,74.98,74.38,74.58,105659,0
PEO,60,20221027,120000,74.58,74.7,74.38,74.68,41341,0
PEO,60,20221027,130000,74.7,74.7,74.38,74.5,33203,0
PEO,60,20221027,140000,74.5,74.76,74.38,74.4,65582,0
PEO,60,20221027,150000,74.4,75.48,74.38,75.44,114192,0
PEO,60,20221027,160000,75.42,75.7,74.92,75.26,74767,0
PEO,60,20221027,170000,75.24,76.16,75.2,76.1,243787,0
PEO,60,20221028,100000,75.78,75.78,74.44,74.6,52889,0
PEO,60,20221028,110000,74.6,75.36,74.6,75.3,52095,0
PEO,60,20221028,120000,75.3,76,75.08,75.94,123465,0
PEO,60,20221028,130000,76,76.4,75.9,76.08,49272,0
PEO,60,20221028,140000,76.08,76.7,76.06,76.5,37485,0
PEO,60,20221028,150000,76.5,76.84,76.28,76.84,63342,0
PEO,60,20221028,160000,76.82,77.44,76.74,77.1,85839,0
PEO,60,20221028,170000,77.1,77.7,77,77,310695,0
PEO,60,20221031,100000,77,77.8,76.76,77.36,42858,0
PEO,60,20221031,110000,77.36,78.38,77.32,78.08,63954,0
PEO,60,20221031,120000,78.08,78.3,78.06,78.22,29112,0
PEO,60,20221031,130000,78.22,78.66,78.22,78.5,32584,0
PEO,60,20221031,140000,78.5,78.66,78.4,78.64,29744,0
PEO,60,20221031,150000,78.62,78.62,78.14,78.14,86839,0
PEO,60,20221031,160000,78.12,78.6,78.12,78.54,142512,0
PEO,60,20221031,170000,78.56,78.74,78.42,78.44,377365,0
PEO,60,20221102,100000,78.5,79.58,77.54,78.2,212426,0
PEO,60,20221102,110000,78.22,79.12,78.1,78.98,142537,0
PEO,60,20221102,120000,79.02,79.16,78.56,79,103274,0
PEO,60,20221102,130000,79,79.56,78.92,78.98,97572,0
PEO,60,20221102,140000,78.96,79.12,78.48,79.06,102893,0
PEO,60,20221102,150000,79.08,79.32,78.58,78.96,109147,0
PEO,60,20221102,160000,79,79.14,78.24,78.7,151454,0
PEO,60,20221102,170000,78.7,79.46,78.7,79.46,272672,0
PEO,60,20221103,100000,76.5,78.18,76.5,78.08,139119,0
PEO,60,20221103,110000,78.12,78.32,77.66,77.92,40312,0
PEO,60,20221103,120000,77.96,78.04,77.08,77.24,79129,0
PEO,60,20221103,130000,77.2,77.52,77.08,77.38,43356,0
PEO,60,20221103,140000,77.38,78.04,77.08,77.1,107848,0
PEO,60,20221103,150000,77.1,77.44,76.6,76.72,111843,0
PEO,60,20221103,160000,76.72,77.56,76.42,77.56,115244,0
PEO,60,20221103,170000,77.56,77.58,77.02,77.1,246181,0
PEO,60,20221104,100000,77.58,77.68,75.74,76.08,238312,0
PEO,60,20221104,110000,76.12,76.66,75.92,76.08,118606,0
PEO,60,20221104,120000,76.08,76.6,75.84,76.42,120099,0
PEO,60,20221104,130000,76.42,76.86,76.24,76.62,110556,0
PEO,60,20221104,140000,76.6,77.1,76.26,77.1,138476,0
PEO,60,20221104,150000,77.06,77.22,76.44,76.78,97913,0
PEO,60,20221104,160000,76.82,77.18,76.58,76.6,136355,0
PEO,60,20221104,170000,76.6,76.6,75.82,75.82,463606,0
PEO,60,20221107,100000,76.24,79.2,76.16,78.94,185148,0
PEO,60,20221107,110000,78.92,80.48,78.9,80.02,207657,0
PEO,60,20221107,120000,79.94,81.06,79.8,79.9,207503,0
PEO,60,20221107,130000,79.92,80.2,79.52,79.62,125557,0
PEO,60,20221107,140000,79.58,79.64,78.8,79.48,95263,0
PEO,60,20221107,150000,79.48,79.64,78.9,79.08,83761,0
PEO,60,20221107,160000,79.1,79.34,78.5,79.06,143084,0
PEO,60,20221107,170000,79,79.62,79,79.38,398660,0
PEO,60,20221108,100000,79.42,79.78,78.26,79.58,100798,0
PEO,60,20221108,110000,79.5,80.12,79.16,79.96,116361,0
PEO,60,20221108,120000,79.9,80.26,79.76,80.16,142607,0
PEO,60,20221108,130000,80.1,80.1,79.6,79.86,54026,0
PEO,60,20221108,140000,79.84,79.84,79.24,79.56,52268,0
PEO,60,20221108,150000,79.56,79.7,79.08,79.08,48351,0
PEO,60,20221108,160000,79.14,79.5,78.26,78.82,85219,0
PEO,60,20221108,170000,78.82,79.8,78.72,79.68,247990,0
PEO,60,20221109,100000,79.7,80.5,79.36,79.82,193383,0
PEO,60,20221109,110000,79.96,80.26,79.38,79.8,76151,0
PEO,60,20221109,120000,79.84,79.92,79.62,79.74,49277,0
PEO,60,20221109,130000,79.74,80.04,79.66,79.94,96311,0
PEO,60,20221109,140000,79.94,80.08,79.62,80,73418,0
PEO,60,20221109,150000,80.06,80.12,79.7,79.94,46089,0
PEO,60,20221109,160000,79.94,80.16,79.78,79.88,148508,0
PEO,60,20221109,170000,79.88,80.8,79.88,80.04,355479,0
PEO,60,20221110,100000,80,80,78.88,78.88,171840,0
PEO,60,20221110,110000,78.9,79.28,78.54,79.18,58675,0
PEO,60,20221110,120000,79.22,79.86,79.14,79.86,95507,0
PEO,60,20221110,130000,79.88,80.1,79.3,79.4,54695,0
PEO,60,20221110,140000,79.36,79.64,79.32,79.62,61077,0
PEO,60,20221110,150000,79.62,82.4,79.52,82.18,180909,0
PEO,60,20221110,160000,82.18,83,81.62,82.36,143673,0
PEO,60,20221110,170000,82.4,82.5,81.96,82.02,229649,0
PEO,60,20221114,100000,82.1,85.24,82.06,83.6,156794,0
PEO,60,20221114,110000,83.52,84.38,83.34,84.08,77002,0
PEO,60,20221114,120000,84.08,84.56,83.96,84.3,104561,0
PEO,60,20221114,130000,84.32,84.7,84.32,84.4,101958,0
PEO,60,20221114,140000,84.44,85.6,84.38,85.5,113177,0
PEO,60,20221114,150000,85.5,85.86,85.38,85.66,83129,0
PEO,60,20221114,160000,85.6,86.48,85.44,86.32,121636,0
PEO,60,20221114,170000,86.32,86.78,85.08,85.9,343709,0
PEO,60,20221115,100000,86,86.48,85.4,85.6,186066,0
PEO,60,20221115,110000,85.58,85.74,85.1,85.52,118332,0
PEO,60,20221115,120000,85.52,85.68,85,85.6,91782,0
PEO,60,20221115,130000,85.6,86.2,85.6,86.16,79391,0
PEO,60,20221115,140000,86.16,86.86,85.96,86.74,46808,0
PEO,60,20221115,150000,86.82,88.22,86.68,87.5,152678,0
PEO,60,20221115,160000,87.48,87.84,87.06,87.54,95146,0
PEO,60,20221115,170000,87.58,88.3,87.22,87.9,239301,0
PEO,60,20221116,100000,86,87.24,85.06,86.16,221788,0
PEO,60,20221116,110000,86.12,86.38,85.28,85.4,475880,0
PEO,60,20221116,120000,85.4,85.84,84.26,84.52,330782,0
PEO,60,20221116,130000,84.52,84.64,83.52,83.6,267331,0
PEO,60,20221116,140000,83.58,84.26,83.2,84.22,131533,0
PEO,60,20221116,150000,84.22,84.88,84,84.64,117110,0
PEO,60,20221116,160000,84.64,85.7,84.6,85.3,141762,0
PEO,60,20221116,170000,85.38,86.04,85.22,86,314405,0
PEO,60,20221117,100000,86.5,86.5,84.1,84.28,158080,0
PEO,60,20221117,110000,84.28,84.32,82.6,83,208701,0
PEO,60,20221117,120000,82.98,83.16,82.1,82.28,123066,0
PEO,60,20221117,130000,82.3,82.6,81.9,82.58,144889,0
PEO,60,20221117,140000,82.58,82.7,82.26,82.5,53067,0
PEO,60,20221117,150000,82.5,83.04,82.16,82.84,84281,0
PEO,60,20221117,160000,82.84,83.88,82.68,83.44,112826,0
PEO,60,20221117,170000,83.46,84.18,83.32,83.34,270161,0
PEO,60,20221118,100000,83.34,83.88,82,82.8,198233,0
PEO,60,20221118,110000,82.78,84.34,82.64,83.88,132834,0
PEO,60,20221118,120000,83.74,84.24,83.54,84.24,92495,0
PEO,60,20221118,130000,84.24,84.84,84.24,84.5,152209,0
PEO,60,20221118,140000,84.54,84.76,84.22,84.4,39808,0
PEO,60,20221118,150000,84.34,84.86,84.3,84.38,33212,0
PEO,60,20221118,160000,84.42,84.54,83.7,83.76,90345,0
PEO,60,20221118,170000,83.84,84.16,83.58,83.8,205274,0
PEO,60,20221121,100000,84.88,84.88,82.84,83.8,65665,0
PEO,60,20221121,110000,83.8,84.08,83.4,83.68,51584,0
PEO,60,20221121,120000,83.64,84.38,83.64,84.1,95320,0
PEO,60,20221121,130000,84.08,84.38,83.7,83.7,53847,0
PEO,60,20221121,140000,83.7,83.96,83.26,83.72,37669,0
PEO,60,20221121,150000,83.68,84.4,83.34,84.38,62193,0
PEO,60,20221121,160000,84.32,84.38,83.8,84.16,162635,0
PEO,60,20221121,170000,84.22,84.46,82.9,83.36,123994,0
PEO,60,20221122,100000,83,83.34,82.26,83.14,52624,0
PEO,60,20221122,110000,83.26,83.84,83,83.8,54270,0
PEO,60,20221122,120000,83.76,83.94,83.6,83.82,17096,0
PEO,60,20221122,130000,83.82,84.1,83.64,84.04,23844,0
PEO,60,20221122,140000,84.02,84.28,83.92,84.02,14490,0
PEO,60,20221122,150000,84.04,84.66,84.04,84.28,76356,0
PEO,60,20221122,160000,84.3,84.42,84.12,84.22,44760,0
PEO,60,20221122,170000,84.16,84.34,83.96,84,152380,0
PEO,60,20221123,100000,84.02,84.46,83.38,83.94,86608,0
PEO,60,20221123,110000,83.92,84.64,83.68,84.54,30065,0
PEO,60,20221123,120000,84.52,84.62,84.24,84.5,13179,0
PEO,60,20221123,130000,84.42,84.44,84.04,84.14,22198,0
PEO,60,20221123,140000,84.12,84.5,84,84.36,31333,0
PEO,60,20221123,150000,84.38,84.54,83.48,83.68,48109,0
PEO,60,20221123,160000,83.72,84.24,83.5,83.9,74817,0
PEO,60,20221123,170000,83.94,84.44,83.76,83.76,128631,0
PEO,60,20221124,100000,84.6,85.44,84.26,85.08,76366,0
PEO,60,20221124,110000,84.9,86.12,84.86,85.7,86208,0
PEO,60,20221124,120000,85.6,85.68,85.16,85.3,59196,0
PEO,60,20221124,130000,85.34,85.34,85.16,85.3,14701,0
PEO,60,20221124,140000,85.22,85.3,84.86,84.94,38238,0
PEO,60,20221124,150000,84.86,85.58,84.8,85.46,74407,0
PEO,60,20221124,160000,85.5,85.68,85.12,85.56,25545,0
PEO,60,20221124,170000,85.64,85.76,85.4,85.76,69508,0
PEO,60,20221125,100000,86,86,84.74,85.38,78650,0
PEO,60,20221125,110000,85.44,86,85.36,85.9,65032,0
PEO,60,20221125,120000,85.8,86.44,85.64,86.08,50494,0
PEO,60,20221125,130000,86.08,86.26,85.42,85.42,60487,0
PEO,60,20221125,140000,85.4,85.8,85.38,85.66,26289,0
PEO,60,20221125,150000,85.64,85.74,85.3,85.52,46912,0
PEO,60,20221125,160000,85.52,86,85.46,86,105182,0
PEO,60,20221125,170000,86,86.7,85.84,86.28,140836,0
PEO,60,20221128,100000,85.8,85.86,84.52,85.3,65963,0
PEO,60,20221128,110000,85.24,86.16,85.14,85.76,67275,0
PEO,60,20221128,120000,85.76,86.4,85.52,86.02,43062,0
PEO,60,20221128,130000,86.02,86.3,85.8,86.28,28498,0
PEO,60,20221128,140000,86.34,86.64,86.02,86.54,80289,0
PEO,60,20221128,150000,86.5,86.6,85.66,85.82,62733,0
PEO,60,20221128,160000,85.82,86.04,84.76,85,204239,0
PEO,60,20221128,170000,85,85.46,84.52,84.68,266438,0
PEO,60,20221129,100000,85.1,85.22,83.1,83.66,177937,0
PEO,60,20221129,110000,83.6,83.62,82.8,83.4,88667,0
PEO,60,20221129,120000,83.4,84.18,83.4,83.8,35083,0
PEO,60,20221129,130000,83.8,84.32,83.74,84.32,12258,0
PEO,60,20221129,140000,84.3,84.3,83.7,83.76,14197,0
PEO,60,20221129,150000,83.86,84.04,83.72,83.98,19516,0
PEO,60,20221129,160000,83.98,84.3,83.92,84.26,34350,0
PEO,60,20221129,170000,84.26,84.62,83.88,83.88,194942,0
PEO,60,20221130,100000,84.5,84.66,82.9,83.38,145056,0
PEO,60,20221130,110000,83.36,84.84,83.32,84.22,145718,0
PEO,60,20221130,120000,84.2,84.9,83.8,84.64,58509,0
PEO,60,20221130,130000,84.6,84.64,83.96,84.32,61502,0
PEO,60,20221130,140000,84.32,84.9,84.22,84.72,69305,0
PEO,60,20221130,150000,84.72,85,84.44,84.84,111027,0
PEO,60,20221130,160000,84.82,85.14,84.6,84.88,123227,0
PEO,60,20221130,170000,84.84,84.84,83.68,83.9,760764,0
PEO,60,20221201,100000,86.08,86.1,84.84,85.2,150678,0
PEO,60,20221201,110000,85.26,85.86,85.26,85.74,36420,0
PEO,60,20221201,120000,85.82,86.02,85.74,85.82,46706,0
PEO,60,20221201,130000,85.8,86.4,85.7,86.1,71552,0
PEO,60,20221201,140000,86.1,86.28,85.66,85.98,51169,0
PEO,60,20221201,150000,85.96,86.6,85.84,86.02,109059,0
PEO,60,20221201,160000,86,86.22,85.82,85.92,121526,0
PEO,60,20221201,170000,85.92,86.16,85.12,85.78,231455,0
PEO,60,20221202,100000,86,86,84.42,84.56,88127,0
PEO,60,20221202,110000,84.6,84.96,84.36,84.74,51677,0
PEO,60,20221202,120000,84.74,84.92,83.62,84.82,79512,0
PEO,60,20221202,130000,84.74,85.1,84.7,84.98,80651,0
PEO,60,20221202,140000,84.94,85.04,84.54,84.82,122188,0
PEO,60,20221202,150000,84.82,85.14,84.48,84.74,112248,0
PEO,60,20221202,160000,84.74,84.74,84.06,84.56,78748,0
PEO,60,20221202,170000,84.56,85.18,84.3,84.5,230411,0
PEO,60,20221205,100000,84.92,85.88,84.92,85.8,31949,0
PEO,60,20221205,110000,85.78,85.94,85.48,85.86,19620,0
PEO,60,20221205,120000,85.86,86.22,85.86,86.12,49665,0
PEO,60,20221205,130000,86.14,86.3,86.1,86.3,19572,0
PEO,60,20221205,140000,86.26,86.32,86.06,86.12,17592,0
PEO,60,20221205,150000,86.14,86.14,85.7,85.86,49358,0
PEO,60,20221205,160000,85.88,85.88,85.12,85.22,56073,0
PEO,60,20221205,170000,85.2,85.56,84.92,85.38,124672,0
PEO,60,20221206,100000,85,85,83.46,83.98,56341,0
PEO,60,20221206,110000,83.94,84,83.5,83.8,15921,0
PEO,60,20221206,120000,83.72,83.8,83.3,83.44,38028,0
PEO,60,20221206,130000,83.44,83.5,83.2,83.5,26055,0
PEO,60,20221206,140000,83.48,83.82,83.44,83.52,65156,0
PEO,60,20221206,150000,83.5,83.56,83.04,83.16,59551,0
PEO,60,20221206,160000,83.12,83.22,82.86,82.88,56991,0
PEO,60,20221206,170000,82.84,83.1,82.72,83.02,152525,0
PEO,60,20221207,100000,83.02,83.62,82.86,83.62,32839,0
PEO,60,20221207,110000,83.62,83.78,83.4,83.54,23448,0
PEO,60,20221207,120000,83.48,83.62,83.06,83.36,18517,0
PEO,60,20221207,130000,83.4,83.4,83.04,83.12,10776,0
PEO,60,20221207,140000,83.16,83.24,82.94,83.04,33347,0
PEO,60,20221207,150000,83.16,83.52,83.06,83.4,11917,0
PEO,60,20221207,160000,83.4,83.74,83.08,83.24,23136,0
PEO,60,20221207,170000,83.22,83.76,83.06,83.54,133035,0
PEO,60,20221208,100000,83.5,83.5,82.9,83.3,27376,0
PEO,60,20221208,110000,83.36,83.4,82.96,83.02,23684,0
PEO,60,20221208,120000,83.02,83.12,82.58,82.7,34563,0
PEO,60,20221208,130000,82.66,82.84,82.64,82.72,27626,0
PEO,60,20221208,140000,82.7,82.86,82.7,82.72,25451,0
PEO,60,20221208,150000,82.74,82.88,82.6,82.72,26662,0
PEO,60,20221208,160000,82.74,82.74,81.64,82.2,53119,0
PEO,60,20221208,170000,82.12,82.68,82.12,82.48,118681,0
PEO,60,20221209,100000,82.5,82.94,82.48,82.62,33004,0
PEO,60,20221209,110000,82.62,82.68,82.2,82.52,20384,0
PEO,60,20221209,120000,82.5,82.62,82.26,82.26,35567,0
PEO,60,20221209,130000,82.26,82.7,82.24,82.7,36333,0
PEO,60,20221209,140000,82.7,83,82.38,82.94,48288,0
PEO,60,20221209,150000,82.94,83.06,81.9,82.56,79048,0
PEO,60,20221209,160000,82.6,83.24,82.46,82.72,69641,0
PEO,60,20221209,170000,82.78,82.98,82.64,82.64,197628,0
PEO,60,20221212,100000,82.66,82.66,81.7,82.5,22635,0
PEO,60,20221212,110000,82.46,83.5,82.46,83.26,29671,0
PEO,60,20221212,120000,83.24,83.9,83.22,83.84,30422,0
PEO,60,20221212,130000,83.84,83.84,83.56,83.62,17450,0
PEO,60,20221212,140000,83.64,83.88,83.64,83.74,22493,0
PEO,60,20221212,150000,83.76,84.64,83.7,84.28,57372,0
PEO,60,20221212,160000,84.28,84.5,84.12,84.5,59187,0
PEO,60,20221212,170000,84.54,85.1,84.38,84.54,174624,0
PEO,60,20221213,100000,85.1,85.16,84.26,84.32,75877,0
PEO,60,20221213,110000,84.36,84.58,84.04,84.24,47626,0
PEO,60,20221213,120000,84.24,84.64,84.1,84.38,31776,0
PEO,60,20221213,130000,84.3,84.5,84.2,84.2,22104,0
PEO,60,20221213,140000,84.26,84.58,84.2,84.58,25369,0
PEO,60,20221213,150000,84.56,86.08,84.46,86.08,184767,0
PEO,60,20221213,160000,86.08,87.02,86.02,86.9,176721,0
PEO,60,20221213,170000,86.94,86.94,85.64,85.64,301863,0
PEO,60,20221214,100000,85.5,85.98,84.98,85.42,67140,0
PEO,60,20221214,110000,85.42,85.74,84.92,85.3,78702,0
PEO,60,20221214,120000,85.3,85.48,85.02,85.38,48709,0
PEO,60,20221214,130000,85.38,86.14,85.34,85.94,47777,0
PEO,60,20221214,140000,85.92,86.28,85.48,85.72,31299,0
PEO,60,20221214,150000,85.74,86.14,85.66,86.14,28423,0
PEO,60,20221214,160000,86.16,86.6,86.08,86.54,89578,0
PEO,60,20221214,170000,86.54,86.68,85.5,85.76,184849,0
PEO,60,20221215,100000,85.96,86.06,84.44,84.56,96324,0
PEO,60,20221215,110000,84.6,84.64,84.2,84.2,50019,0
PEO,60,20221215,120000,84.26,85.06,84.06,84.9,38552,0
PEO,60,20221215,130000,84.88,85.04,84.7,84.8,74489,0
PEO,60,20221215,140000,84.8,84.96,84.4,84.4,32733,0
PEO,60,20221215,150000,84.46,84.56,83.64,83.84,70015,0
PEO,60,20221215,160000,83.82,84.06,83.42,83.48,77544,0
PEO,60,20221215,170000,83.48,84.46,83.4,84.12,258871,0
PEO,60,20221216,100000,83.52,84.42,83.12,83.28,66365,0
PEO,60,20221216,110000,83.36,83.96,82.7,83.52,132867,0
PEO,60,20221216,120000,83.52,83.86,82.98,83,318356,0
PEO,60,20221216,130000,83.06,83.48,82.84,83.1,31370,0
PEO,60,20221216,140000,83.02,83.32,83.02,83.08,35519,0
PEO,60,20221216,150000,83.08,83.38,83,83.38,127630,0
PEO,60,20221216,160000,83.38,83.96,83.12,83.48,127660,0
PEO,60,20221216,170000,83.52,84.16,83.24,83.88,676666,0
PEO,60,20221219,100000,83.5,84.28,83.3,83.86,53026,0
PEO,60,20221219,110000,83.98,84.14,83.48,83.5,36578,0
PEO,60,20221219,120000,83.5,83.82,83.08,83.16,39325,0
PEO,60,20221219,130000,83.1,83.18,82.86,83.12,21677,0
PEO,60,20221219,140000,83.12,83.46,82.98,83.44,21901,0
PEO,60,20221219,150000,83.42,83.52,83.2,83.32,68170,0
PEO,60,20221219,160000,83.34,83.92,83.3,83.7,81761,0
PEO,60,20221219,170000,83.72,84.5,83.72,83.84,107583,0
PEO,60,20221220,100000,82.84,83.86,82.78,83.48,40321,0
PEO,60,20221220,110000,83.5,84,83.04,83.96,36722,0
PEO,60,20221220,120000,83.96,84.14,83.56,83.72,17923,0
PEO,60,20221220,130000,83.84,84.4,83.78,84.2,22247,0
PEO,60,20221220,140000,84.2,84.68,84.2,84.44,22246,0
PEO,60,20221220,150000,84.34,84.5,84.06,84.08,31218,0
PEO,60,20221220,160000,84.08,85.66,84,85.56,116811,0
PEO,60,20221220,170000,85.56,85.9,85.12,85.6,127645,0
PEO,60,20221221,100000,85.82,86.02,84.6,85.14,23534,0
PEO,60,20221221,110000,85.28,85.46,85.04,85.2,12954,0
PEO,60,20221221,120000,85.08,85.26,84.94,85.1,9284,0
PEO,60,20221221,130000,85.1,85.24,85,85.2,8758,0
PEO,60,20221221,140000,85.18,85.6,85.02,85.5,55268,0
PEO,60,20221221,150000,85.5,86.22,85.42,85.98,103719,0
PEO,60,20221221,160000,86,86.74,85.88,86.28,106269,0
PEO,60,20221221,170000,86.4,86.96,86.12,86.96,323261,0
PEO,60,20221222,100000,87,87.8,87,87.3,51393,0
PEO,60,20221222,110000,87.3,87.48,86.98,86.98,43697,0
PEO,60,20221222,120000,86.98,87.26,86.74,86.84,30405,0
PEO,60,20221222,130000,86.88,86.88,86.36,86.36,21475,0
PEO,60,20221222,140000,86.44,86.72,86.04,86.6,27182,0
PEO,60,20221222,150000,86.5,86.9,86.38,86.74,33076,0
PEO,60,20221222,160000,86.8,87.36,86.58,87.24,91825,0
PEO,60,20221222,170000,87.26,87.46,86.86,86.88,109172,0
PEO,60,20221223,100000,86.98,86.98,85.98,86.4,28103,0
PEO,60,20221223,110000,86.4,86.54,86.04,86.22,13221,0
PEO,60,20221223,120000,86.32,86.52,86.2,86.26,14785,0
PEO,60,20221223,130000,86.28,86.3,85.9,86.16,38585,0
PEO,60,20221223,140000,86.24,86.36,86.1,86.2,11920,0
PEO,60,20221223,150000,86.16,86.38,85.88,85.88,50182,0
PEO,60,20221223,160000,85.9,85.9,85.3,85.48,44094,0
PEO,60,20221223,170000,85.44,86,85.36,85.7,82485,0
PEO,60,20221227,100000,86,86.26,85.72,85.74,13056,0
PEO,60,20221227,110000,85.7,86.02,85.42,86.02,12667,0
PEO,60,20221227,120000,86.02,86.06,85.82,85.86,11666,0
PEO,60,20221227,130000,85.82,86,85.32,85.46,18136,0
PEO,60,20221227,140000,85.4,85.46,85.14,85.24,9617,0
PEO,60,20221227,150000,85.34,85.62,85.14,85.14,10828,0
PEO,60,20221227,160000,85.14,85.26,84.44,84.82,43196,0
PEO,60,20221227,170000,84.82,84.98,84.66,84.86,40236,0
PEO,60,20221228,100000,85,85.24,84.24,85.12,22037,0
PEO,60,20221228,110000,85.18,85.42,84.96,85.24,12846,0
PEO,60,20221228,120000,85.24,85.48,85.1,85.42,14262,0
PEO,60,20221228,130000,85.34,85.38,84.66,85.18,57696,0
PEO,60,20221228,140000,85.12,85.9,84.94,85.76,36120,0
PEO,60,20221228,150000,85.62,85.74,85.24,85.5,30450,0
PEO,60,20221228,160000,85.44,85.7,85.38,85.5,18625,0
PEO,60,20221228,170000,85.56,85.7,85.44,85.66,90525,0
PEO,60,20221229,100000,85.3,86.38,85.08,86.26,15524,0
PEO,60,20221229,110000,86.24,86.8,86.24,86.68,16535,0
PEO,60,20221229,120000,86.7,87.4,86.56,87.2,33672,0
PEO,60,20221229,130000,87.16,87.54,87,87.12,20921,0
PEO,60,20221229,140000,87.2,87.3,87.02,87.12,10351,0
PEO,60,20221229,150000,87.08,87.22,86.8,87.02,14985,0
PEO,60,20221229,160000,86.94,87.06,86.5,87.06,27100,0
PEO,60,20221229,170000,87.12,87.4,86.94,87.4,100724,0
PEO,60,20221230,100000,85.62,87,85.6,86.18,25927,0
PEO,60,20221230,110000,86.32,86.6,86.12,86.4,14275,0
PEO,60,20221230,120000,86.42,86.72,86.26,86.68,10540,0
PEO,60,20221230,130000,86.68,86.68,86.28,86.3,13470,0
PEO,60,20221230,140000,86.26,86.7,86.26,86.7,13454,0
PEO,60,20221230,150000,86.58,86.7,86.46,86.7,37248,0
PEO,60,20221230,160000,86.6,86.74,86.42,86.44,32869,0
PEO,60,20221230,170000,86.44,86.68,86.4,86.5,101295,0
PEO,60,20230102,100000,87,87.7,86.64,87.7,27154,0
PEO,60,20230102,110000,87.68,87.9,86.9,86.96,54425,0
PEO,60,20230102,120000,86.96,87.12,86.66,86.78,18855,0
PEO,60,20230102,130000,86.74,86.96,86.72,86.84,13586,0
PEO,60,20230102,140000,86.8,86.94,86.76,86.92,9798,0
PEO,60,20230102,150000,86.88,87,86.74,86.86,9293,0
PEO,60,20230102,160000,86.86,87,86.78,86.78,7229,0
PEO,60,20230102,170000,86.86,86.96,86.52,86.52,30963,0
PEO,60,20230103,100000,87,87.5,86.6,87,41622,0
PEO,60,20230103,110000,86.92,88.5,86.82,88.4,509377,0
PEO,60,20230103,120000,88.48,90.2,88.48,89.96,204070,0
PEO,60,20230103,130000,89.9,89.98,89.24,89.8,146859,0
PEO,60,20230103,140000,89.76,89.88,89.6,89.84,38498,0
PEO,60,20230103,150000,89.88,91.46,89.82,91.34,142960,0
PEO,60,20230103,160000,91.34,91.68,90.64,90.64,124481,0
PEO,60,20230103,170000,90.64,91,90.54,90.9,245298,0
PEO,60,20230104,100000,90.9,91.96,90.5,91.82,79882,0
PEO,60,20230104,110000,91.94,92.94,91.58,92.88,106477,0
PEO,60,20230104,120000,92.92,92.92,92.14,92.62,36033,0
PEO,60,20230104,130000,92.62,92.62,92.02,92.26,20110,0
PEO,60,20230104,140000,92.18,92.58,92.06,92.58,27609,0
PEO,60,20230104,150000,92.58,93.2,92.44,93.1,77143,0
PEO,60,20230104,160000,93.1,93.4,92.84,93.24,61623,0
PEO,60,20230104,170000,93.16,93.66,92.54,93.48,257766,0
PEO,60,20230105,100000,93.68,94.3,92.22,94.12,170402,0
PEO,60,20230105,110000,94.22,95.5,94.1,94.66,138215,0
PEO,60,20230105,120000,94.68,95.34,94.28,94.58,83374,0
PEO,60,20230105,130000,94.72,95.22,94.22,95.02,100335,0
PEO,60,20230105,140000,95.06,95.66,93.4,93.7,684547,0
PEO,60,20230105,150000,93.7,94.34,93.24,93.78,210146,0
PEO,60,20230105,160000,93.66,94.98,93.54,94.84,111426,0
PEO,60,20230105,170000,94.66,95.42,94.16,94.48,296144,0
PEO,60,20230109,100000,95.84,97.34,95.3,97.3,139259,0
PEO,60,20230109,110000,97.12,98.5,97.1,97.7,190538,0
PEO,60,20230109,120000,97.7,98.3,97.64,98.08,119822,0
PEO,60,20230109,130000,98.06,98.14,97.54,97.54,31787,0
PEO,60,20230109,140000,97.54,98.14,97.52,97.88,58510,0
PEO,60,20230109,150000,97.88,97.92,97,97.18,55494,0
PEO,60,20230109,160000,97.16,97.76,96.3,97.7,124323,0
PEO,60,20230109,170000,97.64,98.56,97.64,98.46,309711,0
PEO,60,20230110,100000,98,98,96.5,97.34,89878,0
PEO,60,20230110,110000,97.34,97.5,97,97.44,71349,0
PEO,60,20230110,120000,97.44,98.82,97.4,98.22,70421,0
PEO,60,20230110,130000,98.2,98.58,97.82,98.46,38110,0
PEO,60,20230110,140000,98.46,98.62,98.04,98.5,27921,0
PEO,60,20230110,150000,98.5,98.82,98.22,98.8,44794,0
PEO,60,20230110,160000,98.86,99.72,98.3,99.2,94789,0
PEO,60,20230110,170000,99.44,100.2,99.14,99.8,392602,0
PEO,60,20230111,100000,100,100.9,99.22,100,132356,0
PEO,60,20230111,110000,99.96,100.9,99.5,100.55,154859,0
PEO,60,20230111,120000,100.5,101.3,99.5,99.64,204447,0
PEO,60,20230111,130000,99.68,100.45,99.4,100,173964,0
PEO,60,20230111,140000,100.05,100.35,99.88,100.15,176329,0
PEO,60,20230111,150000,100,100.05,99.4,99.66,102184,0
PEO,60,20230111,160000,99.64,99.8,98.78,98.78,329269,0
PEO,60,20230111,170000,98.76,99.18,98.18,98.96,288529,0
PEO,60,20230112,100000,99.08,100.5,98.52,100.15,98728,0
PEO,60,20230112,110000,100.15,101.7,100,101.3,155274,0
PEO,60,20230112,120000,101.35,102.25,100.85,101.9,236025,0
PEO,60,20230112,130000,101.95,102.45,101.9,102.15,83530,0
PEO,60,20230112,140000,102,102.25,101.15,101.5,90080,0
PEO,60,20230112,150000,101.45,102.35,100.65,101.55,141382,0
PEO,60,20230112,160000,101.65,101.8,100.2,100.85,121164,0
PEO,60,20230112,170000,100.85,101.7,100.5,101.35,371693,0
PEO,60,20230113,100000,101.8,101.8,100.1,100.75,153399,0
PEO,60,20230113,110000,100.75,100.8,100.3,100.3,41814,0
PEO,60,20230113,120000,100.35,100.8,100,100.75,52968,0
PEO,60,20230113,130000,100.65,100.65,99.9,100.1,98447,0
PEO,60,20230113,140000,100,100.05,99.54,99.6,60828,0
PEO,60,20230113,150000,99.58,99.76,98.9,99.24,64671,0
PEO,60,20230113,160000,99.24,100.15,98.96,100.15,94423,0
PEO,60,20230113,170000,100.15,101.2,100,101,217017,0
PEO,60,20230116,100000,101,101.35,99.9,100.35,168868,0
PEO,60,20230116,110000,100.35,101.5,100.25,101,61772,0
PEO,60,20230116,120000,101,101.9,100.8,101.85,189207,0
PEO,60,20230116,130000,101.7,103.1,101.5,102.3,129846,0
PEO,60,20230116,140000,102.3,102.9,102.05,102.7,56357,0
PEO,60,20230116,150000,102.75,102.9,102.05,102.5,68819,0
PEO,60,20230116,160000,102.55,103.55,102.45,103.4,127455,0
PEO,60,20230116,170000,103.35,103.6,101.25,101.8,258438,0
PEO,60,20230117,100000,102,102.25,99.2,99.48,241576,0
PEO,60,20230117,110000,99.5,99.98,98.86,99.2,232282,0
PEO,60,20230117,120000,99.2,99.38,98.6,99,100620,0
PEO,60,20230117,130000,99.04,99.38,98.32,98.8,66193,0
PEO,60,20230117,140000,98.86,99.5,98.74,99.5,47075,0
PEO,60,20230117,150000,99.5,99.96,99.2,99.88,73780,0
PEO,60,20230117,160000,99.9,100,98.18,98.64,245367,0
PEO,60,20230117,170000,98.64,98.9,97.64,97.78,486566,0
PEO,60,20230118,100000,97.5,97.7,96.76,96.94,287829,0
PEO,60,20230118,110000,96.94,97.06,95.6,96.04,187170,0
PEO,60,20230118,120000,96.02,96.2,95.72,95.94,143043,0
PEO,60,20230118,130000,95.96,96,95.44,95.58,116240,0
PEO,60,20230118,140000,95.54,95.66,94.88,95.54,154869,0
PEO,60,20230118,150000,95.54,96.52,95.5,96.18,611063,0
PEO,60,20230118,160000,96.1,96.96,95.86,96.3,359271,0
PEO,60,20230118,170000,96.28,96.5,95.7,95.9,328686,0
PEO,60,20230119,100000,94.48,96.06,94.08,95.4,79396,0
PEO,60,20230119,110000,95.38,95.74,94.54,94.54,127295,0
PEO,60,20230119,120000,94.6,95.14,94.58,94.94,59658,0
PEO,60,20230119,130000,94.94,95.02,94.34,94.74,125029,0
PEO,60,20230119,140000,94.78,94.96,94.54,94.86,90515,0
PEO,60,20230119,150000,94.86,94.96,94.54,94.8,60374,0
PEO,60,20230119,160000,94.78,95.46,94.7,95.32,239813,0
PEO,60,20230119,170000,95.26,95.6,94.94,95.2,672017,0
PEO,60,20230120,100000,96,96,94.66,95,153589,0
PEO,60,20230120,110000,95,95.32,94.74,95.02,97988,0
PEO,60,20230120,120000,95,95.06,94.74,94.76,79893,0
PEO,60,20230120,130000,94.74,94.8,94.22,94.5,99593,0
PEO,60,20230120,140000,94.54,95.22,94.34,94.94,83514,0
PEO,60,20230120,150000,94.94,95.4,94.84,95,96159,0
PEO,60,20230120,160000,94.98,95.2,94.8,94.98,166699,0
PEO,60,20230120,170000,95,95.4,94.82,95.4,428581,0
PEO,60,20230123,100000,96.1,96.16,95.1,95.44,101841,0
PEO,60,20230123,110000,95.44,95.82,95.1,95.82,25989,0
PEO,60,20230123,120000,95.78,96.52,95.56,96.32,30370,0
PEO,60,20230123,130000,96.28,96.5,95.8,96.22,511349,0
PEO,60,20230123,140000,96.16,96.6,95.44,96.5,237877,0
PEO,60,20230123,150000,96.5,96.58,96.2,96.2,450800,0
PEO,60,20230123,160000,96.22,96.4,95.92,96.24,33180,0
PEO,60,20230123,170000,96.28,97,96,96.7,365992,0
PEO,60,20230124,100000,97.5,97.5,96.74,96.78,60753,0
PEO,60,20230124,110000,96.84,97.1,96.2,96.34,53618,0
PEO,60,20230124,120000,96.32,96.48,95.5,95.98,139477,0
PEO,60,20230124,130000,95.98,96.16,95.68,96.04,58341,0
PEO,60,20230124,140000,96.04,96.34,95.7,95.78,20321,0
PEO,60,20230124,150000,95.84,96.28,95.76,96.12,36319,0
PEO,60,20230124,160000,96.1,96.42,95.9,95.9,49256,0
PEO,60,20230124,170000,95.98,96.6,95.94,96.4,127181,0
PEO,60,20230125,100000,94.94,94.94,90.4,91.46,1064229,0
PEO,60,20230125,110000,91.52,92.48,91.4,91.8,316120,0
PEO,60,20230125,120000,91.84,92.8,91.4,92.24,352791,0
PEO,60,20230125,130000,92.26,93.04,92.1,92.92,228880,0
PEO,60,20230125,140000,92.92,93.18,92.4,92.48,118604,0
PEO,60,20230125,150000,92.48,92.6,91.94,92,101739,0
PEO,60,20230125,160000,92.02,92.5,91.9,92.2,65703,0
PEO,60,20230125,170000,92.22,92.3,91.56,91.9,243892,0
PEO,60,20230126,100000,93,93.12,91.14,91.26,146512,0
PEO,60,20230126,110000,91.2,91.56,90.7,91.56,50877,0
PEO,60,20230126,120000,91.58,92.12,91.5,91.92,51458,0
PEO,60,20230126,130000,91.92,92.02,91.54,91.98,109637,0
PEO,60,20230126,140000,92,92.6,91.72,92.58,32435,0
PEO,60,20230126,150000,92.6,92.78,92,92.4,74147,0
PEO,60,20230126,160000,92.4,92.5,91.74,91.92,137537,0
PEO,60,20230126,170000,91.96,92.96,91.76,92.52,205859,0
PEO,60,20230127,100000,93,93.2,92.1,92.4,57949,0
PEO,60,20230127,110000,92.48,92.64,91.8,92.12,91297,0
PEO,60,20230127,120000,92.08,92.3,91.54,92.24,65565,0
PEO,60,20230127,130000,92.3,92.44,92.08,92.4,24042,0
PEO,60,20230127,140000,92.4,92.44,91.6,91.66,55861,0
PEO,60,20230127,150000,91.62,91.82,91.56,91.62,52900,0
PEO,60,20230127,160000,91.7,92.1,91.58,91.96,72064,0
PEO,60,20230127,170000,91.86,92.18,91.48,91.48,192524,0
PEO,60,20230130,100000,91.4,91.4,90,90.66,65888,0
PEO,60,20230130,110000,90.66,90.7,89.82,90.06,56187,0
PEO,60,20230130,120000,90.06,90.4,89.86,90.1,38653,0
PEO,60,20230130,130000,90.14,90.3,89.78,89.94,40628,0
PEO,60,20230130,140000,90,90.2,89.64,89.82,49382,0
PEO,60,20230130,150000,89.8,90.14,89.58,89.92,39961,0
PEO,60,20230130,160000,89.84,90.08,89.78,89.82,38615,0
PEO,60,20230130,170000,89.84,90.12,89.6,90.12,146063,0
PEO,60,20230131,100000,90,90.52,89.38,90.42,98578,0
PEO,60,20230131,110000,90.42,91.14,90.32,91.14,148063,0
PEO,60,20230131,120000,91.06,91.62,90.78,91.44,222799,0
PEO,60,20230131,130000,91.44,91.88,91.44,91.86,68928,0
PEO,60,20230131,140000,91.88,92,91.26,91.56,107380,0
PEO,60,20230131,150000,91.5,92.18,91.4,91.84,228479,0
PEO,60,20230131,160000,91.82,92.28,91.78,91.8,124273,0
PEO,60,20230131,170000,91.74,92.2,91.54,92.2,340387,0
PEO,60,20230201,100000,92.2,92.36,90.7,90.9,134589,0
PEO,60,20230201,110000,90.92,91.36,90.6,90.6,52432,0
PEO,60,20230201,120000,90.66,91.2,90.4,91.2,44651,0
PEO,60,20230201,130000,91.2,91.72,91.14,91.56,42868,0
PEO,60,20230201,140000,91.6,91.88,91.42,91.72,38421,0
PEO,60,20230201,150000,91.72,91.9,91.5,91.5,38604,0
PEO,60,20230201,160000,91.46,91.76,91.32,91.44,86066,0
PEO,60,20230201,170000,91.48,91.6,90.86,90.86,234406,0
PEO,60,20230202,100000,92.3,92.3,90.62,90.62,159270,0
PEO,60,20230202,110000,90.62,91.62,90.62,91.36,58350,0
PEO,60,20230202,120000,91.36,91.58,91.02,91.16,68159,0
PEO,60,20230202,130000,91.14,91.82,90.82,91.62,56297,0
PEO,60,20230202,140000,91.62,91.86,91.36,91.8,99776,0
PEO,60,20230202,150000,91.7,92.54,91.3,92.48,484883,0
PEO,60,20230202,160000,92.44,92.62,91.66,92.06,166228,0
PEO,60,20230202,170000,91.94,92.5,91.84,92.34,208435,0
PEO,60,20230203,100000,91.9,93,91.6,92.82,92734,0
PEO,60,20230203,110000,92.78,94.42,92.68,93.92,266197,0
PEO,60,20230203,120000,93.96,94.44,93.74,93.98,187310,0
PEO,60,20230203,130000,94.04,94.06,93.22,93.42,172981,0
PEO,60,20230203,140000,93.5,94,93.34,93.38,87828,0
PEO,60,20230203,150000,93.34,93.6,92.9,93.32,160579,0
PEO,60,20230203,160000,93.26,93.5,92.38,92.4,104290,0
PEO,60,20230203,170000,92.48,93.6,92.2,93.4,229769,0
PEO,60,20230206,100000,92.94,93.08,91.74,92.26,75060,0
PEO,60,20230206,110000,92.2,92.24,91.2,91.36,106303,0
PEO,60,20230206,120000,91.3,91.36,90.66,90.92,98656,0
PEO,60,20230206,130000,91,91.28,90.72,91.24,99244,0
PEO,60,20230206,140000,91.26,91.62,91.18,91.48,45482,0
PEO,60,20230206,150000,91.48,91.52,90.88,91.1,61122,0
PEO,60,20230206,160000,91.1,91.18,90.5,90.84,82000,0
PEO,60,20230206,170000,90.8,91.34,90.28,91,289735,0
PEO,60,20230207,100000,91.68,92.38,90.92,91,100246,0
PEO,60,20230207,110000,90.94,91.84,90.9,91.74,56633,0
PEO,60,20230207,120000,91.72,91.78,91.36,91.62,32077,0
PEO,60,20230207,130000,91.6,91.6,91.02,91.14,46883,0
PEO,60,20230207,140000,91.16,91.5,91.06,91.14,68565,0
PEO,60,20230207,150000,91.14,91.14,90.66,90.86,92372,0
PEO,60,20230207,160000,90.92,91,90.5,90.8,42552,0
PEO,60,20230207,170000,90.78,91.2,90.48,91.2,225627,0
PEO,60,20230208,100000,91.98,92.02,91.4,91.9,52028,0
PEO,60,20230208,110000,91.9,92.2,91.48,91.58,71211,0
PEO,60,20230208,120000,91.6,92.22,91.46,91.92,91957,0
PEO,60,20230208,130000,91.92,92.6,91.92,92.6,55258,0
PEO,60,20230208,140000,92.7,92.7,92.32,92.46,38776,0
PEO,60,20230208,150000,92.48,92.74,92.42,92.68,46135,0
PEO,60,20230208,160000,92.68,92.86,92.42,92.76,55000,0
PEO,60,20230208,170000,92.74,93.04,92.12,92.44,156745,0
PEO,60,20230209,100000,93,93.82,92.64,93.8,55294,0
PEO,60,20230209,110000,93.76,94.16,93.66,94,99476,0
PEO,60,20230209,120000,94,95.04,94,94.66,174781,0
PEO,60,20230209,130000,94.62,95.1,94.42,94.98,86151,0
PEO,60,20230209,140000,95,95.44,94.94,94.96,126865,0
PEO,60,20230209,150000,94.96,95.02,94.44,94.64,95487,0
PEO,60,20230209,160000,94.64,94.64,93.74,93.86,94706,0
PEO,60,20230209,170000,93.86,94.44,93.82,94.16,240324,0
PEO,60,20230210,100000,94.12,94.12,92.72,93.18,72518,0
PEO,60,20230210,110000,93.18,93.58,92.82,92.94,109874,0
PEO,60,20230210,120000,92.92,93.14,91.92,92,423058,0
PEO,60,20230210,130000,92.06,92.42,91.7,92.38,116387,0
PEO,60,20230210,140000,92.38,92.62,92.06,92.44,78644,0
PEO,60,20230210,150000,92.4,93.16,92.28,92.54,75054,0
PEO,60,20230210,160000,92.5,92.78,92.08,92.56,105159,0
PEO,60,20230210,170000,92.54,92.6,91.84,91.84,192827,0
PEO,60,20230213,100000,92.86,93.12,91.82,92.26,35620,0
PEO,60,20230213,110000,92.26,92.54,91.74,92.08,94848,0
PEO,60,20230213,120000,92.08,92.44,92.08,92.4,40705,0
PEO,60,20230213,130000,92.46,92.52,92.2,92.5,22822,0
PEO,60,20230213,140000,92.42,92.96,92.4,92.96,28283,0
PEO,60,20230213,150000,92.9,93.06,92.5,92.54,89582,0
PEO,60,20230213,160000,92.54,93.08,92.1,93.08,58631,0
PEO,60,20230213,170000,93.08,93.26,92.5,92.7,118104,0
PEO,60,20230214,100000,93,93.5,92.68,93.22,86720,0
PEO,60,20230214,110000,93.18,93.48,92.8,93.04,167096,0
PEO,60,20230214,120000,93,94.18,92.74,94,117849,0
PEO,60,20230214,130000,94.06,94.16,93.32,93.44,58715,0
PEO,60,20230214,140000,93.42,93.56,93.12,93.24,42910,0
PEO,60,20230214,150000,93.26,93.66,92.82,93.12,107774,0
PEO,60,20230214,160000,93.18,93.3,92.34,93.3,100935,0
PEO,60,20230214,170000,93.26,93.8,93.2,93.66,179646,0
PEO,60,20230215,100000,92.96,93.4,92.66,93.06,68491,0
PEO,60,20230215,110000,93,93.9,93,93.36,32249,0
PEO,60,20230215,120000,93.32,93.7,93.22,93.48,23868,0
PEO,60,20230215,130000,93.54,94.18,93.38,94,31670,0
PEO,60,20230215,140000,94.02,94.36,93.94,94.26,21036,0
PEO,60,20230215,150000,94.26,94.28,93.82,93.82,31522,0
PEO,60,20230215,160000,93.76,94.08,93.6,93.6,30760,0
PEO,60,20230215,170000,93.66,94.1,93.52,93.86,163974,0
PEO,60,20230216,100000,94,94.46,93.66,94.22,58787,0
PEO,60,20230216,110000,94.22,94.3,91.04,92.3,228870,0
PEO,60,20230216,120000,92.26,93.46,92,93.3,209420,0
PEO,60,20230216,130000,93.34,93.7,93.02,93.66,135507,0
PEO,60,20230216,140000,93.6,93.92,93.48,93.6,93307,0
PEO,60,20230216,150000,93.64,93.94,93.3,93.52,152224,0
PEO,60,20230216,160000,93.54,94.74,93.2,94.6,138203,0
PEO,60,20230216,170000,94.46,95.2,94.46,95.16,223994,0
PEO,60,20230217,100000,94.5,94.5,92.7,93.4,86402,0
PEO,60,20230217,110000,93.42,93.72,92.94,93.34,104461,0
PEO,60,20230217,120000,93.32,93.38,93,93.24,27787,0
PEO,60,20230217,130000,93.16,93.2,92.34,92.68,68894,0
PEO,60,20230217,140000,92.64,93.3,92.54,93.16,62919,0
PEO,60,20230217,150000,93.16,93.18,92.42,92.6,74890,0
PEO,60,20230217,160000,92.58,92.7,92.36,92.48,94377,0
PEO,60,20230217,170000,92.52,92.76,92.1,92.1,171650,0
PEO,60,20230220,100000,92.06,92.18,89.92,90,156880,0
PEO,60,20230220,110000,89.98,90.16,89.2,89.58,180987,0
PEO,60,20230220,120000,89.64,90.04,89.42,89.54,191295,0
PEO,60,20230220,130000,89.52,90.1,89.52,90.1,41382,0
PEO,60,20230220,140000,90.1,90.2,89.82,90,38338,0
PEO,60,20230220,150000,90.06,90.6,89.78,90.34,160284,0
PEO,60,20230220,160000,90.32,90.56,90.06,90.22,48036,0
PEO,60,20230220,170000,90.18,90.4,89.92,90.14,140226,0
PEO,60,20230221,100000,89.8,89.98,88.66,88.72,69303,0
PEO,60,20230221,110000,88.66,88.72,87.8,88.3,107832,0
PEO,60,20230221,120000,88.2,88.38,87.7,88.22,68964,0
PEO,60,20230221,130000,88.14,88.18,87.28,87.28,61731,0
PEO,60,20230221,140000,87.32,87.38,86.72,87.3,150703,0
PEO,60,20230221,150000,87.26,87.66,87.06,87.66,49744,0
PEO,60,20230221,160000,87.64,88.2,87.38,87.62,101881,0
PEO,60,20230221,170000,87.64,88.48,87.64,88.34,250184,0
PEO,60,20230222,100000,88.34,88.34,86.46,86.58,104191,0
PEO,60,20230222,110000,86.58,86.96,86.36,86.76,93178,0
PEO,60,20230222,120000,86.76,87.02,86.48,86.64,174892,0
PEO,60,20230222,130000,86.64,86.74,85.9,85.98,65543,0
PEO,60,20230222,140000,85.96,86.52,85.92,86.24,57169,0
PEO,60,20230222,150000,86.22,86.42,86.1,86.38,41935,0
PEO,60,20230222,160000,86.38,86.58,86.12,86.14,167447,0
PEO,60,20230222,170000,86.14,86.46,86.06,86.42,217054,0
PEO,60,20230223,100000,86.38,88.18,86.32,88,121145,0
PEO,60,20230223,110000,88,88.3,87.56,87.86,77682,0
PEO,60,20230223,120000,87.9,88.3,87.84,88.28,67072,0
PEO,60,20230223,130000,88.26,88.32,87.98,88.3,71285,0
PEO,60,20230223,140000,88.26,88.34,87.9,88.06,100943,0
PEO,60,20230223,150000,88.04,88.08,87.46,87.5,88744,0
PEO,60,20230223,160000,87.5,87.74,87.26,87.64,87096,0
PEO,60,20230223,170000,87.7,87.86,87.34,87.34,214191,0
PEO,60,20230224,100000,87.88,88.8,87.4,88.16,47102,0
PEO,60,20230224,110000,88.22,88.4,87.7,88.02,44709,0
PEO,60,20230224,120000,88,88.86,87.9,88.84,73739,0
PEO,60,20230224,130000,88.86,89.12,88.06,88.12,127754,0
PEO,60,20230224,140000,88.12,88.66,88.12,88.36,28371,0
PEO,60,20230224,150000,88.38,88.68,87.8,87.82,132095,0
PEO,60,20230224,160000,87.8,88.24,87.8,88.14,126961,0
PEO,60,20230224,170000,88.2,88.46,87.82,88.14,213362,0
PEO,60,20230227,100000,89.14,89.14,87.8,87.82,43962,0
PEO,60,20230227,110000,87.82,87.92,87.44,87.76,30546,0
PEO,60,20230227,120000,87.7,88.06,87.48,88.04,19113,0
PEO,60,20230227,130000,88.04,88.5,87.8,87.98,42827,0
PEO,60,20230227,140000,87.94,88.12,87.88,88.02,18980,0
PEO,60,20230227,150000,88,88.62,87.74,88.58,63508,0
PEO,60,20230227,160000,88.58,88.58,88.14,88.4,39712,0
PEO,60,20230227,170000,88.32,88.8,87.92,88.22,143986,0
PEO,60,20230228,100000,88.5,89,87.68,88.9,23812,0
PEO,60,20230228,110000,88.9,89.32,88.76,89.06,15190,0
PEO,60,20230228,120000,89.06,89.52,89.02,89.44,30842,0
PEO,60,20230228,130000,89.52,90.22,89.4,90,73697,0
PEO,60,20230228,140000,90,90.46,89.92,90.28,72055,0
PEO,60,20230228,150000,90.28,91.12,90.08,90.84,175224,0
PEO,60,20230228,160000,90.82,90.84,90.06,90.2,74880,0
PEO,60,20230228,170000,90.2,90.4,89.68,89.68,459177,0
PEO,60,20230301,100000,90.36,91,89.78,90.9,71556,0
PEO,60,20230301,110000,90.88,91,90.32,90.62,70970,0
PEO,60,20230301,120000,90.68,91,90.42,90.56,67714,0
PEO,60,20230301,130000,90.56,90.6,90.42,90.48,108420,0
PEO,60,20230301,140000,90.44,90.6,90.12,90.12,33833,0
PEO,60,20230301,150000,90.12,90.24,89.88,90.12,20786,0
PEO,60,20230301,160000,90.08,90.16,89.72,89.88,24532,0
PEO,60,20230301,170000,89.88,90.2,89.2,89.7,561915,0
PEO,60,20230302,100000,90.14,90.2,87.34,87.88,265341,0
PEO,60,20230302,110000,87.84,88.46,87.82,88.36,55095,0
PEO,60,20230302,120000,88.4,88.4,88.04,88.32,62216,0
PEO,60,20230302,130000,88.34,88.4,87.82,87.88,72792,0
PEO,60,20230302,140000,87.88,87.94,87.54,87.8,53423,0
PEO,60,20230302,150000,87.78,88.2,87.68,87.72,59588,0
PEO,60,20230302,160000,87.78,88.04,87.42,87.6,94961,0
PEO,60,20230302,170000,87.56,88.12,87.12,87.36,197597,0
PEO,60,20230303,100000,87.9,88.26,86.4,88.18,618197,0
PEO,60,20230303,110000,88.22,88.4,87.32,87.36,136644,0
PEO,60,20230303,120000,87.4,87.84,87.3,87.78,56378,0
PEO,60,20230303,130000,87.8,87.9,87.5,87.84,52720,0
PEO,60,20230303,140000,87.82,88.06,87.54,87.6,54547,0
PEO,60,20230303,150000,87.62,88.04,87.48,87.58,67764,0
PEO,60,20230303,160000,87.66,88.16,87.64,88,60289,0
PEO,60,20230303,170000,87.96,88.74,87.82,88.68,217361,0
PEO,60,20230306,100000,89.1,90.2,89.1,89.74,232189,0
PEO,60,20230306,110000,89.74,90.06,89.52,89.96,277797,0
PEO,60,20230306,120000,89.94,90.3,89.86,89.88,122597,0
PEO,60,20230306,130000,89.9,89.92,89.32,89.42,40141,0
PEO,60,20230306,140000,89.38,89.82,89.32,89.66,42679,0
PEO,60,20230306,150000,89.68,90,89.54,89.94,51038,0
PEO,60,20230306,160000,89.96,90.08,89.62,90.08,77840,0
PEO,60,20230306,170000,90.04,91.1,89.94,91.1,197936,0
PEO,60,20230307,100000,91.1,91.9,90.64,90.86,89740,0
PEO,60,20230307,110000,90.86,91.7,90.82,91.54,63178,0
PEO,60,20230307,120000,91.54,92.1,91.54,91.76,72671,0
PEO,60,20230307,130000,91.76,91.8,91.4,91.5,47194,0
PEO,60,20230307,140000,91.54,91.54,91.06,91.3,36569,0
PEO,60,20230307,150000,91.34,91.96,91.32,91.84,56986,0
PEO,60,20230307,160000,91.86,91.88,91.06,91.24,117744,0
PEO,60,20230307,170000,91.2,91.2,90.4,90.66,337469,0
PEO,60,20230308,100000,91,91,89.88,90.66,33899,0
PEO,60,20230308,110000,90.66,90.66,89.8,90.26,38444,0
PEO,60,20230308,120000,90.28,90.28,89.92,90.2,27238,0
PEO,60,20230308,130000,90.14,90.46,90.14,90.4,17772,0
PEO,60,20230308,140000,90.42,90.52,90.24,90.48,21949,0
PEO,60,20230308,150000,90.48,90.72,90.3,90.6,40262,0
PEO,60,20230308,160000,90.64,90.88,90.3,90.88,44247,0
PEO,60,20230308,170000,90.84,91.3,90.54,91.1,128049,0
PEO,60,20230309,100000,91.4,91.4,89.96,90.24,32494,0
PEO,60,20230309,110000,90.18,90.18,89.6,89.68,29365,0
PEO,60,20230309,120000,89.7,90.1,89.68,90.06,27717,0
PEO,60,20230309,130000,90.02,90.58,89.94,90.36,25824,0
PEO,60,20230309,140000,90.36,90.62,90.02,90.32,32291,0
PEO,60,20230309,150000,90.32,90.78,90.24,90.56,89741,0
PEO,60,20230309,160000,90.56,90.64,90.22,90.26,34305,0
PEO,60,20230309,170000,90.26,90.36,89.62,89.62,138530,0
PEO,60,20230310,100000,88,88,86.8,86.92,111751,0
PEO,60,20230310,110000,86.9,87.6,86.9,87.12,58704,0
PEO,60,20230310,120000,87.06,87.1,86.42,86.54,94055,0
PEO,60,20230310,130000,86.52,86.7,86.28,86.48,59102,0
PEO,60,20230310,140000,86.48,86.64,86.12,86.14,76536,0
PEO,60,20230310,150000,86.12,86.18,85.48,85.98,103980,0
PEO,60,20230310,160000,85.98,86.1,85,85.54,86664,0
PEO,60,20230310,170000,85.56,85.88,85.14,85.62,286859,0
PEO,60,20230313,100000,87,87.2,82.98,83.36,134771,0
PEO,60,20230313,110000,83.18,83.52,81.94,82.3,199213,0
PEO,60,20230313,120000,82.3,82.5,81.4,82.14,199901,0
PEO,60,20230313,130000,82.12,82.58,81.94,82.52,133674,0
PEO,60,20230313,140000,82.58,82.64,81.88,82.3,105153,0
PEO,60,20230313,150000,82.3,82.78,81.8,82.66,88572,0
PEO,60,20230313,160000,82.58,83.46,82.46,82.9,152531,0
PEO,60,20230313,170000,82.9,83.76,82.34,82.42,328915,0
PEO,60,20230314,100000,82.42,83.12,81.9,82.12,97535,0
PEO,60,20230314,110000,82.12,82.12,81.4,81.74,62436,0
PEO,60,20230314,120000,81.72,81.9,81.52,81.6,48438,0
PEO,60,20230314,130000,81.64,81.98,81.56,81.56,27997,0
PEO,60,20230314,140000,81.6,83.46,81.52,83.24,73061,0
PEO,60,20230314,150000,83.22,83.8,82.74,83.76,99360,0
PEO,60,20230314,160000,83.76,84.12,82.5,82.5,76930,0
PEO,60,20230314,170000,82.56,83.08,82.44,82.72,217979,0
PEO,60,20230315,100000,84.38,84.38,82.86,83.1,86402,0
PEO,60,20230315,110000,83.22,83.54,81.72,81.86,125848,0
PEO,60,20230315,120000,81.86,82.04,79.5,79.72,223507,0
PEO,60,20230315,130000,79.76,80.2,79,79.38,85305,0
PEO,60,20230315,140000,79.38,79.64,78.68,79,113588,0
PEO,60,20230315,150000,79,79.52,78.62,78.98,110440,0
PEO,60,20230315,160000,78.98,80.2,78.88,80.2,196549,0
PEO,60,20230315,170000,80.2,80.74,79.42,80.22,540342,0
PEO,60,20230316,100000,81.56,82.54,80.76,80.94,98246,0
PEO,60,20230316,110000,80.9,80.9,79.76,80.36,43036,0
PEO,60,20230316,120000,80.36,80.54,79.88,79.88,181460,0
PEO,60,20230316,130000,79.9,79.98,79.1,79.2,184136,0
PEO,60,20230316,140000,79.24,79.84,78.68,79.58,160116,0
PEO,60,20230316,150000,79.6,79.72,78.64,79.56,130950,0
PEO,60,20230316,160000,79.58,79.68,78.04,78.8,109953,0
PEO,60,20230316,170000,78.78,79.88,78.64,79.88,331380,0
PEO,60,20230317,100000,80.5,81.9,80.4,81.14,137031,0
PEO,60,20230317,110000,81.22,81.6,81,81.46,50857,0
PEO,60,20230317,120000,81.46,81.46,80.4,80.68,135816,0
PEO,60,20230317,130000,80.68,80.76,79.8,80.28,132272,0
PEO,60,20230317,140000,80.28,80.34,79.78,79.86,58165,0
PEO,60,20230317,150000,79.92,80.22,78.7,78.72,238462,0
PEO,60,20230317,160000,78.8,79.34,77.3,77.6,169859,0
PEO,60,20230317,170000,77.6,78.18,76.92,77.38,859349,0
PEO,60,20230320,100000,76.48,76.48,73.54,75.44,225128,0
PEO,60,20230320,110000,75.44,76.6,74.52,76.06,152676,0
PEO,60,20230320,120000,76.06,76.98,75.64,76.32,128454,0
PEO,60,20230320,130000,76.28,76.58,75.86,76.44,111360,0
PEO,60,20230320,140000,76.46,77.3,76.26,77.2,111491,0
PEO,60,20230320,150000,77.24,77.64,76.9,77.46,85427,0
PEO,60,20230320,160000,77.5,78.22,76.98,78.12,92728,0
PEO,60,20230320,170000,78.12,79.04,78.12,78.88,198057,0
PEO,60,20230321,100000,80,82.2,79.88,81.78,138426,0
PEO,60,20230321,110000,81.72,82.12,81.34,81.94,120529,0
PEO,60,20230321,120000,82,82.3,81.92,82.18,82876,0
PEO,60,20230321,130000,82.2,82.26,81.68,82.14,78357,0
PEO,60,20230321,140000,82.14,82.34,81.7,81.78,55756,0
PEO,60,20230321,150000,81.82,82.56,81.68,82.5,68294,0
PEO,60,20230321,160000,82.48,82.64,81.98,82.44,106019,0
PEO,60,20230321,170000,82.4,83.16,82.36,82.66,183493,0
PEO,60,20230322,100000,82.96,83.2,81.98,83.04,46234,0
PEO,60,20230322,110000,83.12,84.02,82.88,83.98,57495,0
PEO,60,20230322,120000,83.96,84.1,83.68,83.86,63696,0
PEO,60,20230322,130000,83.88,83.92,83.24,83.24,32080,0
PEO,60,20230322,140000,83.24,83.28,82.44,82.56,47601,0
PEO,60,20230322,150000,82.54,82.84,82,82.38,44225,0
PEO,60,20230322,160000,82.34,82.34,81.74,81.78,28657,0
PEO,60,20230322,170000,81.76,81.76,81.2,81.2,211679,0
PEO,60,20230323,100000,81.06,81.84,80.6,81.78,50437,0
PEO,60,20230323,110000,81.7,81.7,79.62,79.76,206976,0
PEO,60,20230323,120000,79.66,80.7,79.5,80.7,62533,0
PEO,60,20230323,130000,80.7,80.92,80.46,80.52,33640,0
PEO,60,20230323,140000,80.52,81.18,80.12,80.88,46164,0
PEO,60,20230323,150000,80.84,81.04,80.5,80.58,45844,0
PEO,60,20230323,160000,80.58,80.96,80.2,80.84,107273,0
PEO,60,20230323,170000,80.8,81.2,80.76,81.2,181136,0
PEO,60,20230324,100000,80.88,80.88,78.86,79.26,85130,0
PEO,60,20230324,110000,79.2,79.64,78.04,78.3,73544,0
PEO,60,20230324,120000,78.24,78.8,77.96,78.04,65746,0
PEO,60,20230324,130000,78.04,78.56,77.8,78.48,35061,0
PEO,60,20230324,140000,78.48,79.22,78.22,79.1,27139,0
PEO,60,20230324,150000,79,79.12,78.32,79.12,70506,0
PEO,60,20230324,160000,79.12,79.44,78.84,79.32,81083,0
PEO,60,20230324,170000,79.28,79.28,78.5,78.9,129798,0
PEO,60,20230327,100000,80.5,81,78.9,79.14,45339,0
PEO,60,20230327,110000,79.16,79.64,79.14,79.4,12590,0
PEO,60,20230327,120000,79.4,79.62,79.14,79.44,15572,0
PEO,60,20230327,130000,79.5,80.4,79.5,80.3,18546,0
PEO,60,20230327,140000,80.28,80.48,80.14,80.26,80262,0
PEO,60,20230327,150000,80.32,80.68,80.2,80.64,38450,0
PEO,60,20230327,160000,80.66,80.94,80.4,80.74,36660,0
PEO,60,20230327,170000,80.72,80.98,80.3,80.3,93669,0
PEO,60,20230328,100000,81,83.14,80.8,82.94,128498,0
PEO,60,20230328,110000,82.9,83.24,82.76,82.92,39852,0
PEO,60,20230328,120000,82.9,83.02,82,82,26845,0
PEO,60,20230328,130000,82,82.4,81.86,82.16,23578,0
PEO,60,20230328,140000,82.2,82.52,81.74,81.74,32674,0
PEO,60,20230328,150000,81.7,81.78,81.06,81.24,39451,0
PEO,60,20230328,160000,81.24,81.66,80.96,81.46,89114,0
PEO,60,20230328,170000,81.52,81.74,81.3,81.66,155608,0
PEO,60,20230329,100000,82.2,82.84,81.9,82.7,47018,0
PEO,60,20230329,110000,82.78,83.34,82.22,83.34,33995,0
PEO,60,20230329,120000,83.34,83.76,83.26,83.34,29238,0
PEO,60,20230329,130000,83.2,83.54,83.06,83.5,16055,0
PEO,60,20230329,140000,83.5,83.78,83.2,83.66,40258,0
PEO,60,20230329,150000,83.66,83.76,83.34,83.76,91150,0
PEO,60,20230329,160000,83.74,83.82,83.32,83.38,69329,0
PEO,60,20230329,170000,83.4,83.76,83,83.66,288444,0
PEO,60,20230330,100000,84,84.96,83.82,84.66,81830,0
PEO,60,20230330,110000,84.64,85.86,84.44,85.6,96961,0
PEO,60,20230330,120000,85.6,85.62,84.94,85.38,84163,0
PEO,60,20230330,130000,85.4,85.86,85.36,85.7,47677,0
PEO,60,20230330,140000,85.7,85.78,85.3,85.38,65408,0
PEO,60,20230330,150000,85.38,85.82,85.38,85.58,52776,0
PEO,60,20230330,160000,85.58,85.9,85.5,85.58,50790,0
PEO,60,20230330,170000,85.62,85.62,85.08,85.48,106032,0
PEO,60,20230331,100000,85.92,85.92,84.78,85.42,52644,0
PEO,60,20230331,110000,85.4,85.94,84.92,85.66,53583,0
PEO,60,20230331,120000,85.64,86.02,85.56,85.7,34974,0
PEO,60,20230331,130000,85.74,85.94,85.62,85.68,24611,0
PEO,60,20230331,140000,85.64,85.8,85.3,85.54,36986,0
PEO,60,20230331,150000,85.5,85.72,85.4,85.66,39602,0
PEO,60,20230331,160000,85.68,85.94,85.58,85.82,64953,0
PEO,60,20230331,170000,85.8,85.8,85.26,85.46,327210,0
PEO,60,20230403,100000,86.3,87.88,85.86,87.62,85095,0
PEO,60,20230403,110000,87.74,88.38,87.18,88.16,77435,0
PEO,60,20230403,120000,88.2,88.48,88,88.22,59616,0
PEO,60,20230403,130000,88.24,88.42,87.6,87.6,72604,0
PEO,60,20230403,140000,87.52,87.58,87.02,87.4,51065,0
PEO,60,20230403,150000,87.42,87.6,87.04,87.28,41219,0
PEO,60,20230403,160000,87.3,87.78,86.9,87.56,60201,0
PEO,60,20230403,170000,87.6,87.64,87.1,87.1,123615,0
PEO,60,20230404,100000,88.3,88.3,86.62,87.54,43015,0
PEO,60,20230404,110000,87.54,88.16,87.54,87.84,43952,0
PEO,60,20230404,120000,87.8,88.2,87.6,88.06,32265,0
PEO,60,20230404,130000,88.1,88.9,88.06,88.9,41000,0
PEO,60,20230404,140000,88.86,88.88,88.48,88.56,24977,0
PEO,60,20230404,150000,88.56,89.1,88.3,89.06,41854,0
PEO,60,20230404,160000,89.1,89.12,87.76,87.88,52941,0
PEO,60,20230404,170000,87.92,88.1,86.68,86.94,146107,0
PEO,60,20230405,100000,87,87.02,85.74,86.42,64660,0
PEO,60,20230405,110000,86.42,86.6,85.34,85.48,112431,0
PEO,60,20230405,120000,85.48,85.6,85.02,85.14,126256,0
PEO,60,20230405,130000,85.12,85.66,85.08,85.6,34641,0
PEO,60,20230405,140000,85.62,85.7,85.08,85.14,29525,0
PEO,60,20230405,150000,85.16,85.3,84.6,85.06,53680,0
PEO,60,20230405,160000,85.08,85.46,84.92,85.32,36374,0
PEO,60,20230405,170000,85.36,85.4,84.8,85.16,178717,0
PEO,60,20230406,100000,85,85.5,84.2,84.5,90581,0
PEO,60,20230406,110000,84.48,85.44,84.4,85.42,41121,0
PEO,60,20230406,120000,85.42,85.66,85.16,85.56,44753,0
PEO,60,20230406,130000,85.56,85.8,85.38,85.74,27967,0
PEO,60,20230406,140000,85.76,86.42,85.72,86.42,53611,0
PEO,60,20230406,150000,86.38,86.38,85.82,85.98,44079,0
PEO,60,20230406,160000,86,86.46,85.88,86.38,37182,0
PEO,60,20230406,170000,86.36,86.76,85.78,86.18,98660,0
PEO,60,20230411,100000,87.14,87.18,85.74,86.7,76503,0
PEO,60,20230411,110000,86.66,88.04,86.64,87.44,118904,0
PEO,60,20230411,120000,87.44,87.78,87.3,87.56,36885,0
PEO,60,20230411,130000,87.6,87.98,87.44,87.92,33834,0
PEO,60,20230411,140000,87.92,87.92,87.5,87.9,36087,0
PEO,60,20230411,150000,87.84,87.96,87.6,87.72,51648,0
PEO,60,20230411,160000,87.72,88.08,87.58,87.92,94046,0
PEO,60,20230411,170000,87.92,88.34,87.92,88.02,167562,0
PEO,60,20230412,100000,88.6,88.6,87.64,88.56,52812,0
PEO,60,20230412,110000,88.58,89.28,88.54,89.16,57006,0
PEO,60,20230412,120000,89.18,89.5,88.78,89.1,55988,0
PEO,60,20230412,130000,89.12,89.48,89.1,89.14,30096,0
PEO,60,20230412,140000,89.16,89.42,89,89.06,50590,0
PEO,60,20230412,150000,89.08,90.6,89,90.36,124119,0
PEO,60,20230412,160000,90.42,90.9,90,90.72,96646,0
PEO,60,20230412,170000,90.68,91,90.08,90.28,214026,0
PEO,60,20230413,100000,90.32,91.4,89.8,91.32,77795,0
PEO,60,20230413,110000,91.32,91.86,91.2,91.54,83364,0
PEO,60,20230413,120000,91.54,91.7,91.26,91.4,42155,0
PEO,60,20230413,130000,91.42,91.52,90.62,90.82,46426,0
PEO,60,20230413,140000,90.82,91.58,90.8,91.42,36970,0
PEO,60,20230413,150000,91.42,91.5,91.08,91.4,48459,0
PEO,60,20230413,160000,91.44,91.6,91.1,91.46,52060,0
PEO,60,20230413,170000,91.52,92.1,91.46,91.9,242638,0
PEO,60,20230414,100000,92.16,93.36,92.06,92.3,128096,0
PEO,60,20230414,110000,92.32,92.5,91.86,92.34,48380,0
PEO,60,20230414,120000,92.3,92.46,91.96,92.22,60717,0
PEO,60,20230414,130000,92.2,92.62,92.12,92.62,37475,0
PEO,60,20230414,140000,92.58,93.28,92.48,92.72,61336,0
PEO,60,20230414,150000,92.74,93.4,92.72,93.08,54865,0
PEO,60,20230414,160000,93.06,93.94,92.98,93.84,90659,0
PEO,60,20230414,170000,93.88,94.02,93.34,93.5,159770,0
PEO,60,20230417,100000,94.3,94.46,93.32,94.08,68225,0
PEO,60,20230417,110000,94.16,94.58,93.56,93.56,57318,0
PEO,60,20230417,120000,93.56,93.94,93.46,93.9,51832,0
PEO,60,20230417,130000,93.96,94.02,93.4,93.58,61414,0
PEO,60,20230417,140000,93.52,93.92,93.4,93.42,45789,0
PEO,60,20230417,150000,93.42,93.84,93.4,93.66,80328,0
PEO,60,20230417,160000,93.68,93.94,93.42,93.66,94174,0
PEO,60,20230417,170000,93.58,94.3,93.58,93.96,260461,0
PEO,60,20230418,100000,94.14,94.4,93.6,94.34,76043,0
PEO,60,20230418,110000,94.38,95.56,94.3,95.48,130430,0
PEO,60,20230418,120000,95.48,96.58,95.38,96.42,93678,0
PEO,60,20230418,130000,96.42,96.98,96.36,96.84,68636,0
PEO,60,20230418,140000,96.84,96.96,96.18,96.68,60721,0
PEO,60,20230418,150000,96.68,97,96.56,96.8,52148,0
PEO,60,20230418,160000,96.76,96.94,96.16,96.18,71979,0
PEO,60,20230418,170000,96.12,96.18,95.52,96.1,182918,0
PEO,60,20230419,100000,96.1,96.9,95.56,95.88,68919,0
PEO,60,20230419,110000,95.88,95.98,95.1,95.3,99677,0
PEO,60,20230419,120000,95.3,95.64,94.62,95.64,100687,0
PEO,60,20230419,130000,95.8,96.44,95.52,96.44,61953,0
PEO,60,20230419,140000,96.46,97.04,96.4,96.98,72094,0
PEO,60,20230419,150000,96.96,97.18,96.58,96.76,68781,0
PEO,60,20230419,160000,96.8,97.02,96.46,96.8,84330,0
PEO,60,20230419,170000,96.82,97.02,96.4,96.88,152422,0
PEO,60,20230420,100000,97.08,98.92,96.96,98.6,113925,0
PEO,60,20230420,110000,98.6,99.3,98.3,99.08,152704,0
PEO,60,20230420,120000,99.04,99.2,98.6,98.62,166371,0
PEO,60,20230420,130000,98.6,98.72,97.86,98.4,79203,0
PEO,60,20230420,140000,98.4,98.42,97.72,97.78,68402,0
PEO,60,20230420,150000,97.86,98.02,97.18,97.6,104468,0
PEO,60,20230420,160000,97.64,98.08,97.5,97.74,69096,0
PEO,60,20230420,170000,97.76,98.12,97.7,98,222638,0
PEO,60,20230421,100000,97.76,97.94,96.62,97.94,59506,0
PEO,60,20230421,110000,97.92,98.44,97.9,98.02,38999,0
PEO,60,20230421,120000,98.02,98.2,97.2,97.22,81319,0
PEO,60,20230421,130000,97.32,97.44,96.92,97.02,46774,0
PEO,60,20230421,140000,97.08,97.18,96.7,96.84,35246,0
PEO,60,20230421,150000,96.8,97.06,96.28,96.74,65539,0
PEO,60,20230421,160000,96.78,97.38,96.74,97.18,58227,0
PEO,60,20230421,170000,97.16,97.6,97.04,97.44,197864,0
PEO,60,20230424,100000,97.4,97.8,96.84,97.8,39649,0
PEO,60,20230424,110000,97.84,98.08,97.38,97.48,34549,0
PEO,60,20230424,120000,97.48,98.08,97.48,97.88,120554,0
PEO,60,20230424,130000,97.88,97.94,97.56,97.78,46464,0
PEO,60,20230424,140000,97.78,97.88,97.56,97.74,77199,0
PEO,60,20230424,150000,97.74,97.82,97.56,97.7,36109,0
PEO,60,20230424,160000,97.7,98.62,97.66,98.58,94451,0
PEO,60,20230424,170000,98.58,99.3,98.08,98.5,271951,0
PEO,60,20230425,100000,97.74,97.9,95.78,96.68,119430,0
PEO,60,20230425,110000,96.7,97.26,96.52,97.08,40586,0
PEO,60,20230425,120000,97.06,97.68,97.04,97.62,45771,0
PEO,60,20230425,130000,97.68,98.06,97.56,97.64,76145,0
PEO,60,20230425,140000,97.64,98.02,97.16,97.16,35957,0
PEO,60,20230425,150000,97.26,97.78,97.18,97.76,53762,0
PEO,60,20230425,160000,97.76,98.04,97.38,97.88,79759,0
PEO,60,20230425,170000,97.92,98.08,97.64,97.7,215271,0
PEO,60,20230426,100000,97.14,97.96,95.34,95.7,146437,0
PEO,60,20230426,110000,95.68,96.14,94.64,96.1,187760,0
PEO,60,20230426,120000,96.08,96.3,95.9,96.08,74208,0
PEO,60,20230426,130000,96.08,97,96,96.38,84459,0
PEO,60,20230426,140000,96.42,96.86,96.16,96.86,45747,0
PEO,60,20230426,150000,96.86,97,96.34,96.5,33199,0
PEO,60,20230426,160000,96.5,97.04,96.2,96.72,62615,0
PEO,60,20230426,170000,96.72,96.72,96.08,96.16,176660,0
PEO,60,20230427,100000,97.5,98.26,96.42,98.18,104886,0
PEO,60,20230427,110000,98.16,98.34,97.6,98.32,75047,0
PEO,60,20230427,120000,98.3,98.7,97.2,97.66,235046,0
PEO,60,20230427,130000,97.62,97.76,97,97.5,26181,0
PEO,60,20230427,140000,97.54,97.88,97.22,97.7,19744,0
PEO,60,20230427,150000,97.7,98,97.5,97.84,35573,0
PEO,60,20230427,160000,97.88,98.2,97.8,98.14,56403,0
PEO,60,20230427,170000,98.18,99.2,98.06,98.8,259460,0
PEO,60,20230428,100000,99.2,99.2,97.2,97.6,78612,0
PEO,60,20230428,110000,97.54,97.54,96.46,97.32,162665,0
PEO,60,20230428,120000,97.28,98.04,97.1,97.9,191912,0
PEO,60,20230428,130000,97.88,98.44,97.44,97.46,116627,0
PEO,60,20230428,140000,97.4,97.56,96.8,97.32,150272,0
PEO,60,20230428,150000,97.3,97.3,96.3,96.34,140459,0
PEO,60,20230428,160000,96.3,96.66,95.82,96.52,185155,0
PEO,60,20230428,170000,96.56,96.64,95.48,95.98,632429,0
PEO,60,20230502,100000,96.2,97.9,95.9,96.74,133796,0
PEO,60,20230502,110000,96.68,96.9,95.84,95.96,73437,0
PEO,60,20230502,120000,95.94,96.2,95.82,96.1,97823,0
PEO,60,20230502,130000,96.06,96.36,95.48,95.96,118522,0
PEO,60,20230502,140000,95.88,96.5,95.8,96.5,41183,0
PEO,60,20230502,150000,96.44,96.64,95.84,95.84,103449,0
PEO,60,20230502,160000,95.84,96,95,95.52,107106,0
PEO,60,20230502,170000,95.48,95.54,95.1,95.2,370302,0
PEO,60,20230504,100000,95.2,95.6,94.12,95.14,285152,0
PEO,60,20230504,110000,95.2,95.5,94.64,94.74,105209,0
PEO,60,20230504,120000,94.76,94.88,93.78,93.94,112184,0
PEO,60,20230504,130000,93.9,94,93.04,93.28,106312,0
PEO,60,20230504,140000,93.24,93.28,92.64,92.84,83133,0
PEO,60,20230504,150000,92.9,93.14,92.7,92.86,67986,0
PEO,60,20230504,160000,92.86,93.34,92.74,92.84,53958,0
PEO,60,20230504,170000,92.82,92.86,91.68,92.14,222448,0
PEO,60,20230505,100000,92,94,92,93.56,82264,0
PEO,60,20230505,110000,93.52,94,92.58,93.88,63980,0
PEO,60,20230505,120000,93.86,94.46,93.56,94.38,99350,0
PEO,60,20230505,130000,94.38,94.6,94.1,94.46,47720,0
PEO,60,20230505,140000,94.46,94.46,93.86,94.08,42407,0
PEO,60,20230505,150000,94.04,94.86,94.02,94.6,62227,0
PEO,60,20230505,160000,94.6,95.04,94.3,94.36,73384,0
PEO,60,20230505,170000,94.38,94.98,94.18,94.76,144188,0
PEO,60,20230508,100000,95.2,95.86,94.9,95.4,74670,0
PEO,60,20230508,110000,95.42,95.64,95.14,95.18,31216,0
PEO,60,20230508,120000,95.16,95.94,95.08,95.84,38462,0
PEO,60,20230508,130000,95.84,96.1,95.6,95.8,89315,0
PEO,60,20230508,140000,95.8,95.8,95.36,95.68,43176,0
PEO,60,20230508,150000,95.7,95.8,95.52,95.62,54559,0
PEO,60,20230508,160000,95.58,95.76,94.94,95.02,73238,0
PEO,60,20230508,170000,95.02,95.2,94.56,94.7,129539,0
PEO,60,20230509,100000,94,94.64,93.48,94.18,57682,0
PEO,60,20230509,110000,94.16,94.4,93.82,94.12,61055,0
PEO,60,20230509,120000,94.1,94.84,94.1,94.72,42025,0
PEO,60,20230509,130000,94.76,95.18,94.62,94.88,39437,0
PEO,60,20230509,140000,94.88,95.08,94.44,94.5,42994,0
PEO,60,20230509,150000,94.44,94.64,94.06,94.3,62496,0
PEO,60,20230509,160000,94.32,94.82,94.32,94.68,76894,0
PEO,60,20230509,170000,94.74,94.82,94.2,94.62,176374,0
PEO,60,20230510,100000,95.64,95.64,93.88,94.18,97837,0
PEO,60,20230510,110000,94.16,94.36,93.84,94.22,86063,0
PEO,60,20230510,120000,94.2,94.56,93.98,94.34,66685,0
PEO,60,20230510,130000,94.34,94.42,94.14,94.32,37836,0
PEO,60,20230510,140000,94.36,94.72,94.18,94.7,25156,0
PEO,60,20230510,150000,94.68,96.14,94.4,96.04,74767,0
PEO,60,20230510,160000,96.02,96.8,95.26,95.84,129905,0
PEO,60,20230510,170000,95.86,95.96,95.36,95.5,169220,0
PEO,60,20230511,100000,96.4,96.4,95.02,95.86,51786,0
PEO,60,20230511,110000,95.92,96.4,95.54,95.8,129218,0
PEO,60,20230511,120000,95.84,95.9,95.18,95.78,50543,0
PEO,60,20230511,130000,95.84,95.94,95.64,95.84,42910,0
PEO,60,20230511,140000,95.84,95.92,95.1,95.54,50891,0
PEO,60,20230511,150000,95.54,96.16,95.06,95.1,50497,0
PEO,60,20230511,160000,95.1,95.2,94.46,94.64,79720,0
PEO,60,20230511,170000,94.68,95.04,94.34,95.04,202122,0
PEO,60,20230512,100000,95.76,96.8,95.62,96.56,110468,0
PEO,60,20230512,110000,96.62,97.3,96.6,97.22,65816,0
PEO,60,20230512,120000,97.22,97.4,96.78,97,69910,0
PEO,60,20230512,130000,97,97.06,96.58,96.58,55608,0
PEO,60,20230512,140000,96.6,96.92,96.4,96.74,62154,0
PEO,60,20230512,150000,96.7,96.74,96.38,96.64,67859,0
PEO,60,20230512,160000,96.62,96.7,96.32,96.48,72378,0
PEO,60,20230512,170000,96.46,96.48,95.88,95.88,240393,0
PEO,60,20230515,100000,96.7,96.7,95.88,96.4,30427,0
PEO,60,20230515,110000,96.32,96.32,95.3,95.56,20003,0
PEO,60,20230515,120000,95.56,95.98,95.56,95.96,13150,0
PEO,60,20230515,130000,96.06,96.12,95.62,95.66,37089,0
PEO,60,20230515,140000,95.66,95.9,95.54,95.54,16148,0
PEO,60,20230515,150000,95.54,95.76,95.1,95.32,34640,0
PEO,60,20230515,160000,95.32,95.32,94.58,94.88,70085,0
PEO,60,20230515,170000,94.88,95.76,94.88,95.68,144876,0
PEO,60,20230516,100000,96,97.18,95.22,96.74,65146,0
PEO,60,20230516,110000,96.78,96.82,96.34,96.54,33599,0
PEO,60,20230516,120000,96.5,96.82,96.48,96.62,62343,0
PEO,60,20230516,130000,96.62,96.92,96.52,96.74,51203,0
PEO,60,20230516,140000,96.74,96.8,96.6,96.72,53094,0
PEO,60,20230516,150000,96.78,96.9,96.54,96.78,78070,0
PEO,60,20230516,160000,96.72,96.8,96.16,96.6,108750,0
PEO,60,20230516,170000,96.62,96.72,96.02,96.6,125820,0
PEO,60,20230517,100000,96.44,96.44,95.08,95.9,72898,0
PEO,60,20230517,110000,95.96,96.28,95.88,96.18,31428,0
PEO,60,20230517,120000,96.06,96.48,95.8,96.48,50050,0
PEO,60,20230517,130000,96.5,96.7,96.14,96.28,26510,0
PEO,60,20230517,140000,96.24,97.28,96.24,97.24,69787,0
PEO,60,20230517,150000,97.24,97.4,97,97.18,67319,0
PEO,60,20230517,160000,97.16,97.4,96.82,97.1,66711,0
PEO,60,20230517,170000,97.06,97.14,96.5,96.66,207948,0
PEO,60,20230518,100000,97.42,98.6,96.9,98.54,120277,0
PEO,60,20230518,110000,98.54,98.82,98.3,98.68,116296,0
PEO,60,20230518,120000,98.66,98.88,98.62,98.86,41878,0
PEO,60,20230518,130000,98.88,98.94,98.36,98.7,151913,0
PEO,60,20230518,140000,98.66,98.92,98.6,98.9,70816,0
PEO,60,20230518,150000,98.92,98.92,98.32,98.44,88989,0
PEO,60,20230518,160000,98.46,98.72,97.88,98.1,94039,0
PEO,60,20230518,170000,98.14,98.84,98,98.64,160463,0
PEO,60,20230519,100000,98.94,99.38,98.3,99.38,112124,0
PEO,60,20230519,110000,99.36,100.8,99.26,100.75,236039,0
PEO,60,20230519,120000,100.8,101.55,100.8,101.15,174988,0
PEO,60,20230519,130000,101.1,101.2,100.65,100.7,45717,0
PEO,60,20230519,140000,100.7,100.8,100.2,100.35,70942,0
PEO,60,20230519,150000,100.4,101.05,100.3,101,72796,0
PEO,60,20230519,160000,100.95,101.3,100.65,101,93151,0
PEO,60,20230519,170000,101.05,101.6,100.9,101.6,231668,0
PEO,60,20230522,100000,101.35,101.75,100.3,101.55,80899,0
PEO,60,20230522,110000,101.5,102.35,101.2,102.25,52629,0
PEO,60,20230522,120000,102.25,102.35,101.6,101.6,32682,0
PEO,60,20230522,130000,101.6,101.7,101.2,101.25,36103,0
PEO,60,20230522,140000,101.35,102,101.35,101.75,32493,0
PEO,60,20230522,150000,101.85,102.1,101.45,101.5,49425,0
PEO,60,20230522,160000,101.5,102.15,101.45,101.95,47626,0
PEO,60,20230522,170000,101.95,102.3,101.6,101.65,121604,0
PEO,60,20230523,100000,101.35,103.2,101.3,103.1,69341,0
PEO,60,20230523,110000,103.1,103.45,102.65,103.2,75527,0
PEO,60,20230523,120000,103.15,103.25,102.3,102.3,49534,0
PEO,60,20230523,130000,102.4,102.8,102.2,102.8,46149,0
PEO,60,20230523,140000,102.8,102.9,102.3,102.85,49872,0
PEO,60,20230523,150000,102.85,103.25,102.65,103.25,42598,0
PEO,60,20230523,160000,103.15,103.45,102.65,103.15,109370,0
PEO,60,20230523,170000,103.1,103.35,102.2,102.6,203176,0
PEO,60,20230524,100000,102,102.3,100.85,101.05,124367,0
PEO,60,20230524,110000,101.1,101.55,100.95,101.45,37509,0
PEO,60,20230524,120000,101.55,101.55,100.35,100.45,69130,0
PEO,60,20230524,130000,100.4,100.7,99.62,100.7,83901,0
PEO,60,20230524,140000,100.65,100.95,100.45,100.5,34481,0
PEO,60,20230524,150000,100.55,100.9,99.88,99.88,119534,0
PEO,60,20230524,160000,99.86,100.5,99.72,100.1,69290,0
PEO,60,20230524,170000,100,100.1,99.54,99.86,168737,0
PEO,60,20230525,100000,100.5,101.15,99.36,100.2,38317,0
PEO,60,20230525,110000,100.15,100.95,100.15,100.6,13426,0
PEO,60,20230525,120000,100.65,101.5,100.6,101.05,14659,0
PEO,60,20230525,130000,101.15,101.2,100.55,100.75,22005,0
PEO,60,20230525,140000,100.8,101.25,100.6,101.25,15775,0
PEO,60,20230525,150000,101.3,101.95,101,101.85,28689,0
PEO,60,20230525,160000,101.75,102.1,100.7,101.35,65473,0
PEO,60,20230525,170000,101.35,101.7,100.9,101.3,154182,0
PEO,60,20230526,100000,101.6,102.25,101,102.15,77298,0
PEO,60,20230526,110000,102,102.55,101.9,102.35,25624,0
PEO,60,20230526,120000,102.2,102.4,101.85,102.15,20766,0
PEO,60,20230526,130000,102.25,102.7,102.05,102.5,40158,0
PEO,60,20230526,140000,102.6,102.9,102.3,102.9,79716,0
PEO,60,20230526,150000,102.9,102.95,102.2,102.8,200347,0
PEO,60,20230526,160000,102.8,103,102,102.55,270121,0
PEO,60,20230526,170000,102.55,103,102.4,103,235980,0
PEO,60,20230529,100000,103,103.25,101.75,101.95,34962,0
PEO,60,20230529,110000,102,102.85,101.75,101.8,38085,0
PEO,60,20230529,120000,101.8,101.9,101.15,101.4,41798,0
PEO,60,20230529,130000,101.45,101.9,101.35,101.8,33428,0
PEO,60,20230529,140000,101.8,102.7,101.75,102.5,51760,0
PEO,60,20230529,150000,102.5,102.7,102.25,102.4,57400,0
PEO,60,20230529,160000,102.3,102.4,101.95,102.15,36316,0
PEO,60,20230529,170000,102.1,102.5,101.95,102.35,71398,0
PEO,60,20230530,100000,102.85,102.85,101,101.8,90940,0
PEO,60,20230530,110000,101.9,102.25,101.4,101.75,66110,0
PEO,60,20230530,120000,101.7,102.3,101.5,101.5,60707,0
PEO,60,20230530,130000,101.6,101.8,101.25,101.35,38519,0
PEO,60,20230530,140000,101.4,102.05,101.25,101.8,54910,0
PEO,60,20230530,150000,101.7,101.9,101.55,101.55,36928,0
PEO,60,20230530,160000,101.6,101.75,101.1,101.15,41837,0
PEO,60,20230530,170000,101.15,101.15,100.3,100.5,171229,0
PEO,60,20230531,100000,99.02,99.14,97.06,97.8,137952,0
PEO,60,20230531,110000,97.72,97.94,97.3,97.76,68640,0
PEO,60,20230531,120000,97.78,98.08,97.68,97.8,51286,0
PEO,60,20230531,130000,97.86,98.24,97.82,98.1,61194,0
PEO,60,20230531,140000,98.12,98.38,97.84,97.84,58463,0
PEO,60,20230531,150000,97.84,97.9,97.34,97.36,82894,0
PEO,60,20230531,160000,97.36,97.84,97.02,97.1,101911,0
PEO,60,20230531,170000,97.14,97.16,95.52,96.26,1470963,0
