<TICKER>,<PER>,<DATE>,<TIME>,<OPEN>,<HIGH>,<LOW>,<CLOSE>,<VOL>,<OPENINT>
PGE,60,20220804,100000,10,10,9.83,9.868,52637,0
PGE,60,20220804,110000,9.84,9.864,9.736,9.752,76619,0
PGE,60,20220804,120000,9.736,9.76,9.7,9.708,83548,0
PGE,60,20220804,130000,9.698,9.836,9.668,9.792,89754,0
PGE,60,20220804,140000,9.792,9.8,9.734,9.734,74025,0
PGE,60,20220804,150000,9.732,9.75,9.66,9.698,146371,0
PGE,60,20220804,160000,9.698,9.708,9.61,9.66,269865,0
PGE,60,20220804,170000,9.648,9.654,9.5,9.512,454374,0
PGE,60,20220805,100000,9.51,9.78,9.51,9.75,220055,0
PGE,60,20220805,110000,9.758,9.762,9.66,9.682,113571,0
PGE,60,20220805,120000,9.696,9.736,9.68,9.708,96318,0
PGE,60,20220805,130000,9.706,9.73,9.66,9.69,128033,0
PGE,60,20220805,140000,9.694,9.716,9.674,9.71,55805,0
PGE,60,20220805,150000,9.71,9.716,9.61,9.636,181425,0
PGE,60,20220805,160000,9.646,9.694,9.638,9.638,196388,0
PGE,60,20220805,170000,9.636,9.66,9.538,9.548,636981,0
PGE,60,20220808,100000,9.604,9.656,9.538,9.646,90144,0
PGE,60,20220808,110000,9.656,9.67,9.426,9.516,105143,0
PGE,60,20220808,120000,9.516,9.524,9.424,9.5,162136,0
PGE,60,20220808,130000,9.5,9.592,9.478,9.584,102564,0
PGE,60,20220808,140000,9.584,9.66,9.584,9.634,209894,0
PGE,60,20220808,150000,9.62,9.856,9.612,9.738,251702,0
PGE,60,20220808,160000,9.746,9.842,9.724,9.798,259960,0
PGE,60,20220808,170000,9.792,9.84,9.732,9.8,545168,0
PGE,60,20220809,100000,9.86,9.888,9.756,9.868,75870,0
PGE,60,20220809,110000,9.868,9.87,9.724,9.818,45191,0
PGE,60,20220809,120000,9.828,9.838,9.706,9.826,102254,0
PGE,60,20220809,130000,9.812,9.822,9.744,9.788,100536,0
PGE,60,20220809,140000,9.788,9.842,9.77,9.77,96757,0
PGE,60,20220809,150000,9.77,9.8,9.7,9.716,181441,0
PGE,60,20220809,160000,9.702,9.79,9.698,9.712,141136,0
PGE,60,20220809,170000,9.726,9.8,9.7,9.734,334258,0
PGE,60,20220810,100000,9.662,9.788,9.574,9.606,140833,0
PGE,60,20220810,110000,9.594,9.64,9.55,9.596,94678,0
PGE,60,20220810,120000,9.58,9.634,9.572,9.604,44027,0
PGE,60,20220810,130000,9.604,9.69,9.578,9.602,76931,0
PGE,60,20220810,140000,9.6,9.6,9.562,9.596,46260,0
PGE,60,20220810,150000,9.6,9.69,9.594,9.63,69860,0
PGE,60,20220810,160000,9.656,9.658,9.562,9.608,184588,0
PGE,60,20220810,170000,9.616,9.63,9.554,9.574,395875,0
PGE,60,20220811,100000,9.718,9.718,9.57,9.608,42330,0
PGE,60,20220811,110000,9.61,9.63,9.596,9.626,54208,0
PGE,60,20220811,120000,9.63,9.63,9.576,9.6,34913,0
PGE,60,20220811,130000,9.584,9.6,9.56,9.586,46184,0
PGE,60,20220811,140000,9.582,9.662,9.578,9.62,82789,0
PGE,60,20220811,150000,9.62,9.64,9.57,9.594,48882,0
PGE,60,20220811,160000,9.594,9.62,9.562,9.6,163291,0
PGE,60,20220811,170000,9.592,9.68,9.568,9.63,490973,0
PGE,60,20220812,100000,9.598,9.606,9.548,9.588,49382,0
PGE,60,20220812,110000,9.588,9.63,9.562,9.576,66489,0
PGE,60,20220812,120000,9.574,9.61,9.554,9.6,47249,0
PGE,60,20220812,130000,9.608,9.63,9.592,9.596,22079,0
PGE,60,20220812,140000,9.588,9.588,9.542,9.566,57706,0
PGE,60,20220812,150000,9.566,9.592,9.552,9.566,59969,0
PGE,60,20220812,160000,9.564,9.708,9.56,9.68,115722,0
PGE,60,20220812,170000,9.68,9.73,9.66,9.73,347032,0
PGE,60,20220816,100000,9.75,9.826,9.622,9.814,183194,0
PGE,60,20220816,110000,9.82,9.948,9.762,9.768,266638,0
PGE,60,20220816,120000,9.77,9.794,9.63,9.636,131316,0
PGE,60,20220816,130000,9.638,9.68,9.61,9.66,134510,0
PGE,60,20220816,140000,9.664,9.664,9.588,9.602,208321,0
PGE,60,20220816,150000,9.602,9.664,9.582,9.582,163949,0
PGE,60,20220816,160000,9.59,9.678,9.546,9.66,227362,0
PGE,60,20220816,170000,9.66,9.69,9.6,9.626,558118,0
PGE,60,20220817,100000,9.73,9.73,9.54,9.54,97485,0
PGE,60,20220817,110000,9.542,9.588,9.506,9.524,116146,0
PGE,60,20220817,120000,9.52,9.54,9.46,9.538,125630,0
PGE,60,20220817,130000,9.532,9.54,9.472,9.48,34435,0
PGE,60,20220817,140000,9.5,9.506,9.37,9.37,88434,0
PGE,60,20220817,150000,9.394,9.466,9.38,9.408,57623,0
PGE,60,20220817,160000,9.41,9.596,9.35,9.596,162252,0
PGE,60,20220817,170000,9.568,9.7,9.528,9.582,394393,0
PGE,60,20220818,100000,9.48,9.6,9.434,9.564,85089,0
PGE,60,20220818,110000,9.572,9.604,9.48,9.5,150718,0
PGE,60,20220818,120000,9.472,9.5,9.462,9.48,162352,0
PGE,60,20220818,130000,9.498,9.498,9.378,9.38,97328,0
PGE,60,20220818,140000,9.38,9.432,9.38,9.418,88004,0
PGE,60,20220818,150000,9.416,9.494,9.414,9.492,184359,0
PGE,60,20220818,160000,9.49,9.5,9.412,9.412,163686,0
PGE,60,20220818,170000,9.412,9.496,9.4,9.448,474453,0
PGE,60,20220819,100000,9.35,9.35,9.14,9.18,339664,0
PGE,60,20220819,110000,9.19,9.19,9.04,9.148,290552,0
PGE,60,20220819,120000,9.14,9.16,9.05,9.086,192732,0
PGE,60,20220819,130000,9.096,9.122,9.02,9.044,175114,0
PGE,60,20220819,140000,9.046,9.088,8.97,9.02,261292,0
PGE,60,20220819,150000,8.992,9.11,8.984,9.068,264281,0
PGE,60,20220819,160000,9.052,9.1,8.998,9.026,355428,0
PGE,60,20220819,170000,9.024,9.048,8.964,8.964,563041,0
PGE,60,20220822,100000,9.05,9.05,8.86,8.86,124551,0
PGE,60,20220822,110000,8.882,8.9,8.768,8.786,157557,0
PGE,60,20220822,120000,8.768,8.79,8.682,8.75,291007,0
PGE,60,20220822,130000,8.748,8.762,8.668,8.718,136442,0
PGE,60,20220822,140000,8.732,8.776,8.688,8.712,56406,0
PGE,60,20220822,150000,8.712,8.77,8.664,8.674,153131,0
PGE,60,20220822,160000,8.666,8.696,8.636,8.64,226942,0
PGE,60,20220822,170000,8.642,8.734,8.62,8.694,496067,0
PGE,60,20220823,100000,8.694,8.8,8.62,8.75,206048,0
PGE,60,20220823,110000,8.762,8.8,8.69,8.77,295869,0
PGE,60,20220823,120000,8.772,8.9,8.762,8.9,349014,0
PGE,60,20220823,130000,8.9,8.922,8.74,8.756,454885,0
PGE,60,20220823,140000,8.756,8.756,8.69,8.702,120203,0
PGE,60,20220823,150000,8.702,8.73,8.64,8.642,159329,0
PGE,60,20220823,160000,8.642,8.8,8.642,8.758,236895,0
PGE,60,20220823,170000,8.738,8.778,8.684,8.684,495162,0
PGE,60,20220824,100000,8.72,8.72,8.42,8.422,215388,0
PGE,60,20220824,110000,8.446,8.512,8.42,8.46,164314,0
PGE,60,20220824,120000,8.46,8.468,8.366,8.416,247268,0
PGE,60,20220824,130000,8.402,8.424,8.37,8.412,117338,0
PGE,60,20220824,140000,8.412,8.418,8.386,8.408,71400,0
PGE,60,20220824,150000,8.394,8.408,8.298,8.346,208449,0
PGE,60,20220824,160000,8.346,8.384,8.26,8.27,174393,0
PGE,60,20220824,170000,8.268,8.332,8.242,8.274,452274,0
PGE,60,20220825,100000,8.43,8.476,8.3,8.392,221798,0
PGE,60,20220825,110000,8.366,8.392,8.2,8.328,123096,0
PGE,60,20220825,120000,8.32,8.328,8.238,8.264,92120,0
PGE,60,20220825,130000,8.268,8.302,8.218,8.232,74275,0
PGE,60,20220825,140000,8.222,8.24,8.164,8.184,151398,0
PGE,60,20220825,150000,8.184,8.244,8.162,8.178,159229,0
PGE,60,20220825,160000,8.178,8.22,8.166,8.218,147151,0
PGE,60,20220825,170000,8.218,8.218,8.154,8.172,243105,0
PGE,60,20220826,100000,8.19,8.19,7.932,7.938,379861,0
PGE,60,20220826,110000,7.932,7.966,7.85,7.87,218526,0
PGE,60,20220826,120000,7.87,8,7.86,7.92,137283,0
PGE,60,20220826,130000,7.92,7.92,7.74,7.822,337785,0
PGE,60,20220826,140000,7.802,7.848,7.75,7.792,160267,0
PGE,60,20220826,150000,7.792,7.822,7.66,7.688,223843,0
PGE,60,20220826,160000,7.69,7.828,7.682,7.778,363587,0
PGE,60,20220826,170000,7.754,7.778,7.562,7.648,705788,0
PGE,60,20220829,100000,7.54,7.54,7.222,7.424,618686,0
PGE,60,20220829,110000,7.412,7.432,7.282,7.384,260052,0
PGE,60,20220829,120000,7.36,7.384,7.264,7.33,246564,0
PGE,60,20220829,130000,7.346,7.392,7.268,7.354,260781,0
PGE,60,20220829,140000,7.33,7.536,7.31,7.522,254670,0
PGE,60,20220829,150000,7.522,7.554,7.43,7.498,346951,0
PGE,60,20220829,160000,7.502,7.552,7.4,7.436,345216,0
PGE,60,20220829,170000,7.428,7.534,7.402,7.484,629330,0
PGE,60,20220830,100000,7.49,7.548,7.312,7.412,238914,0
PGE,60,20220830,110000,7.402,7.474,7.4,7.474,161854,0
PGE,60,20220830,120000,7.474,7.474,7.36,7.408,95712,0
PGE,60,20220830,130000,7.402,7.546,7.392,7.53,138264,0
PGE,60,20220830,140000,7.54,7.602,7.514,7.542,129923,0
PGE,60,20220830,150000,7.554,7.554,7.38,7.4,219066,0
PGE,60,20220830,160000,7.4,7.41,7.27,7.29,409113,0
PGE,60,20220830,170000,7.292,7.318,7.196,7.2,912187,0
PGE,60,20220831,100000,7.294,7.32,7.08,7.242,283687,0
PGE,60,20220831,110000,7.25,7.262,7.12,7.242,577195,0
PGE,60,20220831,120000,7.254,7.292,7.196,7.23,202040,0
PGE,60,20220831,130000,7.266,7.276,7.198,7.21,136734,0
PGE,60,20220831,140000,7.212,7.272,7.198,7.262,181826,0
PGE,60,20220831,150000,7.258,7.32,7.25,7.294,225832,0
PGE,60,20220831,160000,7.282,7.286,7.21,7.22,336170,0
PGE,60,20220831,170000,7.22,7.236,7.168,7.172,1374033,0
PGE,60,20220901,100000,7.1,7.12,6.94,7.078,403671,0
PGE,60,20220901,110000,7.092,7.102,7.002,7.08,290121,0
PGE,60,20220901,120000,7.078,7.232,7.078,7.198,165344,0
PGE,60,20220901,130000,7.224,7.224,7.122,7.14,136083,0
PGE,60,20220901,140000,7.14,7.23,7.134,7.186,146176,0
PGE,60,20220901,150000,7.184,7.192,7.084,7.122,261092,0
PGE,60,20220901,160000,7.114,7.216,7.102,7.184,298354,0
PGE,60,20220901,170000,7.164,7.184,7.044,7.044,704324,0
PGE,60,20220902,100000,7.208,7.21,7.004,7.096,360684,0
PGE,60,20220902,110000,7.102,7.32,7.09,7.29,433653,0
PGE,60,20220902,120000,7.29,7.386,7.288,7.3,691368,0
PGE,60,20220902,130000,7.318,7.32,7.152,7.164,582283,0
PGE,60,20220902,140000,7.166,7.184,7.1,7.128,429226,0
PGE,60,20220902,150000,7.124,7.124,7.054,7.072,408722,0
PGE,60,20220902,160000,7.072,7.178,7.056,7.178,204255,0
PGE,60,20220902,170000,7.184,7.25,7.15,7.212,390421,0
PGE,60,20220905,100000,7.186,7.196,7,7.096,171757,0
PGE,60,20220905,110000,7.114,7.18,7.096,7.138,140949,0
PGE,60,20220905,120000,7.14,7.178,7.12,7.178,58335,0
PGE,60,20220905,130000,7.166,7.26,7.132,7.188,91825,0
PGE,60,20220905,140000,7.166,7.182,7.15,7.164,23893,0
PGE,60,20220905,150000,7.164,7.19,7.14,7.154,50595,0
PGE,60,20220905,160000,7.14,7.152,7.038,7.046,127685,0
PGE,60,20220905,170000,7.052,7.116,7.042,7.068,248895,0
PGE,60,20220906,100000,7.08,7.18,7,7.01,104964,0
PGE,60,20220906,110000,7.002,7.014,6.91,6.944,221402,0
PGE,60,20220906,120000,6.92,6.952,6.85,6.91,202568,0
PGE,60,20220906,130000,6.922,6.926,6.814,6.828,220198,0
PGE,60,20220906,140000,6.828,6.848,6.8,6.848,218600,0
PGE,60,20220906,150000,6.846,6.902,6.808,6.822,110041,0
PGE,60,20220906,160000,6.82,6.832,6.728,6.774,181591,0
PGE,60,20220906,170000,6.758,6.8,6.71,6.718,444506,0
PGE,60,20220907,100000,6.652,6.754,6.55,6.566,230890,0
PGE,60,20220907,110000,6.56,6.84,6.56,6.786,365985,0
PGE,60,20220907,120000,6.794,7.046,6.736,7.046,405411,0
PGE,60,20220907,130000,7.022,7.04,6.92,6.964,305069,0
PGE,60,20220907,140000,6.948,7.128,6.918,7.082,356174,0
PGE,60,20220907,150000,7.092,7.162,7.038,7.132,340533,0
PGE,60,20220907,160000,7.122,7.19,7.11,7.114,511168,0
PGE,60,20220907,170000,7.112,7.23,7.066,7.224,475604,0
PGE,60,20220908,100000,7.35,7.48,7.322,7.41,614423,0
PGE,60,20220908,110000,7.41,7.458,7.386,7.434,166672,0
PGE,60,20220908,120000,7.424,7.52,7.35,7.52,292100,0
PGE,60,20220908,130000,7.52,7.53,7.4,7.424,260344,0
PGE,60,20220908,140000,7.424,7.434,7.35,7.35,160262,0
PGE,60,20220908,150000,7.364,7.42,7.216,7.258,438570,0
PGE,60,20220908,160000,7.24,7.272,7.158,7.202,286720,0
PGE,60,20220908,170000,7.202,7.268,7.164,7.186,395543,0
PGE,60,20220909,100000,7.28,7.44,7.204,7.418,322914,0
PGE,60,20220909,110000,7.414,7.57,7.396,7.564,319566,0
PGE,60,20220909,120000,7.558,7.61,7.526,7.594,297447,0
PGE,60,20220909,130000,7.594,7.644,7.562,7.62,151459,0
PGE,60,20220909,140000,7.6,7.668,7.574,7.668,203354,0
PGE,60,20220909,150000,7.666,7.67,7.608,7.63,187554,0
PGE,60,20220909,160000,7.612,7.636,7.516,7.55,239513,0
PGE,60,20220909,170000,7.552,7.628,7.55,7.628,311563,0
PGE,60,20220912,100000,7.68,7.68,7.358,7.418,435896,0
PGE,60,20220912,110000,7.414,7.488,7.39,7.43,180288,0
PGE,60,20220912,120000,7.43,7.468,7.344,7.344,202763,0
PGE,60,20220912,130000,7.35,7.4,7.3,7.304,317226,0
PGE,60,20220912,140000,7.304,7.312,7.252,7.294,205783,0
PGE,60,20220912,150000,7.294,7.302,7.224,7.258,234651,0
PGE,60,20220912,160000,7.25,7.298,7.228,7.236,314794,0
PGE,60,20220912,170000,7.244,7.282,7.17,7.23,461421,0
PGE,60,20220913,100000,7.32,7.32,7.016,7.174,562198,0
PGE,60,20220913,110000,7.17,7.184,7.026,7.034,131630,0
PGE,60,20220913,120000,7.052,7.1,7.002,7.084,210787,0
PGE,60,20220913,130000,7.084,7.102,7.022,7.088,127127,0
PGE,60,20220913,140000,7.068,7.072,7.02,7.058,213364,0
PGE,60,20220913,150000,7.05,7.11,6.98,6.994,378684,0
PGE,60,20220913,160000,6.98,6.996,6.87,6.9,795785,0
PGE,60,20220913,170000,6.89,6.98,6.87,6.932,410161,0
PGE,60,20220914,100000,6.91,6.97,6.768,6.884,408439,0
PGE,60,20220914,110000,6.9,6.966,6.846,6.964,129929,0
PGE,60,20220914,120000,6.966,6.99,6.93,6.93,195792,0
PGE,60,20220914,130000,6.93,6.99,6.86,6.976,274080,0
PGE,60,20220914,140000,6.976,6.99,6.862,6.862,187945,0
PGE,60,20220914,150000,6.872,6.966,6.862,6.964,208437,0
PGE,60,20220914,160000,6.97,6.99,6.936,6.978,238153,0
PGE,60,20220914,170000,6.98,6.98,6.872,6.906,624277,0
PGE,60,20220915,100000,6.97,7.05,6.87,6.904,501780,0
PGE,60,20220915,110000,6.886,6.92,6.75,6.822,372705,0
PGE,60,20220915,120000,6.83,6.83,6.764,6.822,157047,0
PGE,60,20220915,130000,6.812,6.886,6.812,6.864,146677,0
PGE,60,20220915,140000,6.866,6.884,6.818,6.836,200266,0
PGE,60,20220915,150000,6.844,6.876,6.784,6.832,244202,0
PGE,60,20220915,160000,6.832,6.9,6.76,6.89,618523,0
PGE,60,20220915,170000,6.892,6.94,6.818,6.818,1061263,0
PGE,60,20220916,100000,6.758,6.99,6.758,6.93,456561,0
PGE,60,20220916,110000,6.93,6.98,6.89,6.938,190529,0
PGE,60,20220916,120000,6.95,6.99,6.878,6.88,181917,0
PGE,60,20220916,130000,6.886,6.972,6.862,6.944,189401,0
PGE,60,20220916,140000,6.93,6.93,6.832,6.836,145450,0
PGE,60,20220916,150000,6.83,6.864,6.73,6.73,231202,0
PGE,60,20220916,160000,6.73,6.768,6.646,6.666,746544,0
PGE,60,20220916,170000,6.666,6.83,6.64,6.66,10785050,0
PGE,60,20220919,100000,6.7,6.93,6.7,6.892,728884,0
PGE,60,20220919,110000,6.9,6.9,6.88,6.9,427313,0
PGE,60,20220919,120000,6.898,7.014,6.882,6.96,179648,0
PGE,60,20220919,130000,6.964,7.042,6.93,7.03,124202,0
PGE,60,20220919,140000,7.03,7.056,7,7.042,119577,0
PGE,60,20220919,150000,7.05,7.05,7,7.03,97462,0
PGE,60,20220919,160000,7.038,7.05,7.002,7.046,181376,0
PGE,60,20220919,170000,7.04,7.052,7.006,7.05,366804,0
PGE,60,20220920,100000,7.076,7.15,6.97,6.998,246517,0
PGE,60,20220920,110000,6.998,7.052,6.916,6.962,238360,0
PGE,60,20220920,120000,6.972,6.994,6.922,6.948,220787,0
PGE,60,20220920,130000,6.95,7.004,6.92,6.984,238030,0
PGE,60,20220920,140000,6.986,7.08,6.97,6.99,254304,0
PGE,60,20220920,150000,6.992,7.008,6.936,6.94,184208,0
PGE,60,20220920,160000,6.936,6.942,6.864,6.892,257260,0
PGE,60,20220920,170000,6.89,6.95,6.83,6.884,702899,0
PGE,60,20220921,100000,6.87,6.998,6.87,6.974,252907,0
PGE,60,20220921,110000,6.972,6.996,6.89,6.974,233502,0
PGE,60,20220921,120000,6.974,6.994,6.916,6.994,91853,0
PGE,60,20220921,130000,6.992,7.036,6.966,7.03,146920,0
PGE,60,20220921,140000,7.026,7.04,6.966,6.966,69947,0
PGE,60,20220921,150000,6.958,6.974,6.914,6.924,145288,0
PGE,60,20220921,160000,6.924,6.938,6.842,6.938,208580,0
PGE,60,20220921,170000,6.942,7.038,6.916,6.928,680128,0
PGE,60,20220922,100000,6.868,6.984,6.78,6.962,212289,0
PGE,60,20220922,110000,6.96,7.154,6.952,7.112,314976,0
PGE,60,20220922,120000,7.112,7.15,6.994,7.064,158505,0
PGE,60,20220922,130000,7.044,7.13,7.032,7.116,131812,0
PGE,60,20220922,140000,7.108,7.154,7.058,7.15,273886,0
PGE,60,20220922,150000,7.138,7.156,7.088,7.142,201209,0
PGE,60,20220922,160000,7.14,7.142,7.05,7.106,165215,0
PGE,60,20220922,170000,7.12,7.142,7.04,7.04,597284,0
PGE,60,20220923,100000,7.13,7.13,6.938,6.958,196726,0
PGE,60,20220923,110000,6.964,6.986,6.912,6.916,96601,0
PGE,60,20220923,120000,6.912,6.932,6.822,6.862,156717,0
PGE,60,20220923,130000,6.842,6.936,6.824,6.886,94992,0
PGE,60,20220923,140000,6.886,6.928,6.844,6.912,94648,0
PGE,60,20220923,150000,6.912,6.94,6.84,6.928,108052,0
PGE,60,20220923,160000,6.926,6.954,6.868,6.884,144988,0
PGE,60,20220923,170000,6.878,6.944,6.84,6.9,380476,0
PGE,60,20220926,100000,6.666,6.758,6.35,6.462,1442418,0
PGE,60,20220926,110000,6.462,6.488,6.3,6.366,526914,0
PGE,60,20220926,120000,6.366,6.46,6.366,6.426,414226,0
PGE,60,20220926,130000,6.426,6.488,6.39,6.472,387320,0
PGE,60,20220926,140000,6.482,6.514,6.362,6.378,412619,0
PGE,60,20220926,150000,6.384,6.464,6.312,6.452,356177,0
PGE,60,20220926,160000,6.448,6.452,6.328,6.352,396247,0
PGE,60,20220926,170000,6.374,6.506,6.35,6.434,1020381,0
PGE,60,20220927,100000,6.542,6.73,6.5,6.62,308706,0
PGE,60,20220927,110000,6.62,6.642,6.538,6.558,284025,0
PGE,60,20220927,120000,6.552,6.592,6.5,6.526,251114,0
PGE,60,20220927,130000,6.522,6.59,6.522,6.59,165199,0
PGE,60,20220927,140000,6.59,6.628,6.564,6.604,174884,0
PGE,60,20220927,150000,6.596,6.644,6.552,6.564,387135,0
PGE,60,20220927,160000,6.558,6.558,6.452,6.466,299145,0
PGE,60,20220927,170000,6.466,6.536,6.452,6.52,679227,0
PGE,60,20220928,100000,6.4,6.466,6.238,6.466,295536,0
PGE,60,20220928,110000,6.444,6.514,6.356,6.364,131556,0
PGE,60,20220928,120000,6.364,6.4,6.312,6.4,135850,0
PGE,60,20220928,130000,6.4,6.52,6.374,6.498,118961,0
PGE,60,20220928,140000,6.498,6.498,6.426,6.494,103525,0
PGE,60,20220928,150000,6.494,6.574,6.478,6.518,176851,0
PGE,60,20220928,160000,6.514,6.548,6.482,6.538,241296,0
PGE,60,20220928,170000,6.53,6.55,6.484,6.5,714705,0
PGE,60,20220929,100000,6.49,6.49,6.352,6.408,201604,0
PGE,60,20220929,110000,6.396,6.43,6.322,6.348,173319,0
PGE,60,20220929,120000,6.346,6.4,6.29,6.29,208950,0
PGE,60,20220929,130000,6.294,6.318,6.274,6.274,170764,0
PGE,60,20220929,140000,6.282,6.29,6.252,6.274,183419,0
PGE,60,20220929,150000,6.27,6.27,6.122,6.166,386930,0
PGE,60,20220929,160000,6.15,6.208,6.13,6.162,238229,0
PGE,60,20220929,170000,6.148,6.2,6.12,6.2,540141,0
PGE,60,20220930,100000,6.298,6.338,6.218,6.322,171415,0
PGE,60,20220930,110000,6.322,6.336,6.24,6.282,230526,0
PGE,60,20220930,120000,6.282,6.42,6.276,6.396,227433,0
PGE,60,20220930,130000,6.388,6.41,6.336,6.338,111548,0
PGE,60,20220930,140000,6.338,6.35,6.2,6.246,277739,0
PGE,60,20220930,150000,6.246,6.3,6.218,6.3,217236,0
PGE,60,20220930,160000,6.292,6.342,6.212,6.316,198446,0
PGE,60,20220930,170000,6.31,6.328,6.27,6.276,809672,0
PGE,60,20221003,100000,6.32,6.326,6.202,6.22,121446,0
PGE,60,20221003,110000,6.218,6.28,6.17,6.236,181192,0
PGE,60,20221003,120000,6.232,6.234,6.146,6.182,151274,0
PGE,60,20221003,130000,6.186,6.196,6.122,6.124,115111,0
PGE,60,20221003,140000,6.132,6.132,6.006,6.026,270410,0
PGE,60,20221003,150000,6.02,6.112,6.012,6.096,332950,0
PGE,60,20221003,160000,6.098,6.214,6.066,6.104,355902,0
PGE,60,20221003,170000,6.112,6.41,6.11,6.382,583600,0
PGE,60,20221004,100000,6.46,6.674,6.45,6.586,398391,0
PGE,60,20221004,110000,6.584,6.6,6.526,6.572,69677,0
PGE,60,20221004,120000,6.58,6.586,6.516,6.56,150887,0
PGE,60,20221004,130000,6.564,6.57,6.48,6.48,66876,0
PGE,60,20221004,140000,6.472,6.5,6.444,6.45,100431,0
PGE,60,20221004,150000,6.45,6.48,6.412,6.466,121878,0
PGE,60,20221004,160000,6.48,6.526,6.462,6.482,105497,0
PGE,60,20221004,170000,6.484,6.53,6.46,6.492,279102,0
PGE,60,20221005,100000,6.52,6.52,6.382,6.42,155396,0
PGE,60,20221005,110000,6.426,6.448,6.4,6.448,207740,0
PGE,60,20221005,120000,6.44,6.514,6.438,6.492,111155,0
PGE,60,20221005,130000,6.48,6.48,6.434,6.46,94557,0
PGE,60,20221005,140000,6.454,6.46,6.402,6.412,117835,0
PGE,60,20221005,150000,6.408,6.426,6.394,6.426,72963,0
PGE,60,20221005,160000,6.418,6.454,6.39,6.432,148873,0
PGE,60,20221005,170000,6.428,6.434,6.34,6.362,351436,0
PGE,60,20221006,100000,6.402,6.552,6.402,6.55,177737,0
PGE,60,20221006,110000,6.548,6.55,6.452,6.452,120076,0
PGE,60,20221006,120000,6.456,6.456,6.39,6.39,158182,0
PGE,60,20221006,130000,6.394,6.42,6.368,6.372,86636,0
PGE,60,20221006,140000,6.382,6.43,6.37,6.386,130331,0
PGE,60,20221006,150000,6.386,6.45,6.37,6.384,138598,0
PGE,60,20221006,160000,6.396,6.414,6.302,6.302,255565,0
PGE,60,20221006,170000,6.302,6.306,6.23,6.3,594629,0
PGE,60,20221007,100000,6.25,6.326,6.19,6.242,194143,0
PGE,60,20221007,110000,6.24,6.276,6.19,6.2,94933,0
PGE,60,20221007,120000,6.2,6.25,6.19,6.236,112965,0
PGE,60,20221007,130000,6.236,6.236,6.172,6.2,105103,0
PGE,60,20221007,140000,6.19,6.216,6.176,6.196,94113,0
PGE,60,20221007,150000,6.196,6.202,6.12,6.15,201308,0
PGE,60,20221007,160000,6.15,6.188,6.11,6.11,175477,0
PGE,60,20221007,170000,6.118,6.144,6.08,6.126,425628,0
PGE,60,20221010,100000,6.148,6.148,5.98,6,178637,0
PGE,60,20221010,110000,6.01,6.018,5.93,5.99,127177,0
PGE,60,20221010,120000,5.968,6.012,5.95,5.97,160055,0
PGE,60,20221010,130000,5.97,5.97,5.89,5.9,174034,0
PGE,60,20221010,140000,5.894,5.964,5.89,5.948,92119,0
PGE,60,20221010,150000,5.938,6.01,5.91,5.992,126964,0
PGE,60,20221010,160000,5.996,6.008,5.886,5.912,262775,0
PGE,60,20221010,170000,5.896,5.912,5.82,5.82,332244,0
PGE,60,20221011,100000,5.886,5.938,5.724,5.818,246282,0
PGE,60,20221011,110000,5.83,5.842,5.74,5.758,78673,0
PGE,60,20221011,120000,5.76,5.78,5.7,5.75,121561,0
PGE,60,20221011,130000,5.742,5.802,5.73,5.78,115733,0
PGE,60,20221011,140000,5.78,5.832,5.76,5.78,127238,0
PGE,60,20221011,150000,5.786,5.96,5.786,5.88,300337,0
PGE,60,20221011,160000,5.882,5.896,5.788,5.788,204382,0
PGE,60,20221011,170000,5.784,5.792,5.72,5.748,599427,0
PGE,60,20221012,100000,5.818,5.868,5.762,5.776,139426,0
PGE,60,20221012,110000,5.784,5.928,5.778,5.86,229833,0
PGE,60,20221012,120000,5.86,5.896,5.848,5.858,160065,0
PGE,60,20221012,130000,5.858,5.858,5.78,5.814,103236,0
PGE,60,20221012,140000,5.808,5.814,5.64,5.67,377064,0
PGE,60,20221012,150000,5.674,5.7,5.62,5.668,774898,0
PGE,60,20221012,160000,5.656,5.734,5.63,5.726,348292,0
PGE,60,20221012,170000,5.726,5.744,5.642,5.662,2428930,0
PGE,60,20221013,100000,5.732,5.75,5.668,5.686,80162,0
PGE,60,20221013,110000,5.696,5.696,5.56,5.604,229504,0
PGE,60,20221013,120000,5.6,5.624,5.55,5.556,237322,0
PGE,60,20221013,130000,5.56,5.572,5.5,5.528,270874,0
PGE,60,20221013,140000,5.528,5.582,5.49,5.514,239926,0
PGE,60,20221013,150000,5.514,5.566,5.33,5.396,623470,0
PGE,60,20221013,160000,5.398,5.466,5.356,5.412,283494,0
PGE,60,20221013,170000,5.42,5.436,5.38,5.422,715808,0
PGE,60,20221014,100000,5.524,5.564,5.432,5.53,190138,0
PGE,60,20221014,110000,5.52,5.64,5.516,5.53,231926,0
PGE,60,20221014,120000,5.53,5.536,5.496,5.53,91803,0
PGE,60,20221014,130000,5.528,5.532,5.438,5.486,252358,0
PGE,60,20221014,140000,5.488,5.488,5.364,5.374,361740,0
PGE,60,20221014,150000,5.376,5.448,5.368,5.416,224985,0
PGE,60,20221014,160000,5.416,5.43,5.37,5.372,310098,0
PGE,60,20221014,170000,5.368,5.376,5.3,5.334,669905,0
PGE,60,20221017,100000,5.36,5.62,5.36,5.6,453216,0
PGE,60,20221017,110000,5.602,5.602,5.494,5.596,246971,0
PGE,60,20221017,120000,5.596,5.656,5.57,5.646,186797,0
PGE,60,20221017,130000,5.64,5.65,5.602,5.63,107798,0
PGE,60,20221017,140000,5.63,5.658,5.598,5.658,168516,0
PGE,60,20221017,150000,5.658,5.706,5.644,5.706,173546,0
PGE,60,20221017,160000,5.708,5.748,5.698,5.71,192764,0
PGE,60,20221017,170000,5.71,5.748,5.524,5.588,627264,0
PGE,60,20221018,100000,5.646,5.65,5.504,5.572,345873,0
PGE,60,20221018,110000,5.57,5.61,5.472,5.512,356611,0
PGE,60,20221018,120000,5.512,5.52,5.404,5.42,529601,0
PGE,60,20221018,130000,5.42,5.42,5.21,5.246,687946,0
PGE,60,20221018,140000,5.244,5.328,5.202,5.276,485500,0
PGE,60,20221018,150000,5.276,5.3,5.26,5.298,486065,0
PGE,60,20221018,160000,5.298,5.298,5.16,5.232,628948,0
PGE,60,20221018,170000,5.232,5.264,5.168,5.226,731975,0
PGE,60,20221019,100000,5.204,5.204,5.064,5.096,520861,0
PGE,60,20221019,110000,5.096,5.096,5.044,5.068,348794,0
PGE,60,20221019,120000,5.068,5.106,5.068,5.09,352663,0
PGE,60,20221019,130000,5.088,5.094,5.016,5.036,442131,0
PGE,60,20221019,140000,5.036,5.06,5.006,5.026,327621,0
PGE,60,20221019,150000,5.03,5.072,4.96,4.989,687771,0
PGE,60,20221019,160000,4.989,5.05,4.935,4.952,1405803,0
PGE,60,20221019,170000,4.952,5.012,4.921,4.954,1064952,0
PGE,60,20221020,100000,4.94,5.046,4.831,4.94,902438,0
PGE,60,20221020,110000,4.94,4.956,4.887,4.897,441916,0
PGE,60,20221020,120000,4.896,4.95,4.896,4.941,392849,0
PGE,60,20221020,130000,4.95,4.952,4.88,4.893,461348,0
PGE,60,20221020,140000,4.896,4.95,4.877,4.916,513396,0
PGE,60,20221020,150000,4.921,4.924,4.791,4.815,793684,0
PGE,60,20221020,160000,4.815,4.855,4.79,4.8,534605,0
PGE,60,20221020,170000,4.8,4.92,4.796,4.877,1080914,0
PGE,60,20221021,100000,4.95,4.95,4.863,4.929,485886,0
PGE,60,20221021,110000,4.928,4.939,4.84,4.909,322673,0
PGE,60,20221021,120000,4.908,4.917,4.779,4.799,486003,0
PGE,60,20221021,130000,4.791,4.809,4.774,4.796,135366,0
PGE,60,20221021,140000,4.796,4.8,4.7,4.718,450910,0
PGE,60,20221021,150000,4.713,4.781,4.664,4.77,437734,0
PGE,60,20221021,160000,4.77,4.827,4.769,4.796,273004,0
PGE,60,20221021,170000,4.796,4.807,4.732,4.739,548318,0
PGE,60,20221024,100000,4.84,4.87,4.7,4.746,553298,0
PGE,60,20221024,110000,4.75,4.787,4.672,4.73,288117,0
PGE,60,20221024,120000,4.73,4.74,4.682,4.709,233068,0
PGE,60,20221024,130000,4.709,4.76,4.69,4.738,465388,0
PGE,60,20221024,140000,4.724,4.737,4.681,4.733,513390,0
PGE,60,20221024,150000,4.727,4.76,4.713,4.753,304986,0
PGE,60,20221024,160000,4.753,4.788,4.714,4.764,451223,0
PGE,60,20221024,170000,4.764,4.764,4.719,4.739,932461,0
PGE,60,20221025,100000,4.826,5.03,4.8,5.02,1064245,0
PGE,60,20221025,110000,5.018,5.238,5.002,5.238,1282566,0
PGE,60,20221025,120000,5.236,5.248,5.04,5.126,854482,0
PGE,60,20221025,130000,5.12,5.15,5.062,5.092,362982,0
PGE,60,20221025,140000,5.102,5.124,5.054,5.082,276338,0
PGE,60,20221025,150000,5.082,5.1,5.046,5.062,296393,0
PGE,60,20221025,160000,5.054,5.104,5.054,5.078,432687,0
PGE,60,20221025,170000,5.076,5.09,5.036,5.05,704968,0
PGE,60,20221026,100000,5.08,5.24,5.038,5.24,840534,0
PGE,60,20221026,110000,5.23,5.258,5.15,5.226,409744,0
PGE,60,20221026,120000,5.232,5.298,5.212,5.226,429263,0
PGE,60,20221026,130000,5.214,5.214,5.162,5.172,243519,0
PGE,60,20221026,140000,5.172,5.228,5.162,5.168,232849,0
PGE,60,20221026,150000,5.164,5.17,5.11,5.142,280242,0
PGE,60,20221026,160000,5.15,5.208,5.144,5.172,280833,0
PGE,60,20221026,170000,5.172,5.22,5.172,5.2,655177,0
PGE,60,20221027,100000,5.24,5.24,5.022,5.102,684102,0
PGE,60,20221027,110000,5.106,5.15,5.07,5.102,447342,0
PGE,60,20221027,120000,5.102,5.102,5.032,5.04,328202,0
PGE,60,20221027,130000,5.04,5.074,5.03,5.068,224973,0
PGE,60,20221027,140000,5.068,5.108,5.05,5.06,257195,0
PGE,60,20221027,150000,5.06,5.14,5.056,5.14,310624,0
PGE,60,20221027,160000,5.14,5.18,5.106,5.12,290496,0
PGE,60,20221027,170000,5.12,5.184,5.12,5.172,670896,0
PGE,60,20221028,100000,5.15,5.218,5.09,5.186,534481,0
PGE,60,20221028,110000,5.182,5.242,5.174,5.234,560840,0
PGE,60,20221028,120000,5.234,5.24,5.152,5.218,234028,0
PGE,60,20221028,130000,5.218,5.246,5.2,5.228,255897,0
PGE,60,20221028,140000,5.23,5.256,5.21,5.226,193098,0
PGE,60,20221028,150000,5.226,5.27,5.222,5.27,184910,0
PGE,60,20221028,160000,5.26,5.28,5.246,5.246,241154,0
PGE,60,20221028,170000,5.246,5.34,5.246,5.33,1112869,0
PGE,60,20221031,100000,5.358,5.54,5.35,5.464,808028,0
PGE,60,20221031,110000,5.45,5.676,5.45,5.566,901917,0
PGE,60,20221031,120000,5.566,5.608,5.42,5.43,548341,0
PGE,60,20221031,130000,5.436,5.528,5.428,5.428,482119,0
PGE,60,20221031,140000,5.438,5.474,5.414,5.42,276011,0
PGE,60,20221031,150000,5.442,5.444,5.36,5.376,359161,0
PGE,60,20221031,160000,5.38,5.436,5.37,5.436,212158,0
PGE,60,20221031,170000,5.43,5.45,5.384,5.45,1079286,0
PGE,60,20221102,100000,5.55,5.85,5.55,5.74,1869701,0
PGE,60,20221102,110000,5.738,5.832,5.67,5.708,893520,0
PGE,60,20221102,120000,5.706,5.744,5.634,5.732,565098,0
PGE,60,20221102,130000,5.73,5.75,5.7,5.708,438611,0
PGE,60,20221102,140000,5.712,5.726,5.658,5.698,299941,0
PGE,60,20221102,150000,5.698,5.75,5.676,5.74,469153,0
PGE,60,20221102,160000,5.74,5.752,5.696,5.734,901463,0
PGE,60,20221102,170000,5.734,5.838,5.732,5.838,1171032,0
PGE,60,20221103,100000,5.706,5.84,5.63,5.79,743823,0
PGE,60,20221103,110000,5.798,5.938,5.766,5.808,857623,0
PGE,60,20221103,120000,5.808,5.81,5.678,5.694,639583,0
PGE,60,20221103,130000,5.69,5.78,5.69,5.716,186842,0
PGE,60,20221103,140000,5.716,5.784,5.716,5.766,256662,0
PGE,60,20221103,150000,5.77,5.804,5.746,5.746,261083,0
PGE,60,20221103,160000,5.74,5.832,5.702,5.826,388338,0
PGE,60,20221103,170000,5.832,5.856,5.77,5.796,885300,0
PGE,60,20221104,100000,5.88,5.91,5.772,5.872,1179418,0
PGE,60,20221104,110000,5.872,5.94,5.79,5.82,648072,0
PGE,60,20221104,120000,5.816,5.932,5.814,5.922,481965,0
PGE,60,20221104,130000,5.92,5.996,5.91,5.978,480902,0
PGE,60,20221104,140000,5.972,6.128,5.94,6.08,788878,0
PGE,60,20221104,150000,6.08,6.156,6.05,6.148,1085929,0
PGE,60,20221104,160000,6.15,6.168,6.086,6.132,564839,0
PGE,60,20221104,170000,6.142,6.2,6.124,6.186,1244883,0
PGE,60,20221107,100000,6.25,6.54,6.2,6.476,1778077,0
PGE,60,20221107,110000,6.476,6.53,6.26,6.266,1120959,0
PGE,60,20221107,120000,6.266,6.28,5.91,6.048,2798052,0
PGE,60,20221107,130000,6.05,6.13,5.97,5.994,1156217,0
PGE,60,20221107,140000,5.994,6,5.824,5.908,952428,0
PGE,60,20221107,150000,5.908,5.97,5.818,5.87,894879,0
PGE,60,20221107,160000,5.87,5.91,5.67,5.74,1852176,0
PGE,60,20221107,170000,5.73,5.8,5.698,5.764,1701229,0
PGE,60,20221108,100000,5.77,6.004,5.586,6.004,1806839,0
PGE,60,20221108,110000,6,6.002,5.824,5.886,605727,0
PGE,60,20221108,120000,5.886,5.886,5.758,5.812,511622,0
PGE,60,20221108,130000,5.82,5.918,5.814,5.878,444716,0
PGE,60,20221108,140000,5.88,5.9,5.83,5.868,399308,0
PGE,60,20221108,150000,5.874,5.894,5.836,5.894,412863,0
PGE,60,20221108,160000,5.894,5.95,5.852,5.902,598080,0
PGE,60,20221108,170000,5.902,5.948,5.82,5.89,1170773,0
PGE,60,20221109,100000,5.888,6.02,5.82,5.87,1058234,0
PGE,60,20221109,110000,5.87,5.936,5.82,5.874,464009,0
PGE,60,20221109,120000,5.87,5.932,5.836,5.93,331775,0
PGE,60,20221109,130000,5.926,5.938,5.858,5.882,285895,0
PGE,60,20221109,140000,5.882,5.974,5.874,5.932,328045,0
PGE,60,20221109,150000,5.932,5.96,5.854,5.88,368743,0
PGE,60,20221109,160000,5.88,5.928,5.88,5.918,428163,0
PGE,60,20221109,170000,5.918,6.01,5.914,6.01,1016734,0
PGE,60,20221110,100000,6.018,6.048,5.926,5.938,371284,0
PGE,60,20221110,110000,5.94,5.946,5.782,5.848,366363,0
PGE,60,20221110,120000,5.848,5.89,5.83,5.882,226526,0
PGE,60,20221110,130000,5.89,6.012,5.88,5.992,477748,0
PGE,60,20221110,140000,6,6.036,5.974,6,163963,0
PGE,60,20221110,150000,6,6.182,5.994,6.162,734178,0
PGE,60,20221110,160000,6.178,6.26,6.17,6.2,599083,0
PGE,60,20221110,170000,6.2,6.258,6.19,6.248,638422,0
PGE,60,20221114,100000,6.25,6.446,6.25,6.268,1029282,0
PGE,60,20221114,110000,6.264,6.292,6.15,6.18,545456,0
PGE,60,20221114,120000,6.18,6.206,6.148,6.168,289411,0
PGE,60,20221114,130000,6.17,6.226,6.162,6.192,341243,0
PGE,60,20221114,140000,6.196,6.28,6.196,6.28,395469,0
PGE,60,20221114,150000,6.28,6.33,6.258,6.32,552508,0
PGE,60,20221114,160000,6.322,6.36,6.262,6.344,376844,0
PGE,60,20221114,170000,6.346,6.36,6.214,6.272,1284684,0
PGE,60,20221115,100000,6.3,6.326,6.08,6.106,548158,0
PGE,60,20221115,110000,6.106,6.136,6.084,6.11,365157,0
PGE,60,20221115,120000,6.11,6.15,6.1,6.146,508182,0
PGE,60,20221115,130000,6.132,6.148,6.092,6.1,295863,0
PGE,60,20221115,140000,6.1,6.194,6.094,6.174,275741,0
PGE,60,20221115,150000,6.188,6.296,6.162,6.2,715140,0
PGE,60,20221115,160000,6.2,6.34,6.184,6.302,449996,0
PGE,60,20221115,170000,6.32,6.36,6.278,6.314,863260,0
PGE,60,20221116,100000,6.124,6.282,6.12,6.15,779992,0
PGE,60,20221116,110000,6.146,6.21,6.13,6.166,370143,0
PGE,60,20221116,120000,6.166,6.214,6.144,6.206,778161,0
PGE,60,20221116,130000,6.206,6.314,6.194,6.29,515608,0
PGE,60,20221116,140000,6.288,6.312,6.258,6.302,256723,0
PGE,60,20221116,150000,6.302,6.306,6.272,6.294,190264,0
PGE,60,20221116,160000,6.294,6.39,6.294,6.344,418820,0
PGE,60,20221116,170000,6.346,6.39,6.258,6.326,1087084,0
PGE,60,20221117,100000,6.326,6.44,6.32,6.354,500456,0
PGE,60,20221117,110000,6.344,6.412,6.304,6.372,277094,0
PGE,60,20221117,120000,6.366,6.41,6.35,6.4,188503,0
PGE,60,20221117,130000,6.4,6.402,6.322,6.352,136748,0
PGE,60,20221117,140000,6.36,6.438,6.36,6.41,329482,0
PGE,60,20221117,150000,6.426,6.63,6.376,6.616,857275,0
PGE,60,20221117,160000,6.616,6.72,6.588,6.648,592055,0
PGE,60,20221117,170000,6.64,6.696,6.528,6.602,1291366,0
PGE,60,20221118,100000,6.602,6.618,6.424,6.48,473319,0
PGE,60,20221118,110000,6.478,6.686,6.47,6.626,743297,0
PGE,60,20221118,120000,6.61,6.674,6.52,6.52,267372,0
PGE,60,20221118,130000,6.53,6.568,6.454,6.462,246477,0
PGE,60,20221118,140000,6.46,6.498,6.402,6.454,448610,0
PGE,60,20221118,150000,6.454,6.5,6.442,6.476,160147,0
PGE,60,20221118,160000,6.476,6.54,6.422,6.54,364034,0
PGE,60,20221118,170000,6.54,6.628,6.508,6.558,813043,0
PGE,60,20221121,100000,6.576,6.7,6.472,6.674,482324,0
PGE,60,20221121,110000,6.672,6.672,6.582,6.624,226873,0
PGE,60,20221121,120000,6.61,6.644,6.582,6.61,201038,0
PGE,60,20221121,130000,6.61,6.626,6.57,6.57,272688,0
PGE,60,20221121,140000,6.57,6.63,6.56,6.614,412276,0
PGE,60,20221121,150000,6.614,6.826,6.588,6.814,537593,0
PGE,60,20221121,160000,6.814,6.814,6.706,6.73,375514,0
PGE,60,20221121,170000,6.74,6.75,6.688,6.72,732735,0
PGE,60,20221122,100000,6.75,6.976,6.692,6.976,694819,0
PGE,60,20221122,110000,6.976,6.99,6.87,6.958,468298,0
PGE,60,20221122,120000,6.95,6.96,6.922,6.96,320765,0
PGE,60,20221122,130000,6.96,6.96,6.83,6.852,331091,0
PGE,60,20221122,140000,6.86,6.89,6.86,6.88,219174,0
PGE,60,20221122,150000,6.884,6.89,6.85,6.872,356630,0
PGE,60,20221122,160000,6.87,6.89,6.828,6.86,471440,0
PGE,60,20221122,170000,6.862,6.862,6.752,6.824,691307,0
PGE,60,20221123,100000,6.826,6.918,6.73,6.822,324831,0
PGE,60,20221123,110000,6.822,6.944,6.812,6.884,224990,0
PGE,60,20221123,120000,6.88,6.88,6.812,6.822,434191,0
PGE,60,20221123,130000,6.824,6.826,6.696,6.714,381798,0
PGE,60,20221123,140000,6.728,6.73,6.642,6.688,280970,0
PGE,60,20221123,150000,6.676,6.69,6.61,6.65,903649,0
PGE,60,20221123,160000,6.64,6.65,6.568,6.58,1354571,0
PGE,60,20221123,170000,6.582,6.648,6.572,6.606,426093,0
PGE,60,20221124,100000,6.588,6.614,6.38,6.478,874092,0
PGE,60,20221124,110000,6.466,6.488,6.386,6.402,299167,0
PGE,60,20221124,120000,6.41,6.42,6.34,6.346,415695,0
PGE,60,20221124,130000,6.346,6.376,6.334,6.36,269869,0
PGE,60,20221124,140000,6.358,6.396,6.31,6.32,331560,0
PGE,60,20221124,150000,6.33,6.476,6.314,6.442,412293,0
PGE,60,20221124,160000,6.442,6.456,6.402,6.428,212122,0
PGE,60,20221124,170000,6.428,6.486,6.422,6.486,719188,0
PGE,60,20221125,100000,6.5,6.558,6.422,6.474,428981,0
PGE,60,20221125,110000,6.486,6.608,6.482,6.522,495015,0
PGE,60,20221125,120000,6.528,6.598,6.528,6.574,280290,0
PGE,60,20221125,130000,6.572,6.578,6.55,6.55,126472,0
PGE,60,20221125,140000,6.558,6.564,6.502,6.51,91038,0
PGE,60,20221125,150000,6.508,6.53,6.5,6.508,140791,0
PGE,60,20221125,160000,6.508,6.59,6.5,6.57,232374,0
PGE,60,20221125,170000,6.562,6.624,6.528,6.528,476580,0
PGE,60,20221128,100000,6.54,6.55,6.414,6.438,439296,0
PGE,60,20221128,110000,6.434,6.502,6.41,6.446,468035,0
PGE,60,20221128,120000,6.45,6.51,6.446,6.484,207938,0
PGE,60,20221128,130000,6.482,6.526,6.474,6.5,135393,0
PGE,60,20221128,140000,6.5,6.506,6.484,6.494,85991,0
PGE,60,20221128,150000,6.494,6.5,6.472,6.486,180502,0
PGE,60,20221128,160000,6.486,6.524,6.468,6.512,220378,0
PGE,60,20221128,170000,6.51,6.556,6.446,6.446,469468,0
PGE,60,20221129,100000,6.472,6.498,6.338,6.418,494691,0
PGE,60,20221129,110000,6.402,6.42,6.314,6.352,570189,0
PGE,60,20221129,120000,6.354,6.4,6.35,6.39,636040,0
PGE,60,20221129,130000,6.39,6.396,6.35,6.362,190418,0
PGE,60,20221129,140000,6.362,6.364,6.282,6.298,341404,0
PGE,60,20221129,150000,6.298,6.332,6.262,6.326,339828,0
PGE,60,20221129,160000,6.334,6.376,6.324,6.33,277134,0
PGE,60,20221129,170000,6.33,6.46,6.33,6.38,650214,0
PGE,60,20221130,100000,6.466,6.488,6.366,6.486,235916,0
PGE,60,20221130,110000,6.488,6.568,6.472,6.538,289800,0
PGE,60,20221130,120000,6.538,6.54,6.48,6.514,199406,0
PGE,60,20221130,130000,6.524,6.54,6.484,6.53,156197,0
PGE,60,20221130,140000,6.522,6.534,6.498,6.528,263171,0
PGE,60,20221130,150000,6.524,6.534,6.498,6.516,349834,0
PGE,60,20221130,160000,6.516,6.55,6.5,6.5,394081,0
PGE,60,20221130,170000,6.5,6.522,6.454,6.47,1940534,0
PGE,60,20221201,100000,6.56,6.738,6.56,6.66,559980,0
PGE,60,20221201,110000,6.66,6.702,6.65,6.684,426567,0
PGE,60,20221201,120000,6.684,6.75,6.68,6.698,239685,0
PGE,60,20221201,130000,6.692,6.732,6.682,6.684,223557,0
PGE,60,20221201,140000,6.684,6.728,6.682,6.702,331441,0
PGE,60,20221201,150000,6.712,6.714,6.62,6.628,218074,0
PGE,60,20221201,160000,6.63,6.754,6.628,6.714,347862,0
PGE,60,20221201,170000,6.71,6.76,6.7,6.76,525147,0
PGE,60,20221202,100000,6.72,6.75,6.562,6.672,608088,0
PGE,60,20221202,110000,6.67,6.73,6.646,6.694,202751,0
PGE,60,20221202,120000,6.694,6.694,6.62,6.674,323997,0
PGE,60,20221202,130000,6.674,6.682,6.658,6.664,114682,0
PGE,60,20221202,140000,6.664,6.672,6.658,6.67,104536,0
PGE,60,20221202,150000,6.666,6.7,6.524,6.57,429165,0
PGE,60,20221202,160000,6.574,6.648,6.572,6.636,242300,0
PGE,60,20221202,170000,6.64,6.664,6.558,6.59,739443,0
PGE,60,20221205,100000,6.592,6.76,6.586,6.748,341390,0
PGE,60,20221205,110000,6.748,6.786,6.728,6.762,257350,0
PGE,60,20221205,120000,6.774,6.78,6.75,6.774,154223,0
PGE,60,20221205,130000,6.774,6.792,6.76,6.76,146710,0
PGE,60,20221205,140000,6.768,6.778,6.75,6.752,226833,0
PGE,60,20221205,150000,6.756,6.798,6.75,6.78,162886,0
PGE,60,20221205,160000,6.76,6.82,6.75,6.762,346868,0
PGE,60,20221205,170000,6.762,6.782,6.752,6.752,365339,0
PGE,60,20221206,100000,6.7,6.8,6.65,6.8,252862,0
PGE,60,20221206,110000,6.784,6.81,6.778,6.798,151573,0
PGE,60,20221206,120000,6.798,6.81,6.788,6.806,114988,0
PGE,60,20221206,130000,6.804,6.884,6.804,6.884,220352,0
PGE,60,20221206,140000,6.87,6.892,6.79,6.828,230983,0
PGE,60,20221206,150000,6.82,6.82,6.79,6.8,120877,0
PGE,60,20221206,160000,6.794,6.84,6.794,6.816,161269,0
PGE,60,20221206,170000,6.816,6.83,6.758,6.788,381035,0
PGE,60,20221207,100000,6.816,6.842,6.748,6.828,177464,0
PGE,60,20221207,110000,6.828,6.84,6.798,6.808,137524,0
PGE,60,20221207,120000,6.804,6.824,6.8,6.822,107921,0
PGE,60,20221207,130000,6.822,6.832,6.802,6.814,102141,0
PGE,60,20221207,140000,6.822,6.83,6.802,6.83,150524,0
PGE,60,20221207,150000,6.832,7.044,6.832,7.014,1147214,0
PGE,60,20221207,160000,7.014,7.1,6.968,6.986,388135,0
PGE,60,20221207,170000,6.998,7.048,6.984,7.004,704231,0
PGE,60,20221208,100000,7.06,7.18,6.968,7.152,412896,0
PGE,60,20221208,110000,7.152,7.18,7.118,7.12,406647,0
PGE,60,20221208,120000,7.12,7.16,7.06,7.076,495799,0
PGE,60,20221208,130000,7.082,7.18,7.078,7.142,279266,0
PGE,60,20221208,140000,7.154,7.198,7.142,7.198,260605,0
PGE,60,20221208,150000,7.2,7.222,7.158,7.19,324626,0
PGE,60,20221208,160000,7.192,7.192,7.1,7.126,450333,0
PGE,60,20221208,170000,7.12,7.138,7.102,7.122,726587,0
PGE,60,20221209,100000,7.178,7.178,6.954,7.036,501001,0
PGE,60,20221209,110000,7.03,7.066,7.026,7.06,333565,0
PGE,60,20221209,120000,7.06,7.06,6.914,6.94,367318,0
PGE,60,20221209,130000,6.946,6.974,6.93,6.96,168192,0
PGE,60,20221209,140000,6.956,6.964,6.854,6.922,524055,0
PGE,60,20221209,150000,6.912,6.946,6.814,6.86,513336,0
PGE,60,20221209,160000,6.86,6.896,6.768,6.864,639279,0
PGE,60,20221209,170000,6.872,6.934,6.794,6.898,1168722,0
PGE,60,20221212,100000,6.97,6.97,6.85,6.938,229250,0
PGE,60,20221212,110000,6.926,6.994,6.926,6.98,214830,0
PGE,60,20221212,120000,6.98,7.03,6.972,7.022,131975,0
PGE,60,20221212,130000,7.03,7.03,7.008,7.014,68425,0
PGE,60,20221212,140000,7.014,7.02,6.91,6.952,279011,0
PGE,60,20221212,150000,6.952,6.996,6.92,6.978,223269,0
PGE,60,20221212,160000,6.97,6.996,6.97,6.99,174715,0
PGE,60,20221212,170000,6.996,7.016,6.928,6.97,446887,0
PGE,60,20221213,100000,7.016,7.016,6.796,6.808,652560,0
PGE,60,20221213,110000,6.808,6.846,6.75,6.816,512183,0
PGE,60,20221213,120000,6.81,6.82,6.748,6.814,312017,0
PGE,60,20221213,130000,6.82,6.82,6.77,6.812,154326,0
PGE,60,20221213,140000,6.802,6.864,6.8,6.846,122575,0
PGE,60,20221213,150000,6.854,6.964,6.802,6.914,474598,0
PGE,60,20221213,160000,6.926,6.95,6.818,6.95,540818,0
PGE,60,20221213,170000,6.942,6.942,6.83,6.83,1138833,0
PGE,60,20221214,100000,6.83,6.878,6.756,6.8,291514,0
PGE,60,20221214,110000,6.798,6.82,6.75,6.754,285444,0
PGE,60,20221214,120000,6.77,6.8,6.756,6.764,135448,0
PGE,60,20221214,130000,6.764,6.778,6.724,6.76,145224,0
PGE,60,20221214,140000,6.762,6.762,6.668,6.684,272168,0
PGE,60,20221214,150000,6.68,6.744,6.67,6.732,255833,0
PGE,60,20221214,160000,6.734,6.784,6.72,6.732,198229,0
PGE,60,20221214,170000,6.748,6.748,6.686,6.686,583934,0
PGE,60,20221215,100000,6.69,6.706,6.564,6.588,392216,0
PGE,60,20221215,110000,6.588,6.78,6.556,6.65,423002,0
PGE,60,20221215,120000,6.658,6.7,6.632,6.686,147352,0
PGE,60,20221215,130000,6.682,6.784,6.68,6.726,231805,0
PGE,60,20221215,140000,6.724,6.758,6.704,6.714,254099,0
PGE,60,20221215,150000,6.704,6.712,6.602,6.628,195142,0
PGE,60,20221215,160000,6.628,6.654,6.56,6.56,265114,0
PGE,60,20221215,170000,6.56,6.628,6.552,6.578,392666,0
PGE,60,20221216,100000,6.55,6.71,6.55,6.6,241774,0
PGE,60,20221216,110000,6.6,6.64,6.552,6.618,163402,0
PGE,60,20221216,120000,6.618,6.632,6.526,6.544,286849,0
PGE,60,20221216,130000,6.544,6.598,6.538,6.54,144684,0
PGE,60,20221216,140000,6.55,6.578,6.526,6.57,180203,0
PGE,60,20221216,150000,6.566,6.574,6.55,6.574,135109,0
PGE,60,20221216,160000,6.566,6.666,6.552,6.586,458395,0
PGE,60,20221216,170000,6.586,6.648,6.532,6.572,6669844,0
PGE,60,20221219,100000,6.614,6.77,6.614,6.74,275779,0
PGE,60,20221219,110000,6.732,6.808,6.716,6.796,342475,0
PGE,60,20221219,120000,6.796,6.808,6.73,6.73,159141,0
PGE,60,20221219,130000,6.74,6.744,6.656,6.688,134328,0
PGE,60,20221219,140000,6.698,6.744,6.698,6.734,109769,0
PGE,60,20221219,150000,6.738,6.738,6.694,6.722,56731,0
PGE,60,20221219,160000,6.728,6.744,6.64,6.65,413522,0
PGE,60,20221219,170000,6.64,6.652,6.476,6.548,1235819,0
PGE,60,20221220,100000,6.48,6.548,6.42,6.532,243599,0
PGE,60,20221220,110000,6.53,6.562,6.526,6.534,104447,0
PGE,60,20221220,120000,6.55,6.61,6.532,6.606,101455,0
PGE,60,20221220,130000,6.608,6.63,6.58,6.586,108969,0
PGE,60,20221220,140000,6.596,6.644,6.588,6.6,97682,0
PGE,60,20221220,150000,6.6,6.642,6.586,6.632,122203,0
PGE,60,20221220,160000,6.63,6.688,6.628,6.684,203137,0
PGE,60,20221220,170000,6.686,6.728,6.684,6.722,495723,0
PGE,60,20221221,100000,6.71,6.74,6.61,6.644,248348,0
PGE,60,20221221,110000,6.65,6.686,6.646,6.67,94896,0
PGE,60,20221221,120000,6.67,6.678,6.62,6.62,109354,0
PGE,60,20221221,130000,6.63,6.682,6.604,6.616,227946,0
PGE,60,20221221,140000,6.612,6.634,6.602,6.626,137648,0
PGE,60,20221221,150000,6.622,6.636,6.606,6.624,196472,0
PGE,60,20221221,160000,6.624,6.65,6.612,6.62,203869,0
PGE,60,20221221,170000,6.62,6.688,6.62,6.68,354427,0
PGE,60,20221222,100000,6.716,6.72,6.654,6.676,130616,0
PGE,60,20221222,110000,6.676,6.678,6.618,6.642,205605,0
PGE,60,20221222,120000,6.634,6.658,6.616,6.636,143732,0
PGE,60,20221222,130000,6.632,6.644,6.588,6.632,257429,0
PGE,60,20221222,140000,6.63,6.68,6.622,6.67,176483,0
PGE,60,20221222,150000,6.666,6.678,6.63,6.66,194663,0
PGE,60,20221222,160000,6.658,6.68,6.604,6.642,271011,0
PGE,60,20221222,170000,6.642,6.706,6.628,6.672,460726,0
PGE,60,20221223,100000,6.67,6.67,6.616,6.64,115207,0
PGE,60,20221223,110000,6.648,6.664,6.63,6.66,180731,0
PGE,60,20221223,120000,6.662,6.68,6.652,6.664,136948,0
PGE,60,20221223,130000,6.672,6.698,6.662,6.682,122105,0
PGE,60,20221223,140000,6.694,6.694,6.612,6.618,236329,0
PGE,60,20221223,150000,6.62,6.624,6.584,6.61,158538,0
PGE,60,20221223,160000,6.612,6.612,6.59,6.608,203977,0
PGE,60,20221223,170000,6.608,6.69,6.608,6.69,325343,0
PGE,60,20221227,100000,6.7,6.71,6.64,6.66,118637,0
PGE,60,20221227,110000,6.65,6.656,6.588,6.618,171109,0
PGE,60,20221227,120000,6.62,6.624,6.592,6.62,79886,0
PGE,60,20221227,130000,6.614,6.622,6.552,6.56,175766,0
PGE,60,20221227,140000,6.56,6.564,6.532,6.534,304165,0
PGE,60,20221227,150000,6.538,6.552,6.52,6.528,107435,0
PGE,60,20221227,160000,6.522,6.524,6.488,6.496,235293,0
PGE,60,20221227,170000,6.49,6.526,6.488,6.498,266690,0
PGE,60,20221228,100000,6.48,6.55,6.472,6.534,124171,0
PGE,60,20221228,110000,6.546,6.58,6.53,6.574,56951,0
PGE,60,20221228,120000,6.56,6.588,6.544,6.58,48826,0
PGE,60,20221228,130000,6.58,6.7,6.564,6.676,380739,0
PGE,60,20221228,140000,6.68,6.73,6.66,6.694,362560,0
PGE,60,20221228,150000,6.7,6.728,6.694,6.712,418586,0
PGE,60,20221228,160000,6.712,6.732,6.682,6.686,175048,0
PGE,60,20221228,170000,6.7,6.714,6.666,6.68,236941,0
PGE,60,20221229,100000,6.72,6.77,6.68,6.732,149001,0
PGE,60,20221229,110000,6.728,6.73,6.658,6.696,93462,0
PGE,60,20221229,120000,6.69,6.792,6.67,6.75,182586,0
PGE,60,20221229,130000,6.756,6.83,6.73,6.812,244230,0
PGE,60,20221229,140000,6.812,6.812,6.76,6.776,78592,0
PGE,60,20221229,150000,6.774,6.8,6.74,6.8,132270,0
PGE,60,20221229,160000,6.794,6.81,6.756,6.808,188865,0
PGE,60,20221229,170000,6.81,6.824,6.76,6.804,526208,0
PGE,60,20221230,100000,6.81,6.858,6.754,6.81,185432,0
PGE,60,20221230,110000,6.804,6.84,6.79,6.834,103596,0
PGE,60,20221230,120000,6.84,6.85,6.82,6.83,98748,0
PGE,60,20221230,130000,6.832,6.844,6.8,6.802,91987,0
PGE,60,20221230,140000,6.802,6.836,6.802,6.814,84103,0
PGE,60,20221230,150000,6.812,6.836,6.812,6.836,152581,0
PGE,60,20221230,160000,6.836,6.89,6.836,6.89,315256,0
PGE,60,20221230,170000,6.892,6.942,6.86,6.884,463830,0
PGE,60,20230102,100000,6.886,6.94,6.842,6.928,144325,0
PGE,60,20230102,110000,6.938,6.95,6.886,6.906,173477,0
PGE,60,20230102,120000,6.9,6.918,6.856,6.878,49115,0
PGE,60,20230102,130000,6.88,6.912,6.854,6.876,118648,0
PGE,60,20230102,140000,6.878,6.92,6.878,6.898,49649,0
PGE,60,20230102,150000,6.898,6.91,6.872,6.896,19961,0
PGE,60,20230102,160000,6.896,6.9,6.85,6.868,55167,0
PGE,60,20230102,170000,6.88,6.924,6.88,6.92,104334,0
PGE,60,20230103,100000,6.93,6.988,6.878,6.97,186194,0
PGE,60,20230103,110000,6.97,7.054,6.958,7.054,240203,0
PGE,60,20230103,120000,7.054,7.102,7.04,7.094,309865,0
PGE,60,20230103,130000,7.1,7.102,6.99,6.998,205390,0
PGE,60,20230103,140000,6.99,7,6.952,6.996,158788,0
PGE,60,20230103,150000,6.998,7.002,6.962,6.996,136284,0
PGE,60,20230103,160000,6.996,7.002,6.952,6.956,340532,0
PGE,60,20230103,170000,6.956,6.964,6.8,6.832,839625,0
PGE,60,20230104,100000,6.9,6.976,6.85,6.958,229508,0
PGE,60,20230104,110000,6.958,6.97,6.91,6.938,201229,0
PGE,60,20230104,120000,6.938,6.96,6.91,6.932,177934,0
PGE,60,20230104,130000,6.932,6.956,6.922,6.93,60360,0
PGE,60,20230104,140000,6.93,6.932,6.902,6.902,93383,0
PGE,60,20230104,150000,6.908,6.92,6.862,6.904,232575,0
PGE,60,20230104,160000,6.9,6.904,6.854,6.892,285841,0
PGE,60,20230104,170000,6.882,6.946,6.852,6.946,680235,0
PGE,60,20230105,100000,6.97,6.98,6.91,6.93,314809,0
PGE,60,20230105,110000,6.93,6.97,6.924,6.968,698524,0
PGE,60,20230105,120000,6.97,6.988,6.962,6.966,394012,0
PGE,60,20230105,130000,6.974,6.98,6.92,6.934,238348,0
PGE,60,20230105,140000,6.922,6.942,6.904,6.922,219670,0
PGE,60,20230105,150000,6.926,6.932,6.844,6.854,371682,0
PGE,60,20230105,160000,6.856,6.89,6.85,6.866,339819,0
PGE,60,20230105,170000,6.868,6.928,6.852,6.898,575866,0
PGE,60,20230109,100000,6.91,7.02,6.804,6.836,909349,0
PGE,60,20230109,110000,6.836,6.88,6.776,6.782,933908,0
PGE,60,20230109,120000,6.774,6.782,6.684,6.698,1008133,0
PGE,60,20230109,130000,6.696,6.71,6.58,6.59,965111,0
PGE,60,20230109,140000,6.598,6.626,6.586,6.6,600920,0
PGE,60,20230109,150000,6.596,6.638,6.58,6.608,632631,0
PGE,60,20230109,160000,6.608,6.67,6.586,6.66,956276,0
PGE,60,20230109,170000,6.658,6.7,6.612,6.7,1113662,0
PGE,60,20230110,100000,6.7,6.736,6.612,6.68,537316,0
PGE,60,20230110,110000,6.68,6.688,6.632,6.654,201359,0
PGE,60,20230110,120000,6.66,6.686,6.65,6.66,301966,0
PGE,60,20230110,130000,6.66,6.672,6.622,6.628,160461,0
PGE,60,20230110,140000,6.624,6.624,6.564,6.6,322255,0
PGE,60,20230110,150000,6.59,6.62,6.59,6.62,276442,0
PGE,60,20230110,160000,6.62,6.66,6.62,6.656,503489,0
PGE,60,20230110,170000,6.66,6.668,6.63,6.668,1016050,0
PGE,60,20230111,100000,6.68,6.854,6.68,6.838,938158,0
PGE,60,20230111,110000,6.826,6.92,6.8,6.838,450443,0
PGE,60,20230111,120000,6.838,6.892,6.82,6.822,511413,0
PGE,60,20230111,130000,6.836,6.86,6.762,6.846,595948,0
PGE,60,20230111,140000,6.84,6.936,6.832,6.9,713037,0
PGE,60,20230111,150000,6.9,6.908,6.8,6.806,358147,0
PGE,60,20230111,160000,6.818,6.86,6.808,6.822,223235,0
PGE,60,20230111,170000,6.82,6.888,6.794,6.81,556289,0
PGE,60,20230112,100000,6.868,6.96,6.868,6.948,563871,0
PGE,60,20230112,110000,6.95,6.994,6.95,6.97,581469,0
PGE,60,20230112,120000,6.968,6.97,6.926,6.964,241181,0
PGE,60,20230112,130000,6.966,7.022,6.954,6.99,557491,0
PGE,60,20230112,140000,6.99,7.006,6.964,6.988,255647,0
PGE,60,20230112,150000,6.978,7,6.914,6.98,482638,0
PGE,60,20230112,160000,6.976,7,6.91,6.94,473540,0
PGE,60,20230112,170000,6.95,7,6.94,6.974,547061,0
PGE,60,20230113,100000,6.978,7,6.896,6.95,369322,0
PGE,60,20230113,110000,6.942,6.986,6.936,6.946,253277,0
PGE,60,20230113,120000,6.95,7,6.94,6.998,240731,0
PGE,60,20230113,130000,7,7.054,6.998,7.004,294594,0
PGE,60,20230113,140000,7,7.006,6.952,6.954,193503,0
PGE,60,20230113,150000,6.958,6.982,6.91,6.926,228669,0
PGE,60,20230113,160000,6.922,6.978,6.908,6.95,323562,0
PGE,60,20230113,170000,6.942,6.97,6.92,6.92,360057,0
PGE,60,20230116,100000,6.94,6.976,6.824,6.85,226735,0
PGE,60,20230116,110000,6.85,6.85,6.734,6.798,434743,0
PGE,60,20230116,120000,6.798,6.852,6.79,6.83,204723,0
PGE,60,20230116,130000,6.83,6.83,6.81,6.83,99478,0
PGE,60,20230116,140000,6.83,6.83,6.79,6.83,149899,0
PGE,60,20230116,150000,6.83,6.92,6.83,6.92,225524,0
PGE,60,20230116,160000,6.928,6.994,6.92,6.926,273147,0
PGE,60,20230116,170000,6.926,6.954,6.9,6.916,420471,0
PGE,60,20230117,100000,6.89,6.934,6.864,6.88,163038,0
PGE,60,20230117,110000,6.886,6.988,6.884,6.96,285188,0
PGE,60,20230117,120000,6.958,7,6.914,6.958,50624,0
PGE,60,20230117,130000,6.944,6.966,6.888,6.918,148567,0
PGE,60,20230117,140000,6.92,6.928,6.88,6.896,69784,0
PGE,60,20230117,150000,6.908,6.94,6.904,6.938,201064,0
PGE,60,20230117,160000,6.938,6.952,6.92,6.94,276461,0
PGE,60,20230117,170000,6.95,6.95,6.918,6.95,511632,0
PGE,60,20230118,100000,6.95,7.05,6.9,7.032,548785,0
PGE,60,20230118,110000,7.03,7.04,7,7.02,298707,0
PGE,60,20230118,120000,7.028,7.14,7.028,7.11,706099,0
PGE,60,20230118,130000,7.108,7.128,7.094,7.128,159163,0
PGE,60,20230118,140000,7.128,7.238,7.122,7.226,621040,0
PGE,60,20230118,150000,7.234,7.292,7.226,7.278,286820,0
PGE,60,20230118,160000,7.29,7.298,7.268,7.27,333021,0
PGE,60,20230118,170000,7.268,7.276,7.2,7.218,481817,0
PGE,60,20230119,100000,7.2,7.32,7.1,7.248,659914,0
PGE,60,20230119,110000,7.236,7.248,7.116,7.12,179972,0
PGE,60,20230119,120000,7.128,7.14,7.062,7.092,259493,0
PGE,60,20230119,130000,7.074,7.1,7.022,7.072,268661,0
PGE,60,20230119,140000,7.078,7.146,7.064,7.11,184217,0
PGE,60,20230119,150000,7.114,7.158,7.084,7.142,235257,0
PGE,60,20230119,160000,7.14,7.3,7.134,7.296,469964,0
PGE,60,20230119,170000,7.298,7.32,7.266,7.306,1173788,0
PGE,60,20230120,100000,7.34,7.38,7.254,7.27,184978,0
PGE,60,20230120,110000,7.278,7.278,7.212,7.25,149566,0
PGE,60,20230120,120000,7.242,7.242,7.16,7.168,164530,0
PGE,60,20230120,130000,7.168,7.198,7.16,7.188,146726,0
PGE,60,20230120,140000,7.19,7.282,7.19,7.254,147270,0
PGE,60,20230120,150000,7.262,7.266,7.226,7.242,122283,0
PGE,60,20230120,160000,7.24,7.254,7.2,7.2,205398,0
PGE,60,20230120,170000,7.2,7.29,7.194,7.26,462824,0
PGE,60,20230123,100000,7.26,7.35,7.21,7.238,206354,0
PGE,60,20230123,110000,7.226,7.294,7.188,7.282,180734,0
PGE,60,20230123,120000,7.286,7.396,7.27,7.358,199921,0
PGE,60,20230123,130000,7.352,7.398,7.33,7.38,134905,0
PGE,60,20230123,140000,7.378,7.448,7.378,7.43,240874,0
PGE,60,20230123,150000,7.438,7.44,7.33,7.356,171635,0
PGE,60,20230123,160000,7.362,7.4,7.332,7.39,171557,0
PGE,60,20230123,170000,7.4,7.48,7.356,7.47,584236,0
PGE,60,20230124,100000,7.5,7.84,7.49,7.818,929830,0
PGE,60,20230124,110000,7.804,7.92,7.732,7.85,863785,0
PGE,60,20230124,120000,7.856,7.884,7.726,7.76,277153,0
PGE,60,20230124,130000,7.752,7.76,7.648,7.676,238954,0
PGE,60,20230124,140000,7.676,7.676,7.604,7.626,167373,0
PGE,60,20230124,150000,7.62,7.72,7.616,7.64,205194,0
PGE,60,20230124,160000,7.64,7.64,7.57,7.574,237285,0
PGE,60,20230124,170000,7.592,7.598,7.524,7.584,380016,0
PGE,60,20230125,100000,7.6,7.64,7.42,7.504,537291,0
PGE,60,20230125,110000,7.49,7.54,7.448,7.468,238355,0
PGE,60,20230125,120000,7.454,7.454,7.34,7.436,232504,0
PGE,60,20230125,130000,7.426,7.45,7.392,7.434,98696,0
PGE,60,20230125,140000,7.438,7.468,7.396,7.41,127350,0
PGE,60,20230125,150000,7.406,7.45,7.39,7.42,104609,0
PGE,60,20230125,160000,7.418,7.47,7.418,7.44,113583,0
PGE,60,20230125,170000,7.434,7.47,7.402,7.442,291126,0
PGE,60,20230126,100000,7.61,7.628,7.42,7.434,191952,0
PGE,60,20230126,110000,7.434,7.51,7.424,7.51,170390,0
PGE,60,20230126,120000,7.512,7.524,7.476,7.5,94620,0
PGE,60,20230126,130000,7.5,7.524,7.5,7.506,76154,0
PGE,60,20230126,140000,7.5,7.572,7.5,7.554,134144,0
PGE,60,20230126,150000,7.546,7.6,7.54,7.596,204635,0
PGE,60,20230126,160000,7.592,7.6,7.518,7.528,189358,0
PGE,60,20230126,170000,7.53,7.598,7.514,7.554,371016,0
PGE,60,20230127,100000,7.55,7.626,7.504,7.578,300639,0
PGE,60,20230127,110000,7.578,7.6,7.48,7.484,239161,0
PGE,60,20230127,120000,7.5,7.61,7.5,7.546,217227,0
PGE,60,20230127,130000,7.546,7.558,7.516,7.538,74127,0
PGE,60,20230127,140000,7.53,7.562,7.5,7.5,126121,0
PGE,60,20230127,150000,7.512,7.57,7.502,7.562,90694,0
PGE,60,20230127,160000,7.576,7.6,7.54,7.54,158855,0
PGE,60,20230127,170000,7.54,7.592,7.536,7.56,310873,0
PGE,60,20230130,100000,7.56,7.56,7.382,7.472,223285,0
PGE,60,20230130,110000,7.474,7.498,7.458,7.476,138122,0
PGE,60,20230130,120000,7.476,7.58,7.474,7.58,207057,0
PGE,60,20230130,130000,7.58,7.584,7.558,7.574,174202,0
PGE,60,20230130,140000,7.58,7.598,7.558,7.588,202653,0
PGE,60,20230130,150000,7.588,7.624,7.57,7.58,193459,0
PGE,60,20230130,160000,7.576,7.59,7.56,7.58,134525,0
PGE,60,20230130,170000,7.584,7.606,7.558,7.59,526001,0
PGE,60,20230131,100000,7.59,7.608,7.486,7.59,299816,0
PGE,60,20230131,110000,7.602,7.676,7.55,7.588,300089,0
PGE,60,20230131,120000,7.594,7.594,7.52,7.54,326924,0
PGE,60,20230131,130000,7.546,7.578,7.52,7.52,189872,0
PGE,60,20230131,140000,7.526,7.568,7.52,7.52,146640,0
PGE,60,20230131,150000,7.526,7.584,7.52,7.578,174231,0
PGE,60,20230131,160000,7.57,7.594,7.472,7.472,353649,0
PGE,60,20230131,170000,7.482,7.538,7.46,7.488,836672,0
PGE,60,20230201,100000,7.5,7.554,7.318,7.326,636803,0
PGE,60,20230201,110000,7.324,7.346,7.236,7.328,603765,0
PGE,60,20230201,120000,7.33,7.336,7.25,7.27,366942,0
PGE,60,20230201,130000,7.262,7.286,7.228,7.23,183418,0
PGE,60,20230201,140000,7.238,7.256,7.216,7.232,171445,0
PGE,60,20230201,150000,7.234,7.234,7.14,7.158,401048,0
PGE,60,20230201,160000,7.162,7.19,7.102,7.134,355860,0
PGE,60,20230201,170000,7.134,7.134,7.03,7.03,697596,0
PGE,60,20230202,100000,7.25,7.4,7.076,7.084,912150,0
PGE,60,20230202,110000,7.092,7.198,7.092,7.174,192657,0
PGE,60,20230202,120000,7.178,7.186,7.114,7.124,158547,0
PGE,60,20230202,130000,7.124,7.2,7.09,7.184,163239,0
PGE,60,20230202,140000,7.182,7.21,7.11,7.172,216444,0
PGE,60,20230202,150000,7.174,7.266,7.162,7.258,177194,0
PGE,60,20230202,160000,7.264,7.264,7.16,7.164,167530,0
PGE,60,20230202,170000,7.166,7.184,7.118,7.118,625382,0
PGE,60,20230203,100000,7.232,7.232,7.002,7.05,306797,0
PGE,60,20230203,110000,7.058,7.122,7.052,7.098,99842,0
PGE,60,20230203,120000,7.09,7.096,7.05,7.054,83008,0
PGE,60,20230203,130000,7.062,7.1,7.032,7.078,127650,0
PGE,60,20230203,140000,7.078,7.104,7.058,7.064,69275,0
PGE,60,20230203,150000,7.06,7.074,7.014,7.034,189299,0
PGE,60,20230203,160000,7.026,7.056,6.976,7.01,281856,0
PGE,60,20230203,170000,7.006,7.026,6.976,6.986,295667,0
PGE,60,20230206,100000,7.016,7.028,6.908,6.908,239401,0
PGE,60,20230206,110000,6.904,6.91,6.85,6.87,322020,0
PGE,60,20230206,120000,6.876,6.894,6.834,6.848,246302,0
PGE,60,20230206,130000,6.848,6.848,6.802,6.816,222317,0
PGE,60,20230206,140000,6.816,6.9,6.81,6.9,132675,0
PGE,60,20230206,150000,6.898,6.898,6.836,6.842,204244,0
PGE,60,20230206,160000,6.846,6.87,6.82,6.848,191068,0
PGE,60,20230206,170000,6.85,6.852,6.74,6.77,930610,0
PGE,60,20230207,100000,6.8,6.88,6.7,6.758,316781,0
PGE,60,20230207,110000,6.74,6.81,6.682,6.81,162710,0
PGE,60,20230207,120000,6.81,6.818,6.74,6.76,91867,0
PGE,60,20230207,130000,6.76,6.842,6.73,6.838,208292,0
PGE,60,20230207,140000,6.836,6.846,6.794,6.81,121084,0
PGE,60,20230207,150000,6.81,6.838,6.794,6.798,90603,0
PGE,60,20230207,160000,6.79,6.806,6.752,6.78,148179,0
PGE,60,20230207,170000,6.776,6.8,6.754,6.8,342469,0
PGE,60,20230208,100000,6.89,6.89,6.766,6.816,175452,0
PGE,60,20230208,110000,6.82,6.834,6.8,6.81,231501,0
PGE,60,20230208,120000,6.81,6.922,6.804,6.868,341613,0
PGE,60,20230208,130000,6.86,6.92,6.86,6.91,189294,0
PGE,60,20230208,140000,6.91,6.938,6.9,6.916,110167,0
PGE,60,20230208,150000,6.916,6.94,6.91,6.93,37478,0
PGE,60,20230208,160000,6.93,6.934,6.91,6.91,93067,0
PGE,60,20230208,170000,6.914,6.914,6.86,6.872,308755,0
PGE,60,20230209,100000,6.92,6.94,6.86,6.874,120158,0
PGE,60,20230209,110000,6.866,6.892,6.826,6.84,157467,0
PGE,60,20230209,120000,6.846,6.9,6.846,6.9,116032,0
PGE,60,20230209,130000,6.892,6.94,6.884,6.924,108605,0
PGE,60,20230209,140000,6.924,6.97,6.92,6.926,111179,0
PGE,60,20230209,150000,6.926,6.932,6.87,6.916,80114,0
PGE,60,20230209,160000,6.908,6.914,6.866,6.866,127702,0
PGE,60,20230209,170000,6.87,6.944,6.858,6.916,383926,0
PGE,60,20230210,100000,6.95,6.95,6.85,6.866,73616,0
PGE,60,20230210,110000,6.866,6.884,6.806,6.81,121702,0
PGE,60,20230210,120000,6.81,6.82,6.756,6.772,545301,0
PGE,60,20230210,130000,6.77,6.794,6.702,6.78,370539,0
PGE,60,20230210,140000,6.794,6.85,6.79,6.844,256670,0
PGE,60,20230210,150000,6.842,6.862,6.826,6.838,157808,0
PGE,60,20230210,160000,6.83,6.872,6.812,6.858,189069,0
PGE,60,20230210,170000,6.836,6.88,6.806,6.85,509939,0
PGE,60,20230213,100000,6.88,6.906,6.752,6.778,157658,0
PGE,60,20230213,110000,6.78,6.792,6.702,6.728,372134,0
PGE,60,20230213,120000,6.728,6.758,6.692,6.702,252056,0
PGE,60,20230213,130000,6.702,6.734,6.696,6.728,229407,0
PGE,60,20230213,140000,6.728,6.77,6.722,6.77,174857,0
PGE,60,20230213,150000,6.77,6.77,6.722,6.726,195225,0
PGE,60,20230213,160000,6.726,6.726,6.674,6.722,336802,0
PGE,60,20230213,170000,6.73,6.77,6.706,6.736,446752,0
PGE,60,20230214,100000,6.75,6.828,6.72,6.75,122505,0
PGE,60,20230214,110000,6.754,6.796,6.728,6.74,90470,0
PGE,60,20230214,120000,6.726,6.8,6.722,6.784,106199,0
PGE,60,20230214,130000,6.794,6.802,6.764,6.792,96370,0
PGE,60,20230214,140000,6.788,6.818,6.786,6.8,100110,0
PGE,60,20230214,150000,6.8,6.81,6.754,6.76,291383,0
PGE,60,20230214,160000,6.766,6.774,6.712,6.77,178312,0
PGE,60,20230214,170000,6.77,6.79,6.74,6.766,278808,0
PGE,60,20230215,100000,6.818,6.818,6.684,6.724,77489,0
PGE,60,20230215,110000,6.722,6.752,6.704,6.73,29349,0
PGE,60,20230215,120000,6.728,6.77,6.706,6.77,41003,0
PGE,60,20230215,130000,6.77,6.8,6.756,6.782,57240,0
PGE,60,20230215,140000,6.766,6.81,6.762,6.792,45772,0
PGE,60,20230215,150000,6.786,6.794,6.754,6.762,83168,0
PGE,60,20230215,160000,6.762,6.768,6.738,6.744,72754,0
PGE,60,20230215,170000,6.744,6.764,6.716,6.752,376386,0
PGE,60,20230216,100000,6.822,6.876,6.804,6.832,130176,0
PGE,60,20230216,110000,6.842,6.842,6.724,6.756,227090,0
PGE,60,20230216,120000,6.742,6.788,6.728,6.768,83706,0
PGE,60,20230216,130000,6.762,6.766,6.728,6.76,69509,0
PGE,60,20230216,140000,6.768,6.774,6.722,6.748,72328,0
PGE,60,20230216,150000,6.746,6.746,6.704,6.712,224299,0
PGE,60,20230216,160000,6.704,6.8,6.7,6.77,98675,0
PGE,60,20230216,170000,6.77,6.798,6.744,6.766,240428,0
PGE,60,20230217,100000,6.76,6.84,6.72,6.772,315396,0
PGE,60,20230217,110000,6.77,6.778,6.716,6.75,244617,0
PGE,60,20230217,120000,6.75,6.768,6.704,6.76,294618,0
PGE,60,20230217,130000,6.766,6.79,6.746,6.79,79248,0
PGE,60,20230217,140000,6.79,6.84,6.78,6.82,192422,0
PGE,60,20230217,150000,6.818,6.834,6.784,6.8,204380,0
PGE,60,20230217,160000,6.8,6.846,6.79,6.83,152088,0
PGE,60,20230217,170000,6.83,6.898,6.828,6.898,486320,0
PGE,60,20230220,100000,6.89,6.904,6.83,6.852,100653,0
PGE,60,20230220,110000,6.854,6.874,6.82,6.852,64155,0
PGE,60,20230220,120000,6.85,6.87,6.832,6.87,37363,0
PGE,60,20230220,130000,6.874,6.896,6.87,6.89,32318,0
PGE,60,20230220,140000,6.89,6.906,6.866,6.888,37997,0
PGE,60,20230220,150000,6.888,6.916,6.884,6.9,89268,0
PGE,60,20230220,160000,6.894,6.902,6.872,6.88,77482,0
PGE,60,20230220,170000,6.872,6.92,6.868,6.92,221073,0
PGE,60,20230221,100000,6.9,6.95,6.81,6.83,97902,0
PGE,60,20230221,110000,6.79,6.848,6.762,6.848,177164,0
PGE,60,20230221,120000,6.848,6.852,6.78,6.788,53073,0
PGE,60,20230221,130000,6.794,6.796,6.728,6.74,233944,0
PGE,60,20230221,140000,6.738,6.75,6.71,6.742,156476,0
PGE,60,20230221,150000,6.724,6.76,6.722,6.76,80227,0
PGE,60,20230221,160000,6.758,6.778,6.732,6.744,98044,0
PGE,60,20230221,170000,6.734,6.8,6.734,6.772,256440,0
PGE,60,20230222,100000,6.802,6.802,6.65,6.68,1081347,0
PGE,60,20230222,110000,6.68,6.696,6.652,6.674,174921,0
PGE,60,20230222,120000,6.664,6.69,6.662,6.67,54850,0
PGE,60,20230222,130000,6.68,6.68,6.628,6.646,158534,0
PGE,60,20230222,140000,6.634,6.68,6.634,6.64,104365,0
PGE,60,20230222,150000,6.65,6.692,6.634,6.674,125905,0
PGE,60,20230222,160000,6.686,6.7,6.668,6.68,148475,0
PGE,60,20230222,170000,6.692,6.692,6.642,6.686,361125,0
PGE,60,20230223,100000,6.752,6.764,6.7,6.72,105291,0
PGE,60,20230223,110000,6.726,6.77,6.69,6.706,102926,0
PGE,60,20230223,120000,6.704,6.744,6.67,6.7,75451,0
PGE,60,20230223,130000,6.704,6.71,6.656,6.686,85656,0
PGE,60,20230223,140000,6.676,6.696,6.654,6.696,133236,0
PGE,60,20230223,150000,6.696,6.758,6.696,6.736,134568,0
PGE,60,20230223,160000,6.736,6.764,6.718,6.752,121383,0
PGE,60,20230223,170000,6.75,6.762,6.726,6.758,222832,0
PGE,60,20230224,100000,6.8,6.8,6.692,6.704,153041,0
PGE,60,20230224,110000,6.718,6.722,6.66,6.674,142643,0
PGE,60,20230224,120000,6.676,6.7,6.652,6.654,123703,0
PGE,60,20230224,130000,6.66,6.672,6.644,6.656,155284,0
PGE,60,20230224,140000,6.656,6.68,6.648,6.654,67036,0
PGE,60,20230224,150000,6.656,6.67,6.612,6.63,104483,0
PGE,60,20230224,160000,6.62,6.632,6.574,6.588,280149,0
PGE,60,20230224,170000,6.584,6.674,6.58,6.624,281967,0
PGE,60,20230227,100000,6.66,6.7,6.61,6.62,51438,0
PGE,60,20230227,110000,6.622,6.67,6.61,6.654,37311,0
PGE,60,20230227,120000,6.67,6.676,6.642,6.662,28573,0
PGE,60,20230227,130000,6.674,6.704,6.65,6.66,129892,0
PGE,60,20230227,140000,6.664,6.686,6.652,6.67,30111,0
PGE,60,20230227,150000,6.658,6.694,6.634,6.666,77233,0
PGE,60,20230227,160000,6.666,6.692,6.63,6.692,101640,0
PGE,60,20230227,170000,6.682,6.706,6.63,6.66,205277,0
PGE,60,20230228,100000,6.66,6.698,6.568,6.638,189687,0
PGE,60,20230228,110000,6.638,6.638,6.59,6.594,192714,0
PGE,60,20230228,120000,6.594,6.658,6.594,6.642,86201,0
PGE,60,20230228,130000,6.65,6.69,6.644,6.676,129068,0
PGE,60,20230228,140000,6.672,6.736,6.652,6.686,241958,0
PGE,60,20230228,150000,6.686,6.7,6.622,6.65,219782,0
PGE,60,20230228,160000,6.644,6.686,6.626,6.686,358260,0
PGE,60,20230228,170000,6.67,6.728,6.67,6.68,1751044,0
PGE,60,20230301,100000,6.74,6.836,6.714,6.768,330187,0
PGE,60,20230301,110000,6.764,6.816,6.74,6.794,123004,0
PGE,60,20230301,120000,6.806,6.84,6.8,6.806,143729,0
PGE,60,20230301,130000,6.792,6.822,6.766,6.772,62306,0
PGE,60,20230301,140000,6.772,6.83,6.762,6.786,109300,0
PGE,60,20230301,150000,6.784,6.784,6.708,6.736,172923,0
PGE,60,20230301,160000,6.728,6.764,6.72,6.758,105524,0
PGE,60,20230301,170000,6.764,6.772,6.712,6.74,278340,0
PGE,60,20230302,100000,6.712,6.712,6.57,6.586,404127,0
PGE,60,20230302,110000,6.59,6.614,6.574,6.584,287888,0
PGE,60,20230302,120000,6.58,6.6,6.57,6.59,273597,0
PGE,60,20230302,130000,6.59,6.59,6.57,6.572,324597,0
PGE,60,20230302,140000,6.572,6.59,6.51,6.518,510331,0
PGE,60,20230302,150000,6.518,6.538,6.512,6.522,202088,0
PGE,60,20230302,160000,6.526,6.534,6.464,6.482,486637,0
PGE,60,20230302,170000,6.48,6.518,6.444,6.444,711869,0
PGE,60,20230303,100000,6.42,6.458,6.23,6.332,1317015,0
PGE,60,20230303,110000,6.328,6.4,6.266,6.268,442111,0
PGE,60,20230303,120000,6.268,6.292,6.25,6.282,319199,0
PGE,60,20230303,130000,6.278,6.292,6.244,6.278,266490,0
PGE,60,20230303,140000,6.274,6.3,6.252,6.258,204505,0
PGE,60,20230303,150000,6.258,6.32,6.258,6.294,295077,0
PGE,60,20230303,160000,6.29,6.37,6.288,6.362,248316,0
PGE,60,20230303,170000,6.368,6.4,6.348,6.36,429874,0
PGE,60,20230306,100000,6.4,6.528,6.37,6.508,458627,0
PGE,60,20230306,110000,6.5,6.54,6.456,6.518,178479,0
PGE,60,20230306,120000,6.52,6.528,6.476,6.51,167807,0
PGE,60,20230306,130000,6.508,6.524,6.466,6.486,223812,0
PGE,60,20230306,140000,6.486,6.52,6.468,6.52,193061,0
PGE,60,20230306,150000,6.52,6.524,6.482,6.522,158954,0
PGE,60,20230306,160000,6.52,6.548,6.496,6.534,228608,0
PGE,60,20230306,170000,6.538,6.618,6.528,6.606,595353,0
PGE,60,20230307,100000,6.61,6.666,6.56,6.662,345538,0
PGE,60,20230307,110000,6.658,6.704,6.644,6.694,315865,0
PGE,60,20230307,120000,6.686,6.704,6.65,6.68,184886,0
PGE,60,20230307,130000,6.68,6.69,6.63,6.658,253232,0
PGE,60,20230307,140000,6.658,6.682,6.65,6.682,95373,0
PGE,60,20230307,150000,6.676,6.734,6.674,6.72,202560,0
PGE,60,20230307,160000,6.722,6.744,6.708,6.73,199418,0
PGE,60,20230307,170000,6.724,6.728,6.644,6.644,310636,0
PGE,60,20230308,100000,6.69,6.69,6.5,6.526,313806,0
PGE,60,20230308,110000,6.522,6.536,6.486,6.506,363571,0
PGE,60,20230308,120000,6.506,6.514,6.468,6.486,235308,0
PGE,60,20230308,130000,6.486,6.494,6.456,6.468,239243,0
PGE,60,20230308,140000,6.47,6.488,6.42,6.444,345144,0
PGE,60,20230308,150000,6.45,6.466,6.42,6.44,388854,0
PGE,60,20230308,160000,6.44,6.492,6.43,6.482,298711,0
PGE,60,20230308,170000,6.484,6.528,6.462,6.516,433521,0
PGE,60,20230309,100000,6.532,6.596,6.51,6.58,354503,0
PGE,60,20230309,110000,6.58,6.58,6.55,6.568,132985,0
PGE,60,20230309,120000,6.568,6.62,6.55,6.55,383172,0
PGE,60,20230309,130000,6.554,6.6,6.55,6.584,200320,0
PGE,60,20230309,140000,6.578,6.586,6.55,6.574,130938,0
PGE,60,20230309,150000,6.556,6.654,6.538,6.652,355518,0
PGE,60,20230309,160000,6.65,6.69,6.632,6.67,420319,0
PGE,60,20230309,170000,6.67,6.676,6.624,6.624,595668,0
PGE,60,20230310,100000,6.52,6.582,6.452,6.47,329619,0
PGE,60,20230310,110000,6.47,6.482,6.416,6.432,183174,0
PGE,60,20230310,120000,6.42,6.434,6.408,6.41,150243,0
PGE,60,20230310,130000,6.408,6.456,6.408,6.41,389495,0
PGE,60,20230310,140000,6.404,6.42,6.384,6.406,219267,0
PGE,60,20230310,150000,6.408,6.454,6.382,6.428,127942,0
PGE,60,20230310,160000,6.41,6.48,6.402,6.48,324283,0
PGE,60,20230310,170000,6.48,6.53,6.46,6.51,508486,0
PGE,60,20230313,100000,6.542,6.578,6.39,6.42,314032,0
PGE,60,20230313,110000,6.408,6.424,6.32,6.35,396995,0
PGE,60,20230313,120000,6.364,6.394,6.326,6.382,160398,0
PGE,60,20230313,130000,6.38,6.396,6.298,6.298,188434,0
PGE,60,20230313,140000,6.31,6.334,6.25,6.27,234947,0
PGE,60,20230313,150000,6.272,6.346,6.25,6.346,134766,0
PGE,60,20230313,160000,6.334,6.394,6.32,6.38,142693,0
PGE,60,20230313,170000,6.388,6.412,6.314,6.336,585014,0
PGE,60,20230314,100000,6.31,6.33,6.2,6.206,428797,0
PGE,60,20230314,110000,6.206,6.222,6.146,6.172,370995,0
PGE,60,20230314,120000,6.18,6.18,6.142,6.168,279083,0
PGE,60,20230314,130000,6.168,6.2,6.132,6.154,235107,0
PGE,60,20230314,140000,6.152,6.214,6.134,6.204,246782,0
PGE,60,20230314,150000,6.2,6.28,6.172,6.28,361343,0
PGE,60,20230314,160000,6.27,6.28,6.204,6.204,247063,0
PGE,60,20230314,170000,6.206,6.214,6.166,6.166,601620,0
PGE,60,20230315,100000,6.238,6.312,6.18,6.276,246178,0
PGE,60,20230315,110000,6.276,6.316,6.198,6.216,324453,0
PGE,60,20230315,120000,6.218,6.232,6.084,6.11,282878,0
PGE,60,20230315,130000,6.114,6.142,6.102,6.118,101049,0
PGE,60,20230315,140000,6.114,6.14,6.07,6.082,143255,0
PGE,60,20230315,150000,6.078,6.156,6.06,6.142,208313,0
PGE,60,20230315,160000,6.142,6.182,6.13,6.16,244627,0
PGE,60,20230315,170000,6.17,6.186,6.104,6.104,354779,0
PGE,60,20230316,100000,6.12,6.184,6.016,6.062,327541,0
PGE,60,20230316,110000,6.064,6.08,6.004,6.02,225359,0
PGE,60,20230316,120000,6.024,6.03,5.942,5.952,458158,0
PGE,60,20230316,130000,5.95,5.954,5.872,5.892,316071,0
PGE,60,20230316,140000,5.882,6.008,5.85,5.99,326815,0
PGE,60,20230316,150000,5.996,6,5.936,5.964,204896,0
PGE,60,20230316,160000,5.964,5.984,5.898,5.98,258932,0
PGE,60,20230316,170000,5.988,6.066,5.982,6.044,445757,0
PGE,60,20230317,100000,6.12,6.176,6.04,6.06,418599,0
PGE,60,20230317,110000,6.06,6.1,6.022,6.1,122633,0
PGE,60,20230317,120000,6.1,6.1,6.01,6.02,258900,0
PGE,60,20230317,130000,6.028,6.028,5.94,5.972,152096,0
PGE,60,20230317,140000,5.968,5.982,5.918,5.926,157205,0
PGE,60,20230317,150000,5.932,5.998,5.91,5.91,158489,0
PGE,60,20230317,160000,5.91,5.944,5.85,5.864,489089,0
PGE,60,20230317,170000,5.864,5.918,5.83,5.86,3092921,0
PGE,60,20230320,100000,5.94,5.94,5.756,5.888,529909,0
PGE,60,20230320,110000,5.898,5.96,5.874,5.95,177500,0
PGE,60,20230320,120000,5.942,5.97,5.902,5.936,159399,0
PGE,60,20230320,130000,5.942,5.942,5.874,5.914,147461,0
PGE,60,20230320,140000,5.92,5.98,5.88,5.98,139957,0
PGE,60,20230320,150000,5.978,5.986,5.912,5.932,117064,0
PGE,60,20230320,160000,5.93,5.962,5.9,5.946,121185,0
PGE,60,20230320,170000,5.938,5.982,5.906,5.982,305921,0
PGE,60,20230321,100000,6.048,6.132,5.996,6.114,338229,0
PGE,60,20230321,110000,6.114,6.17,6.096,6.15,184163,0
PGE,60,20230321,120000,6.132,6.212,6.132,6.208,239584,0
PGE,60,20230321,130000,6.208,6.238,6.188,6.23,225177,0
PGE,60,20230321,140000,6.236,6.252,6.21,6.21,137091,0
PGE,60,20230321,150000,6.21,6.244,6.188,6.232,268382,0
PGE,60,20230321,160000,6.228,6.234,6.176,6.192,297288,0
PGE,60,20230321,170000,6.194,6.226,6.186,6.212,424590,0
PGE,60,20230322,100000,6.212,6.23,6.098,6.14,379179,0
PGE,60,20230322,110000,6.13,6.2,6.106,6.198,382384,0
PGE,60,20230322,120000,6.198,6.23,6.162,6.23,194404,0
PGE,60,20230322,130000,6.23,6.23,6.18,6.186,142794,0
PGE,60,20230322,140000,6.192,6.2,6.092,6.106,245738,0
PGE,60,20230322,150000,6.104,6.128,6.082,6.122,128105,0
PGE,60,20230322,160000,6.12,6.176,6.114,6.16,73895,0
PGE,60,20230322,170000,6.156,6.184,6.14,6.14,201876,0
PGE,60,20230323,100000,6.15,6.198,6.112,6.146,136397,0
PGE,60,20230323,110000,6.152,6.152,6.066,6.07,198060,0
PGE,60,20230323,120000,6.074,6.08,6.026,6.072,78574,0
PGE,60,20230323,130000,6.074,6.094,6.042,6.076,57963,0
PGE,60,20230323,140000,6.076,6.11,6.066,6.11,55938,0
PGE,60,20230323,150000,6.102,6.134,6.1,6.126,91522,0
PGE,60,20230323,160000,6.128,6.234,6.12,6.234,215721,0
PGE,60,20230323,170000,6.23,6.25,6.216,6.23,428928,0
PGE,60,20230324,100000,6.202,6.228,6.07,6.11,337435,0
PGE,60,20230324,110000,6.102,6.118,6.062,6.066,326380,0
PGE,60,20230324,120000,6.068,6.08,5.99,6.03,499916,0
PGE,60,20230324,130000,6.026,6.068,6.006,6.054,308119,0
PGE,60,20230324,140000,6.046,6.064,6.03,6.058,147141,0
PGE,60,20230324,150000,6.058,6.092,6.042,6.092,280454,0
PGE,60,20230324,160000,6.094,6.118,6.06,6.066,251438,0
PGE,60,20230324,170000,6.062,6.08,6.048,6.056,540462,0
PGE,60,20230327,100000,6.12,6.15,5.952,5.988,159402,0
PGE,60,20230327,110000,5.98,6.03,5.97,6.026,109325,0
PGE,60,20230327,120000,6.032,6.036,6.016,6.024,43489,0
PGE,60,20230327,130000,6.02,6.076,6.016,6.074,89989,0
PGE,60,20230327,140000,6.074,6.09,6.056,6.06,35716,0
PGE,60,20230327,150000,6.064,6.08,6.052,6.076,41145,0
PGE,60,20230327,160000,6.086,6.094,6.03,6.036,77161,0
PGE,60,20230327,170000,6.038,6.054,6.016,6.016,201705,0
PGE,60,20230328,100000,6.05,6.136,6.05,6.064,103696,0
PGE,60,20230328,110000,6.064,6.07,6.038,6.056,107411,0
PGE,60,20230328,120000,6.06,6.1,6.01,6.016,125728,0
PGE,60,20230328,130000,6.014,6.032,6.008,6.032,95834,0
PGE,60,20230328,140000,6.036,6.052,6.022,6.042,86262,0
PGE,60,20230328,150000,6.036,6.038,5.984,6.006,130926,0
PGE,60,20230328,160000,6.012,6.03,5.972,6.018,157876,0
PGE,60,20230328,170000,6.02,6.06,6.006,6.008,334079,0
PGE,60,20230329,100000,6.09,6.09,5.92,5.93,252515,0
PGE,60,20230329,110000,5.93,6.006,5.896,6.002,283803,0
PGE,60,20230329,120000,6,6.042,5.984,6.02,213755,0
PGE,60,20230329,130000,6.014,6.072,5.998,6.056,332276,0
PGE,60,20230329,140000,6.056,6.07,6.034,6.042,133179,0
PGE,60,20230329,150000,6.044,6.052,5.97,5.97,47907,0
PGE,60,20230329,160000,5.972,6.006,5.952,6.002,133195,0
PGE,60,20230329,170000,6.004,6.02,5.982,6,258300,0
PGE,60,20230330,100000,6,6.18,5.952,6.16,546399,0
PGE,60,20230330,110000,6.156,6.216,6.098,6.182,240806,0
PGE,60,20230330,120000,6.186,6.358,6.152,6.332,692746,0
PGE,60,20230330,130000,6.324,6.344,6.28,6.324,260144,0
PGE,60,20230330,140000,6.334,6.354,6.322,6.33,165859,0
PGE,60,20230330,150000,6.332,6.42,6.322,6.378,222631,0
PGE,60,20230330,160000,6.378,6.45,6.346,6.448,186202,0
PGE,60,20230330,170000,6.448,6.448,6.362,6.394,490559,0
PGE,60,20230331,100000,6.448,6.448,6.278,6.314,367064,0
PGE,60,20230331,110000,6.308,6.308,6.244,6.278,313020,0
PGE,60,20230331,120000,6.278,6.36,6.278,6.3,301877,0
PGE,60,20230331,130000,6.296,6.344,6.278,6.312,146966,0
PGE,60,20230331,140000,6.316,6.336,6.296,6.302,165133,0
PGE,60,20230331,150000,6.302,6.328,6.292,6.316,131175,0
PGE,60,20230331,160000,6.314,6.36,6.282,6.282,152671,0
PGE,60,20230331,170000,6.288,6.34,6.27,6.276,856809,0
PGE,60,20230403,100000,6.28,6.392,6.26,6.374,453583,0
PGE,60,20230403,110000,6.38,6.384,6.31,6.35,205378,0
PGE,60,20230403,120000,6.354,6.374,6.32,6.356,126817,0
PGE,60,20230403,130000,6.358,6.358,6.32,6.34,116235,0
PGE,60,20230403,140000,6.338,6.338,6.28,6.322,122503,0
PGE,60,20230403,150000,6.322,6.322,6.248,6.258,124554,0
PGE,60,20230403,160000,6.256,6.288,6.236,6.272,147493,0
PGE,60,20230403,170000,6.274,6.284,6.238,6.26,353875,0
PGE,60,20230404,100000,6.29,6.33,6.232,6.24,170794,0
PGE,60,20230404,110000,6.24,6.24,6.21,6.21,123874,0
PGE,60,20230404,120000,6.21,6.218,6.188,6.2,198024,0
PGE,60,20230404,130000,6.2,6.316,6.198,6.294,410249,0
PGE,60,20230404,140000,6.286,6.294,6.266,6.276,51677,0
PGE,60,20230404,150000,6.272,6.272,6.244,6.264,77035,0
PGE,60,20230404,160000,6.268,6.296,6.232,6.236,121375,0
PGE,60,20230404,170000,6.242,6.254,6.216,6.216,320517,0
PGE,60,20230405,100000,6.218,6.31,6.198,6.3,239184,0
PGE,60,20230405,110000,6.3,6.31,6.278,6.28,307952,0
PGE,60,20230405,120000,6.274,6.278,6.242,6.272,96259,0
PGE,60,20230405,130000,6.268,6.272,6.224,6.248,150099,0
PGE,60,20230405,140000,6.246,6.246,6.212,6.228,75164,0
PGE,60,20230405,150000,6.226,6.228,6.192,6.198,150499,0
PGE,60,20230405,160000,6.198,6.232,6.182,6.224,186803,0
PGE,60,20230405,170000,6.23,6.244,6.196,6.22,313322,0
PGE,60,20230406,100000,6.22,6.268,6.194,6.202,106538,0
PGE,60,20230406,110000,6.204,6.244,6.196,6.234,99528,0
PGE,60,20230406,120000,6.234,6.244,6.198,6.202,110465,0
PGE,60,20230406,130000,6.2,6.238,6.192,6.224,129314,0
PGE,60,20230406,140000,6.226,6.276,6.226,6.268,145567,0
PGE,60,20230406,150000,6.27,6.274,6.244,6.262,107043,0
PGE,60,20230406,160000,6.264,6.27,6.244,6.264,123401,0
PGE,60,20230406,170000,6.268,6.278,6.222,6.244,247269,0
PGE,60,20230411,100000,6.3,6.38,6.26,6.346,286938,0
PGE,60,20230411,110000,6.344,6.384,6.344,6.35,134198,0
PGE,60,20230411,120000,6.35,6.378,6.34,6.362,166620,0
PGE,60,20230411,130000,6.37,6.402,6.342,6.382,311017,0
PGE,60,20230411,140000,6.382,6.432,6.37,6.372,373867,0
PGE,60,20230411,150000,6.372,6.398,6.328,6.386,227245,0
PGE,60,20230411,160000,6.388,6.414,6.358,6.388,303650,0
PGE,60,20230411,170000,6.386,6.448,6.368,6.448,856192,0
PGE,60,20230412,100000,6.442,6.476,6.286,6.322,421665,0
PGE,60,20230412,110000,6.318,6.334,6.286,6.308,250664,0
PGE,60,20230412,120000,6.31,6.332,6.294,6.332,185544,0
PGE,60,20230412,130000,6.33,6.38,6.33,6.34,198639,0
PGE,60,20230412,140000,6.34,6.366,6.33,6.342,148576,0
PGE,60,20230412,150000,6.34,6.42,6.33,6.412,244840,0
PGE,60,20230412,160000,6.41,6.44,6.392,6.424,225846,0
PGE,60,20230412,170000,6.424,6.462,6.416,6.434,497289,0
PGE,60,20230413,100000,6.4,6.41,6.34,6.37,290229,0
PGE,60,20230413,110000,6.37,6.41,6.358,6.36,198246,0
PGE,60,20230413,120000,6.362,6.396,6.33,6.396,275099,0
PGE,60,20230413,130000,6.384,6.398,6.362,6.394,116843,0
PGE,60,20230413,140000,6.392,6.444,6.384,6.436,210385,0
PGE,60,20230413,150000,6.436,6.526,6.43,6.522,504134,0
PGE,60,20230413,160000,6.526,6.528,6.472,6.494,255864,0
PGE,60,20230413,170000,6.496,6.53,6.464,6.47,476701,0
PGE,60,20230414,100000,6.528,6.738,6.498,6.714,824419,0
PGE,60,20230414,110000,6.72,6.856,6.698,6.708,804520,0
PGE,60,20230414,120000,6.71,6.72,6.65,6.654,264767,0
PGE,60,20230414,130000,6.652,6.662,6.62,6.66,458079,0
PGE,60,20230414,140000,6.652,6.69,6.642,6.658,309140,0
PGE,60,20230414,150000,6.656,6.676,6.64,6.668,378632,0
PGE,60,20230414,160000,6.672,6.718,6.668,6.69,382964,0
PGE,60,20230414,170000,6.68,6.688,6.618,6.618,462556,0
PGE,60,20230417,100000,6.72,6.72,6.504,6.512,404060,0
PGE,60,20230417,110000,6.512,6.572,6.506,6.544,222795,0
PGE,60,20230417,120000,6.546,6.64,6.534,6.628,311909,0
PGE,60,20230417,130000,6.634,6.67,6.61,6.618,209558,0
PGE,60,20230417,140000,6.612,6.742,6.582,6.668,603309,0
PGE,60,20230417,150000,6.668,6.686,6.626,6.656,268636,0
PGE,60,20230417,160000,6.658,6.684,6.628,6.64,275696,0
PGE,60,20230417,170000,6.65,6.67,6.606,6.66,588275,0
PGE,60,20230418,100000,6.662,6.69,6.552,6.58,223700,0
PGE,60,20230418,110000,6.58,6.698,6.574,6.68,230834,0
PGE,60,20230418,120000,6.694,6.77,6.678,6.746,235347,0
PGE,60,20230418,130000,6.742,6.792,6.718,6.778,283807,0
PGE,60,20230418,140000,6.778,6.798,6.74,6.746,183472,0
PGE,60,20230418,150000,6.756,6.774,6.72,6.73,111541,0
PGE,60,20230418,160000,6.726,6.764,6.724,6.732,177804,0
PGE,60,20230418,170000,6.732,6.752,6.718,6.752,336262,0
PGE,60,20230419,100000,6.786,6.786,6.608,6.634,250268,0
PGE,60,20230419,110000,6.632,6.666,6.602,6.61,126569,0
PGE,60,20230419,120000,6.61,6.646,6.6,6.634,233763,0
PGE,60,20230419,130000,6.64,6.694,6.628,6.69,95524,0
PGE,60,20230419,140000,6.69,6.716,6.668,6.714,94029,0
PGE,60,20230419,150000,6.716,6.716,6.68,6.694,123493,0
PGE,60,20230419,160000,6.69,6.714,6.672,6.672,178395,0
PGE,60,20230419,170000,6.674,6.71,6.67,6.69,394044,0
PGE,60,20230420,100000,6.74,6.936,6.732,6.904,886715,0
PGE,60,20230420,110000,6.904,6.908,6.798,6.848,460892,0
PGE,60,20230420,120000,6.842,6.86,6.812,6.83,252179,0
PGE,60,20230420,130000,6.818,6.866,6.74,6.862,334775,0
PGE,60,20230420,140000,6.852,6.872,6.816,6.82,112539,0
PGE,60,20230420,150000,6.82,6.842,6.792,6.83,225588,0
PGE,60,20230420,160000,6.836,6.846,6.776,6.822,370088,0
PGE,60,20230420,170000,6.822,6.84,6.784,6.792,569080,0
PGE,60,20230421,100000,6.798,6.798,6.704,6.772,262156,0
PGE,60,20230421,110000,6.772,6.814,6.754,6.772,163047,0
PGE,60,20230421,120000,6.772,6.79,6.73,6.74,94416,0
PGE,60,20230421,130000,6.74,6.752,6.72,6.72,113678,0
PGE,60,20230421,140000,6.726,6.74,6.71,6.71,279270,0
PGE,60,20230421,150000,6.712,6.722,6.676,6.68,188934,0
PGE,60,20230421,160000,6.692,6.746,6.676,6.682,122623,0
PGE,60,20230421,170000,6.682,6.718,6.668,6.686,427401,0
PGE,60,20230424,100000,6.728,6.728,6.61,6.634,186483,0
PGE,60,20230424,110000,6.636,6.644,6.58,6.626,247551,0
PGE,60,20230424,120000,6.628,6.66,6.6,6.644,181260,0
PGE,60,20230424,130000,6.65,6.664,6.63,6.648,80203,0
PGE,60,20230424,140000,6.648,6.688,6.644,6.66,123518,0
PGE,60,20230424,150000,6.666,6.72,6.66,6.704,184153,0
PGE,60,20230424,160000,6.698,6.746,6.68,6.734,156809,0
PGE,60,20230424,170000,6.738,6.81,6.71,6.76,549341,0
PGE,60,20230425,100000,6.79,6.81,6.7,6.79,213837,0
PGE,60,20230425,110000,6.79,6.826,6.77,6.776,196613,0
PGE,60,20230425,120000,6.766,6.83,6.75,6.818,122126,0
PGE,60,20230425,130000,6.83,6.874,6.816,6.832,312525,0
PGE,60,20230425,140000,6.828,6.872,6.828,6.86,275946,0
PGE,60,20230425,150000,6.86,6.884,6.8,6.88,232475,0
PGE,60,20230425,160000,6.882,6.92,6.88,6.892,274918,0
PGE,60,20230425,170000,6.892,6.906,6.85,6.85,404044,0
PGE,60,20230426,100000,6.77,6.902,6.77,6.844,168024,0
PGE,60,20230426,110000,6.842,6.88,6.8,6.854,231852,0
PGE,60,20230426,120000,6.86,6.89,6.828,6.844,101165,0
PGE,60,20230426,130000,6.848,6.91,6.842,6.884,164364,0
PGE,60,20230426,140000,6.89,6.896,6.862,6.87,89598,0
PGE,60,20230426,150000,6.88,6.882,6.78,6.786,161299,0
PGE,60,20230426,160000,6.79,6.79,6.688,6.71,340288,0
PGE,60,20230426,170000,6.702,6.776,6.666,6.726,680939,0
PGE,60,20230427,100000,6.784,6.81,6.716,6.794,105344,0
PGE,60,20230427,110000,6.8,6.834,6.77,6.824,134120,0
PGE,60,20230427,120000,6.824,6.84,6.806,6.84,112903,0
PGE,60,20230427,130000,6.838,6.84,6.788,6.826,63637,0
PGE,60,20230427,140000,6.82,6.836,6.81,6.828,54346,0
PGE,60,20230427,150000,6.828,6.836,6.804,6.828,105482,0
PGE,60,20230427,160000,6.832,6.84,6.794,6.82,126574,0
PGE,60,20230427,170000,6.82,6.886,6.818,6.838,498891,0
PGE,60,20230428,100000,6.9,6.908,6.78,6.82,144784,0
PGE,60,20230428,110000,6.838,6.872,6.81,6.854,144031,0
PGE,60,20230428,120000,6.87,6.914,6.85,6.89,181397,0
PGE,60,20230428,130000,6.89,6.9,6.84,6.876,120558,0
PGE,60,20230428,140000,6.86,6.894,6.834,6.894,169085,0
PGE,60,20230428,150000,6.882,6.888,6.844,6.852,85424,0
PGE,60,20230428,160000,6.858,6.88,6.84,6.872,117867,0
PGE,60,20230428,170000,6.872,6.898,6.842,6.878,671369,0
PGE,60,20230502,100000,6.878,6.998,6.85,6.924,431122,0
PGE,60,20230502,110000,6.926,6.93,6.87,6.882,137728,0
PGE,60,20230502,120000,6.872,6.976,6.866,6.97,150667,0
PGE,60,20230502,130000,6.954,6.98,6.934,6.97,69824,0
PGE,60,20230502,140000,6.97,6.976,6.948,6.974,85284,0
PGE,60,20230502,150000,6.964,6.98,6.94,6.97,85171,0
PGE,60,20230502,160000,6.962,7.024,6.96,6.986,213805,0
PGE,60,20230502,170000,6.992,7,6.86,6.898,440630,0
PGE,60,20230504,100000,6.958,6.958,6.82,6.88,340966,0
PGE,60,20230504,110000,6.888,6.95,6.854,6.854,150494,0
PGE,60,20230504,120000,6.86,6.88,6.84,6.87,139296,0
PGE,60,20230504,130000,6.866,6.89,6.834,6.842,91766,0
PGE,60,20230504,140000,6.84,6.84,6.71,6.73,356166,0
PGE,60,20230504,150000,6.724,6.734,6.664,6.672,445897,0
PGE,60,20230504,160000,6.674,6.73,6.634,6.652,1133361,0
PGE,60,20230504,170000,6.658,6.7,6.602,6.642,823460,0
PGE,60,20230505,100000,6.72,6.74,6.616,6.686,247998,0
PGE,60,20230505,110000,6.68,6.736,6.626,6.716,105636,0
PGE,60,20230505,120000,6.704,6.782,6.7,6.75,242152,0
PGE,60,20230505,130000,6.744,6.778,6.724,6.728,108347,0
PGE,60,20230505,140000,6.706,6.722,6.676,6.716,125510,0
PGE,60,20230505,150000,6.718,6.776,6.7,6.76,60738,0
PGE,60,20230505,160000,6.762,6.79,6.75,6.752,71552,0
PGE,60,20230505,170000,6.748,6.78,6.738,6.746,219016,0
PGE,60,20230508,100000,6.75,6.93,6.746,6.85,406522,0
PGE,60,20230508,110000,6.852,6.88,6.838,6.87,108432,0
PGE,60,20230508,120000,6.868,6.902,6.854,6.89,224204,0
PGE,60,20230508,130000,6.89,6.954,6.888,6.928,268447,0
PGE,60,20230508,140000,6.93,6.952,6.89,6.94,555252,0
PGE,60,20230508,150000,6.94,6.984,6.92,6.972,289241,0
PGE,60,20230508,160000,6.97,7.1,6.97,7.052,821802,0
PGE,60,20230508,170000,7.056,7.07,7.01,7.056,708927,0
PGE,60,20230509,100000,7.03,7.048,6.93,6.966,273080,0
PGE,60,20230509,110000,6.96,6.98,6.904,6.92,99151,0
PGE,60,20230509,120000,6.924,6.946,6.896,6.912,149402,0
PGE,60,20230509,130000,6.916,6.924,6.9,6.91,100299,0
PGE,60,20230509,140000,6.912,6.916,6.88,6.888,100836,0
PGE,60,20230509,150000,6.89,6.924,6.88,6.904,165088,0
PGE,60,20230509,160000,6.908,6.96,6.906,6.956,177245,0
PGE,60,20230509,170000,6.958,6.96,6.898,6.94,381903,0
PGE,60,20230510,100000,7.078,7.28,7.026,7.126,1417124,0
PGE,60,20230510,110000,7.13,7.154,7.08,7.1,288580,0
PGE,60,20230510,120000,7.108,7.12,7.052,7.09,84124,0
PGE,60,20230510,130000,7.096,7.14,7.092,7.12,135606,0
PGE,60,20230510,140000,7.124,7.162,7.112,7.154,79329,0
PGE,60,20230510,150000,7.152,7.238,7.106,7.236,257019,0
PGE,60,20230510,160000,7.226,7.308,7.144,7.214,683540,0
PGE,60,20230510,170000,7.206,7.28,7.158,7.248,398121,0
PGE,60,20230511,100000,7.25,7.31,7.152,7.272,241714,0
PGE,60,20230511,110000,7.276,7.356,7.276,7.286,244678,0
PGE,60,20230511,120000,7.29,7.306,7.216,7.29,253974,0
PGE,60,20230511,130000,7.292,7.3,7.26,7.27,140738,0
PGE,60,20230511,140000,7.262,7.262,7.202,7.21,119359,0
PGE,60,20230511,150000,7.21,7.242,7.18,7.222,145022,0
PGE,60,20230511,160000,7.212,7.23,7.17,7.182,269920,0
PGE,60,20230511,170000,7.184,7.206,7.166,7.166,358712,0
PGE,60,20230512,100000,7.202,7.212,7.124,7.162,216461,0
PGE,60,20230512,110000,7.168,7.258,7.138,7.238,191855,0
PGE,60,20230512,120000,7.25,7.268,7.2,7.224,189660,0
PGE,60,20230512,130000,7.214,7.236,7.19,7.228,116635,0
PGE,60,20230512,140000,7.232,7.266,7.218,7.234,166201,0
PGE,60,20230512,150000,7.232,7.27,7.218,7.264,152649,0
PGE,60,20230512,160000,7.268,7.33,7.254,7.3,478565,0
PGE,60,20230512,170000,7.3,7.31,7.252,7.302,819794,0
PGE,60,20230515,100000,7.56,7.63,7.446,7.45,1138394,0
PGE,60,20230515,110000,7.444,7.488,7.402,7.432,267806,0
PGE,60,20230515,120000,7.432,7.47,7.39,7.43,173621,0
PGE,60,20230515,130000,7.442,7.45,7.412,7.424,188198,0
PGE,60,20230515,140000,7.42,7.424,7.338,7.4,304920,0
PGE,60,20230515,150000,7.4,7.422,7.36,7.414,238074,0
PGE,60,20230515,160000,7.412,7.422,7.332,7.408,440552,0
PGE,60,20230515,170000,7.418,7.428,7.382,7.4,552690,0
PGE,60,20230516,100000,7.43,7.544,7.388,7.536,532996,0
PGE,60,20230516,110000,7.536,7.56,7.45,7.45,255188,0
PGE,60,20230516,120000,7.45,7.46,7.434,7.442,43232,0
PGE,60,20230516,130000,7.444,7.47,7.424,7.444,85246,0
PGE,60,20230516,140000,7.444,7.46,7.424,7.45,46837,0
PGE,60,20230516,150000,7.45,7.456,7.426,7.444,88782,0
PGE,60,20230516,160000,7.446,7.49,7.446,7.46,137278,0
PGE,60,20230516,170000,7.46,7.482,7.432,7.482,269338,0
PGE,60,20230517,100000,7.48,7.484,7.35,7.39,286485,0
PGE,60,20230517,110000,7.384,7.414,7.286,7.31,272384,0
PGE,60,20230517,120000,7.32,7.326,7.23,7.26,440450,0
PGE,60,20230517,130000,7.254,7.268,7.15,7.198,402370,0
PGE,60,20230517,140000,7.2,7.2,7.12,7.17,509255,0
PGE,60,20230517,150000,7.168,7.18,7.116,7.148,257148,0
PGE,60,20230517,160000,7.144,7.186,7.078,7.11,448401,0
PGE,60,20230517,170000,7.11,7.144,7.06,7.06,589999,0
PGE,60,20230518,100000,7.188,7.23,7.1,7.17,410733,0
PGE,60,20230518,110000,7.17,7.17,7.13,7.156,104620,0
PGE,60,20230518,120000,7.158,7.166,7.078,7.086,147171,0
PGE,60,20230518,130000,7.09,7.09,7.034,7.04,305877,0
PGE,60,20230518,140000,7.044,7.07,7.016,7.048,233962,0
PGE,60,20230518,150000,7.042,7.056,7.016,7.026,227681,0
PGE,60,20230518,160000,7.03,7.04,6.938,6.952,658576,0
PGE,60,20230518,170000,6.956,6.994,6.924,6.956,461284,0
PGE,60,20230519,100000,6.97,7.058,6.97,7.026,242136,0
PGE,60,20230519,110000,7.026,7.08,7.014,7.064,320494,0
PGE,60,20230519,120000,7.068,7.1,7.036,7.04,157867,0
PGE,60,20230519,130000,7.04,7.08,7.036,7.06,94352,0
PGE,60,20230519,140000,7.056,7.066,7.03,7.054,92830,0
PGE,60,20230519,150000,7.06,7.106,7.052,7.098,178795,0
PGE,60,20230519,160000,7.106,7.128,7.078,7.122,185414,0
PGE,60,20230519,170000,7.124,7.156,7.102,7.12,830610,0
PGE,60,20230522,100000,7.136,7.19,7.08,7.188,243489,0
PGE,60,20230522,110000,7.18,7.2,7.142,7.172,177281,0
PGE,60,20230522,120000,7.178,7.458,7.152,7.416,1228709,0
PGE,60,20230522,130000,7.414,7.462,7.318,7.344,358163,0
PGE,60,20230522,140000,7.344,7.378,7.314,7.35,228291,0
PGE,60,20230522,150000,7.342,7.44,7.342,7.43,490496,0
PGE,60,20230522,160000,7.428,7.436,7.362,7.396,274740,0
PGE,60,20230522,170000,7.392,7.45,7.38,7.394,696674,0
PGE,60,20230523,100000,7.442,7.52,7.354,7.462,362054,0
PGE,60,20230523,110000,7.464,7.494,7.414,7.494,130098,0
PGE,60,20230523,120000,7.486,7.51,7.43,7.43,153302,0
PGE,60,20230523,130000,7.438,7.442,7.406,7.428,124619,0
PGE,60,20230523,140000,7.418,7.44,7.402,7.416,97295,0
PGE,60,20230523,150000,7.414,7.414,7.372,7.394,119081,0
PGE,60,20230523,160000,7.392,7.418,7.368,7.392,90182,0
PGE,60,20230523,170000,7.384,7.42,7.38,7.404,285606,0
PGE,60,20230524,100000,7.398,7.45,7.29,7.378,291724,0
PGE,60,20230524,110000,7.376,7.422,7.366,7.406,218883,0
PGE,60,20230524,120000,7.408,7.41,7.346,7.356,144432,0
PGE,60,20230524,130000,7.358,7.364,7.312,7.356,213417,0
PGE,60,20230524,140000,7.352,7.366,7.284,7.308,278726,0
PGE,60,20230524,150000,7.31,7.33,7.274,7.284,133182,0
PGE,60,20230524,160000,7.284,7.32,7.28,7.3,197455,0
PGE,60,20230524,170000,7.3,7.33,7.28,7.292,513919,0
PGE,60,20230525,100000,7.292,7.292,7.036,7.054,481014,0
PGE,60,20230525,110000,7.054,7.092,7.036,7.044,201606,0
PGE,60,20230525,120000,7.044,7.104,7.044,7.096,151119,0
PGE,60,20230525,130000,7.096,7.148,7.096,7.14,119815,0
PGE,60,20230525,140000,7.142,7.218,7.138,7.204,213853,0
PGE,60,20230525,150000,7.196,7.232,7.16,7.162,107303,0
PGE,60,20230525,160000,7.166,7.186,7.106,7.186,181137,0
PGE,60,20230525,170000,7.164,7.176,7.104,7.128,439804,0
PGE,60,20230526,100000,7.19,7.202,7.066,7.11,149037,0
PGE,60,20230526,110000,7.11,7.16,7.11,7.128,80039,0
PGE,60,20230526,120000,7.128,7.154,7.112,7.126,89295,0
PGE,60,20230526,130000,7.126,7.15,7.1,7.142,126001,0
PGE,60,20230526,140000,7.148,7.162,7.116,7.128,148304,0
PGE,60,20230526,150000,7.134,7.168,7.122,7.15,334641,0
PGE,60,20230526,160000,7.152,7.184,7.13,7.14,191657,0
PGE,60,20230526,170000,7.146,7.184,7.13,7.15,809169,0
PGE,60,20230529,100000,7.15,7.194,7.11,7.134,67778,0
PGE,60,20230529,110000,7.114,7.184,7.114,7.16,91727,0
PGE,60,20230529,120000,7.166,7.194,7.146,7.184,39098,0
PGE,60,20230529,130000,7.174,7.218,7.158,7.214,78401,0
PGE,60,20230529,140000,7.206,7.244,7.2,7.216,83385,0
PGE,60,20230529,150000,7.224,7.224,7.16,7.16,50479,0
PGE,60,20230529,160000,7.162,7.164,7.12,7.144,118246,0
PGE,60,20230529,170000,7.142,7.2,7.126,7.2,262174,0
PGE,60,20230530,100000,7.13,7.132,6.984,7.03,520988,0
PGE,60,20230530,110000,7.028,7.038,6.992,6.998,169262,0
PGE,60,20230530,120000,6.998,7.05,6.988,7.008,199638,0
PGE,60,20230530,130000,7.018,7.018,6.952,6.968,286411,0
PGE,60,20230530,140000,6.968,6.988,6.948,6.97,242977,0
PGE,60,20230530,150000,6.968,6.98,6.93,6.94,199655,0
PGE,60,20230530,160000,6.938,6.97,6.902,6.912,572199,0
PGE,60,20230530,170000,6.912,6.92,6.88,6.88,626359,0
PGE,60,20230531,100000,6.96,6.966,6.724,6.812,519111,0
PGE,60,20230531,110000,6.806,6.82,6.756,6.772,252604,0
PGE,60,20230531,120000,6.772,6.81,6.77,6.808,181124,0
PGE,60,20230531,130000,6.802,6.806,6.77,6.784,164972,0
PGE,60,20230531,140000,6.784,6.796,6.742,6.756,438760,0
PGE,60,20230531,150000,6.758,6.806,6.746,6.802,258517,0
PGE,60,20230531,160000,6.802,6.834,6.79,6.802,392384,0
PGE,60,20230531,170000,6.808,6.81,6.716,6.716,3884088,0
