<TICKER>,<PER>,<DATE>,<TIME>,<OPEN>,<HIGH>,<LOW>,<CLOSE>,<VOL>,<OPENINT>
PKN,60,20220804,100000,74.42,74.44,73.14,73.76,83192,0
PKN,60,20220804,110000,73.7,74.52,73.7,74.28,102055,0
PKN,60,20220804,120000,74.26,74.42,73.9,74.2,48030,0
PKN,60,20220804,130000,74.14,74.4,73.72,73.96,81853,0
PKN,60,20220804,140000,73.82,73.82,72.82,72.86,143299,0
PKN,60,20220804,150000,72.94,73.18,72.3,72.9,251613,0
PKN,60,20220804,160000,72.9,73.18,72.42,73.08,198744,0
PKN,60,20220804,170000,73.02,73.34,72.02,72.4,460860,0
PKN,60,20220805,100000,74.5,76.1,71.92,72.02,415144,0
PKN,60,20220805,110000,72.04,72.2,70.52,70.74,226393,0
PKN,60,20220805,120000,70.76,70.76,69.56,69.98,219699,0
PKN,60,20220805,130000,69.92,70.1,69.5,69.72,171665,0
PKN,60,20220805,140000,69.72,69.94,69.38,69.5,189023,0
PKN,60,20220805,150000,69.5,69.5,68.52,69.1,265342,0
PKN,60,20220805,160000,69.1,69.6,68.7,69.58,445105,0
PKN,60,20220805,170000,69.58,70.68,69.44,70.16,659529,0
PKN,60,20220808,100000,70.5,72.26,70.1,71.8,206871,0
PKN,60,20220808,110000,71.8,71.8,70.74,70.84,89957,0
PKN,60,20220808,120000,70.86,70.92,70.28,70.7,83208,0
PKN,60,20220808,130000,70.7,70.9,70.46,70.76,140586,0
PKN,60,20220808,140000,70.72,70.96,70.24,70.32,145499,0
PKN,60,20220808,150000,70.36,70.84,69.84,70.62,107824,0
PKN,60,20220808,160000,70.58,70.76,70.24,70.56,127988,0
PKN,60,20220808,170000,70.56,71.16,70.48,71.16,326235,0
PKN,60,20220809,100000,71.1,71.8,70.92,71.78,87766,0
PKN,60,20220809,110000,71.8,71.8,71.04,71.74,80183,0
PKN,60,20220809,120000,71.72,71.74,70.94,71.06,139731,0
PKN,60,20220809,130000,71.02,71.18,70.8,70.94,124611,0
PKN,60,20220809,140000,70.96,71.22,70.7,70.7,140764,0
PKN,60,20220809,150000,70.74,70.88,70.42,70.5,135846,0
PKN,60,20220809,160000,70.44,70.88,70.24,70.5,172682,0
PKN,60,20220809,170000,70.5,70.5,70,70.4,327909,0
PKN,60,20220810,100000,70.3,71.2,69.8,70.14,126286,0
PKN,60,20220810,110000,70.14,70.7,70.02,70.62,78209,0
PKN,60,20220810,120000,70.62,70.74,69.9,69.92,101253,0
PKN,60,20220810,130000,69.9,70.96,69.84,70.88,156417,0
PKN,60,20220810,140000,70.96,70.96,70.44,70.54,47134,0
PKN,60,20220810,150000,70.62,71.5,70.62,71.14,124073,0
PKN,60,20220810,160000,71.2,71.44,70.9,70.98,103644,0
PKN,60,20220810,170000,70.98,71.3,70.78,71.08,263033,0
PKN,60,20220811,100000,71.42,71.7,70.62,71.02,42556,0
PKN,60,20220811,110000,70.96,71.32,70.7,71.2,39259,0
PKN,60,20220811,120000,71.24,71.3,70.7,70.88,36392,0
PKN,60,20220811,130000,70.96,71,70.62,70.76,34894,0
PKN,60,20220811,140000,70.8,71,70.66,70.78,28394,0
PKN,60,20220811,150000,70.78,71.26,70.74,70.94,70198,0
PKN,60,20220811,160000,71.06,71.68,70.8,71.56,115247,0
PKN,60,20220811,170000,71.54,72.22,71.28,72.22,388109,0
PKN,60,20220812,100000,72,72.46,71.62,72.36,78022,0
PKN,60,20220812,110000,72.36,72.6,71.92,71.98,68892,0
PKN,60,20220812,120000,71.98,72.2,71.76,72.02,42771,0
PKN,60,20220812,130000,71.96,71.98,71.4,71.62,39838,0
PKN,60,20220812,140000,71.46,71.52,71.02,71.34,33543,0
PKN,60,20220812,150000,71.34,71.44,70.86,71.3,64108,0
PKN,60,20220812,160000,71.36,71.94,71,71.94,129235,0
PKN,60,20220812,170000,71.82,72.3,71.54,72.3,308863,0
PKN,60,20220816,100000,71.98,71.98,70.12,70.82,233342,0
PKN,60,20220816,110000,70.82,71.44,70.42,70.68,138249,0
PKN,60,20220816,120000,70.76,70.84,69.94,69.94,192260,0
PKN,60,20220816,130000,69.92,70.26,69.84,70.04,111887,0
PKN,60,20220816,140000,70.02,70.4,70,70.32,76723,0
PKN,60,20220816,150000,70.32,70.5,70.02,70.06,92574,0
PKN,60,20220816,160000,70.06,70.2,68.88,70.12,309943,0
PKN,60,20220816,170000,70.1,70.52,69.5,69.7,466294,0
PKN,60,20220817,100000,69.7,69.82,68.6,68.72,186510,0
PKN,60,20220817,110000,68.78,68.86,67.24,67.58,260813,0
PKN,60,20220817,120000,67.62,67.7,67.28,67.5,237780,0
PKN,60,20220817,130000,67.5,68,67.32,67.72,125723,0
PKN,60,20220817,140000,67.72,67.94,67.42,67.52,120503,0
PKN,60,20220817,150000,67.52,67.6,67.1,67.1,196136,0
PKN,60,20220817,160000,67.12,67.74,66.94,67.56,165269,0
PKN,60,20220817,170000,67.48,67.62,67.22,67.5,477417,0
PKN,60,20220818,100000,67.5,68.16,66.62,67.5,202652,0
PKN,60,20220818,110000,67.5,67.76,67.3,67.68,176817,0
PKN,60,20220818,120000,67.62,68.44,67.4,68.18,321653,0
PKN,60,20220818,130000,68.18,68.4,68,68.24,110484,0
PKN,60,20220818,140000,68.24,68.66,68.12,68.36,183019,0
PKN,60,20220818,150000,68.4,68.82,68.14,68.32,237646,0
PKN,60,20220818,160000,68.32,68.5,68.18,68.18,154232,0
PKN,60,20220818,170000,68.2,68.56,68.1,68.26,485868,0
PKN,60,20220819,100000,67.94,68.34,67.3,67.82,206878,0
PKN,60,20220819,110000,67.76,67.96,67.12,67.42,150332,0
PKN,60,20220819,120000,67.38,68.5,67.28,68.26,224147,0
PKN,60,20220819,130000,68.22,68.5,67.5,68.02,190575,0
PKN,60,20220819,140000,68.02,68.54,67.92,68.46,305192,0
PKN,60,20220819,150000,68.48,69.1,68.36,68.74,277506,0
PKN,60,20220819,160000,68.78,69.22,68.7,68.86,263486,0
PKN,60,20220819,170000,68.86,69,68.12,68.3,516798,0
PKN,60,20220822,100000,67.8,68,66.2,66.42,198979,0
PKN,60,20220822,110000,66.4,66.44,65.8,65.96,138904,0
PKN,60,20220822,120000,66,66,65.4,65.86,152167,0
PKN,60,20220822,130000,65.84,66.34,65.6,66.08,157822,0
PKN,60,20220822,140000,66.08,66.28,65.82,65.94,176851,0
PKN,60,20220822,150000,65.94,66,65.54,65.86,236284,0
PKN,60,20220822,160000,65.9,65.9,64.9,65.02,379555,0
PKN,60,20220822,170000,65.02,65.5,64.96,65.2,436405,0
PKN,60,20220823,100000,65.2,67.18,65.02,66.8,242338,0
PKN,60,20220823,110000,66.84,67.38,66.44,67.24,188092,0
PKN,60,20220823,120000,67.22,68.86,67.14,68.62,475045,0
PKN,60,20220823,130000,68.68,69.76,68.52,69.28,527761,0
PKN,60,20220823,140000,69.24,69.52,68.82,69.4,389191,0
PKN,60,20220823,150000,69.4,69.4,68.98,69.06,257803,0
PKN,60,20220823,160000,69.08,69.4,69.04,69.22,358448,0
PKN,60,20220823,170000,69.22,69.46,68.5,69,1638589,0
PKN,60,20220824,100000,69.04,69.04,66.14,66.18,272290,0
PKN,60,20220824,110000,66.2,66.94,66.02,66.86,228351,0
PKN,60,20220824,120000,66.86,67.4,66.72,66.8,271802,0
PKN,60,20220824,130000,66.74,66.86,66.32,66.52,352704,0
PKN,60,20220824,140000,66.5,66.66,66.16,66.16,138600,0
PKN,60,20220824,150000,66.14,66.42,65.8,66.14,439385,0
PKN,60,20220824,160000,66.14,66.16,65.24,65.44,304404,0
PKN,60,20220824,170000,65.4,66.38,65.3,66,831433,0
PKN,60,20220825,100000,66.76,66.8,65.4,65.46,381062,0
PKN,60,20220825,110000,65.62,65.7,64.52,65.66,435448,0
PKN,60,20220825,120000,65.64,65.66,64.8,64.8,120287,0
PKN,60,20220825,130000,64.8,65,64.7,64.92,68883,0
PKN,60,20220825,140000,64.94,65.02,64.82,64.98,146013,0
PKN,60,20220825,150000,64.96,64.98,64.66,64.8,116947,0
PKN,60,20220825,160000,64.82,65,64.62,65,116643,0
PKN,60,20220825,170000,64.98,65.06,64.7,64.82,324784,0
PKN,60,20220826,100000,65.3,65.3,63.92,63.94,140797,0
PKN,60,20220826,110000,63.94,64.1,62.9,63.42,325377,0
PKN,60,20220826,120000,63.42,63.72,63.16,63.26,132731,0
PKN,60,20220826,130000,63.24,63.3,62.92,63.12,133716,0
PKN,60,20220826,140000,63.06,63.28,62.94,63.22,206053,0
PKN,60,20220826,150000,63.22,63.28,62.7,62.78,150921,0
PKN,60,20220826,160000,62.82,63,62.5,62.66,241725,0
PKN,60,20220826,170000,62.64,62.8,62.02,62.5,451883,0
PKN,60,20220829,100000,61.72,62,60.66,61.9,224814,0
PKN,60,20220829,110000,61.96,62.5,61.78,62.32,104391,0
PKN,60,20220829,120000,62.32,62.38,61.86,62.38,86763,0
PKN,60,20220829,130000,62.4,63.76,62.4,63.4,165941,0
PKN,60,20220829,140000,63.4,64.48,62.66,64.48,191459,0
PKN,60,20220829,150000,64.46,64.76,63.96,64.36,166275,0
PKN,60,20220829,160000,64.4,64.74,63.98,64,151106,0
PKN,60,20220829,170000,64.06,64.7,63.78,64.12,250713,0
PKN,60,20220830,100000,64.56,64.7,63.3,63.94,191670,0
PKN,60,20220830,110000,63.9,64.6,63.88,64.02,162851,0
PKN,60,20220830,120000,64.04,64.14,63.78,63.84,104094,0
PKN,60,20220830,130000,63.8,64,63.66,63.8,93811,0
PKN,60,20220830,140000,63.84,63.96,63.26,63.48,80872,0
PKN,60,20220830,150000,63.44,63.46,62,62.2,216374,0
PKN,60,20220830,160000,62.2,62.2,61.24,61.52,311832,0
PKN,60,20220830,170000,61.42,61.5,60.7,61.14,439185,0
PKN,60,20220831,100000,61.02,61.54,60.4,60.7,266120,0
PKN,60,20220831,110000,60.66,60.8,59.28,59.82,526356,0
PKN,60,20220831,120000,59.8,60.6,59.4,60.38,137372,0
PKN,60,20220831,130000,60.32,60.5,59.78,59.78,140457,0
PKN,60,20220831,140000,59.78,60.2,59.54,59.72,205137,0
PKN,60,20220831,150000,59.8,60.96,59.78,60.72,351275,0
PKN,60,20220831,160000,60.76,61.18,60.34,60.5,229003,0
PKN,60,20220831,170000,60.44,61.44,60.32,60.98,1413201,0
PKN,60,20220901,100000,60.58,60.68,58.86,58.96,205515,0
PKN,60,20220901,110000,58.96,59.2,58.58,59.08,120713,0
PKN,60,20220901,120000,58.98,59.06,58.5,58.96,252973,0
PKN,60,20220901,130000,58.96,59.08,58.22,58.78,409400,0
PKN,60,20220901,140000,58.86,59.4,58.8,58.82,146026,0
PKN,60,20220901,150000,58.8,58.86,57.82,57.82,192999,0
PKN,60,20220901,160000,57.82,58.16,57.36,57.56,202176,0
PKN,60,20220901,170000,57.54,57.68,56.92,57.2,670218,0
PKN,60,20220902,100000,57.78,58.82,57.66,58.44,421803,0
PKN,60,20220902,110000,58.52,59.36,58.36,59.18,201879,0
PKN,60,20220902,120000,59.18,59.22,58.8,58.86,132665,0
PKN,60,20220902,130000,58.92,59.1,58.4,58.68,125647,0
PKN,60,20220902,140000,58.66,58.72,58.1,58.22,116399,0
PKN,60,20220902,150000,58.22,58.96,58.1,58.38,187849,0
PKN,60,20220902,160000,58.4,59.08,58.12,59.06,197959,0
PKN,60,20220902,170000,59.06,59.76,58.72,59.56,397726,0
PKN,60,20220905,100000,59,59.38,58.68,59.02,171488,0
PKN,60,20220905,110000,59.04,59.36,58.52,59.14,37378,0
PKN,60,20220905,120000,59.14,60.68,59.12,60.38,103204,0
PKN,60,20220905,130000,60.44,60.66,59.76,59.96,65285,0
PKN,60,20220905,140000,59.82,59.94,59.64,59.74,129209,0
PKN,60,20220905,150000,59.82,60.1,59.8,60.06,42827,0
PKN,60,20220905,160000,60.02,60.22,59,59.26,118583,0
PKN,60,20220905,170000,59.22,59.78,59.14,59.62,232971,0
PKN,60,20220906,100000,59.68,59.8,58.84,58.96,178002,0
PKN,60,20220906,110000,58.92,58.94,57.68,57.82,181679,0
PKN,60,20220906,120000,57.78,58.14,57.54,57.9,88292,0
PKN,60,20220906,130000,57.96,58.34,57.42,57.46,104772,0
PKN,60,20220906,140000,57.52,58.12,57.48,58.02,57391,0
PKN,60,20220906,150000,58.1,58.46,57.72,57.9,94895,0
PKN,60,20220906,160000,57.86,58.24,56.84,57.24,172673,0
PKN,60,20220906,170000,57.16,57.2,56.58,56.92,385865,0
PKN,60,20220907,100000,56.24,57.46,55.92,56.46,190578,0
PKN,60,20220907,110000,56.58,57.8,56.46,57.12,105919,0
PKN,60,20220907,120000,57.1,57.66,56.9,57.58,106691,0
PKN,60,20220907,130000,57.66,58.16,57.4,57.92,154453,0
PKN,60,20220907,140000,57.98,58.64,57.86,58.26,139644,0
PKN,60,20220907,150000,58.28,58.52,57.38,57.7,144167,0
PKN,60,20220907,160000,57.62,57.7,56.88,57.12,208692,0
PKN,60,20220907,170000,57.12,58.26,57,58.08,477302,0
PKN,60,20220908,100000,58.5,58.7,56.66,56.96,142295,0
PKN,60,20220908,110000,57.02,58,56.5,57.62,217868,0
PKN,60,20220908,120000,57.56,57.56,56.72,57.1,117869,0
PKN,60,20220908,130000,57.1,57.14,56.74,56.94,80543,0
PKN,60,20220908,140000,56.88,57.1,56.58,56.78,127937,0
PKN,60,20220908,150000,56.72,56.94,55.84,56.18,222977,0
PKN,60,20220908,160000,56.18,56.24,55.12,55.38,266132,0
PKN,60,20220908,170000,55.38,55.6,55.06,55.42,417084,0
PKN,60,20220909,100000,56,57.42,55.8,56.76,308797,0
PKN,60,20220909,110000,56.9,57.64,56.82,57.38,122205,0
PKN,60,20220909,120000,57.38,57.38,56.7,56.94,97585,0
PKN,60,20220909,130000,56.94,57.38,56.76,57.38,111019,0
PKN,60,20220909,140000,57.38,57.56,57.16,57.38,54093,0
PKN,60,20220909,150000,57.4,57.5,56.82,57.06,101140,0
PKN,60,20220909,160000,57.1,57.22,56.9,56.94,131396,0
PKN,60,20220909,170000,56.94,57.34,56.92,57.32,228451,0
PKN,60,20220912,100000,57.9,58.22,56.56,57.96,206666,0
PKN,60,20220912,110000,57.9,59.16,57.9,59.08,124966,0
PKN,60,20220912,120000,59,59.1,58.16,58.2,84417,0
PKN,60,20220912,130000,58.24,58.92,58.18,58.36,105531,0
PKN,60,20220912,140000,58.4,58.62,58.02,58.48,66236,0
PKN,60,20220912,150000,58.38,58.76,57.9,57.94,108329,0
PKN,60,20220912,160000,57.96,58.22,57.7,57.8,140946,0
PKN,60,20220912,170000,57.86,58.52,57.4,58.38,230437,0
PKN,60,20220913,100000,58.64,59.3,58,58.26,203941,0
PKN,60,20220913,110000,58.26,58.3,57.66,58.02,92710,0
PKN,60,20220913,120000,58.02,58.38,57.7,58.08,174775,0
PKN,60,20220913,130000,58.04,58.24,57.62,57.76,84072,0
PKN,60,20220913,140000,57.72,58,57.62,57.86,87271,0
PKN,60,20220913,150000,57.86,58.08,56.8,56.88,203364,0
PKN,60,20220913,160000,56.82,56.94,56.16,56.2,244782,0
PKN,60,20220913,170000,56.22,56.78,56.1,56.42,404475,0
PKN,60,20220914,100000,56.36,57.5,55.86,57.1,160265,0
PKN,60,20220914,110000,57.16,57.3,56.4,56.8,82978,0
PKN,60,20220914,120000,56.88,57,56.54,56.92,92209,0
PKN,60,20220914,130000,56.88,56.96,56.78,56.9,51164,0
PKN,60,20220914,140000,56.9,56.94,56.3,56.3,97198,0
PKN,60,20220914,150000,56.3,56.88,56.3,56.5,75160,0
PKN,60,20220914,160000,56.5,56.86,56.24,56.8,102616,0
PKN,60,20220914,170000,56.8,57.06,56.4,57.06,642456,0
PKN,60,20220915,100000,57.16,57.28,56.28,57,107761,0
PKN,60,20220915,110000,57,57.1,56.02,56.26,141673,0
PKN,60,20220915,120000,56.26,56.26,55.58,55.84,145209,0
PKN,60,20220915,130000,55.82,56.38,55.82,55.88,85598,0
PKN,60,20220915,140000,55.88,56.64,55.7,56.56,83737,0
PKN,60,20220915,150000,56.54,57.1,56.16,56.88,131147,0
PKN,60,20220915,160000,56.88,57.2,56.54,57.1,194048,0
PKN,60,20220915,170000,57.06,57.4,56.82,56.82,707031,0
PKN,60,20220916,100000,56.32,56.96,56,56.18,136267,0
PKN,60,20220916,110000,56.16,56.58,56.04,56.34,148192,0
PKN,60,20220916,120000,56.32,56.48,56.16,56.22,184584,0
PKN,60,20220916,130000,56.28,57.66,56.12,57.32,119167,0
PKN,60,20220916,140000,57.34,57.34,56.5,56.82,90971,0
PKN,60,20220916,150000,56.82,56.86,55.96,56,84603,0
PKN,60,20220916,160000,56,56.36,55.72,55.88,366256,0
PKN,60,20220916,170000,56.06,57.24,55.94,56.58,2228060,0
PKN,60,20220919,100000,56.2,56.76,56.06,56.3,97583,0
PKN,60,20220919,110000,56.32,57,56.1,56.52,159085,0
PKN,60,20220919,120000,56.52,56.76,56.24,56.76,62957,0
PKN,60,20220919,130000,56.78,57.1,56.56,57,100357,0
PKN,60,20220919,140000,57,57.4,56.88,57.3,99407,0
PKN,60,20220919,150000,57.22,57.32,56.86,57.2,91219,0
PKN,60,20220919,160000,57.18,57.9,57.04,57.58,169569,0
PKN,60,20220919,170000,57.58,57.9,57.34,57.9,418628,0
PKN,60,20220920,100000,58.02,58.7,57.7,58.12,280705,0
PKN,60,20220920,110000,58.18,58.3,57.6,57.88,122506,0
PKN,60,20220920,120000,57.88,57.88,56.82,57.24,87801,0
PKN,60,20220920,130000,57.26,57.32,56.68,56.86,92696,0
PKN,60,20220920,140000,56.88,57.44,56.86,57.04,92061,0
PKN,60,20220920,150000,57.08,57.14,56.56,56.62,106827,0
PKN,60,20220920,160000,56.6,56.8,56.24,56.5,112701,0
PKN,60,20220920,170000,56.52,56.56,56.24,56.24,310015,0
PKN,60,20220921,100000,56.24,57.88,56.1,57.14,156343,0
PKN,60,20220921,110000,57.16,57.8,57.04,57.4,95461,0
PKN,60,20220921,120000,57.3,57.78,57.08,57.74,68249,0
PKN,60,20220921,130000,57.76,58.64,57.7,58.64,180406,0
PKN,60,20220921,140000,58.62,58.62,58.16,58.16,67142,0
PKN,60,20220921,150000,58.14,58.74,58.04,58.42,230227,0
PKN,60,20220921,160000,58.4,58.52,57.6,57.9,90113,0
PKN,60,20220921,170000,57.98,58.28,57.74,58,463108,0
PKN,60,20220922,100000,57.64,58.58,57.18,58.14,172584,0
PKN,60,20220922,110000,58.04,59.26,57.94,58.68,103141,0
PKN,60,20220922,120000,58.68,58.82,57.98,58.4,61763,0
PKN,60,20220922,130000,58.34,59.26,58.12,59.06,83327,0
PKN,60,20220922,140000,59.12,59.18,58.6,58.86,118921,0
PKN,60,20220922,150000,58.86,58.88,58.5,58.52,69066,0
PKN,60,20220922,160000,58.56,58.56,57.84,58.04,153772,0
PKN,60,20220922,170000,58.04,58.5,57.86,58.4,580816,0
PKN,60,20220923,100000,58.4,58.4,56.04,56.44,236021,0
PKN,60,20220923,110000,56.46,56.58,56.08,56.12,122970,0
PKN,60,20220923,120000,56.12,56.26,55.56,55.74,158743,0
PKN,60,20220923,130000,55.74,56.08,55.54,55.64,84949,0
PKN,60,20220923,140000,55.64,55.96,55.3,55.94,83113,0
PKN,60,20220923,150000,55.98,56,55.42,55.7,57536,0
PKN,60,20220923,160000,55.6,55.78,54.84,55.16,211405,0
PKN,60,20220923,170000,55.1,55.52,54.8,55.06,300622,0
PKN,60,20220926,100000,53,53.4,51.2,52.4,513131,0
PKN,60,20220926,110000,52.4,52.6,51.42,51.56,205889,0
PKN,60,20220926,120000,51.6,52.22,51.4,51.86,177678,0
PKN,60,20220926,130000,51.86,52.2,51.68,51.82,118684,0
PKN,60,20220926,140000,51.74,51.76,50.7,50.96,170692,0
PKN,60,20220926,150000,50.94,51.5,50.34,51.2,343805,0
PKN,60,20220926,160000,51.26,51.3,50.5,51.16,246060,0
PKN,60,20220926,170000,51.2,52.14,51.06,51.68,484050,0
PKN,60,20220927,100000,52.1,54.1,52.1,53.7,278971,0
PKN,60,20220927,110000,53.68,53.86,53.38,53.48,139700,0
PKN,60,20220927,120000,53.5,53.6,53,53.12,101786,0
PKN,60,20220927,130000,53.2,53.92,53.2,53.7,100155,0
PKN,60,20220927,140000,53.7,54.04,53.44,53.98,100963,0
PKN,60,20220927,150000,53.98,54.28,53.82,54.08,96443,0
PKN,60,20220927,160000,54.08,54.08,53.52,53.54,197597,0
PKN,60,20220927,170000,53.5,53.82,53.24,53.56,589248,0
PKN,60,20220928,100000,53.04,53.2,51.74,52.98,189459,0
PKN,60,20220928,110000,52.96,53.54,52.72,53.18,137089,0
PKN,60,20220928,120000,53.06,53.2,52.56,52.9,100328,0
PKN,60,20220928,130000,52.82,54.26,52.6,53.86,147703,0
PKN,60,20220928,140000,53.86,53.96,53.3,53.76,83625,0
PKN,60,20220928,150000,53.82,54.68,53.74,53.98,121476,0
PKN,60,20220928,160000,54.04,54.54,53.82,54.28,161438,0
PKN,60,20220928,170000,54.28,54.78,53.9,54.4,524332,0
PKN,60,20220929,100000,55.56,55.56,53.46,53.88,216097,0
PKN,60,20220929,110000,53.82,54.02,53.42,53.5,68668,0
PKN,60,20220929,120000,53.62,54.6,53.62,54.18,106289,0
PKN,60,20220929,130000,54.16,54.6,53.94,54.24,50048,0
PKN,60,20220929,140000,54.16,54.5,54.02,54.22,57304,0
PKN,60,20220929,150000,54.22,54.42,53.06,53.68,94470,0
PKN,60,20220929,160000,53.64,54,53.24,53.4,109829,0
PKN,60,20220929,170000,53.4,53.58,52.8,53.4,316670,0
PKN,60,20220930,100000,54,55.76,53.6,55.32,256659,0
PKN,60,20220930,110000,55.32,55.56,54.18,54.58,124720,0
PKN,60,20220930,120000,54.56,54.68,53.8,54.26,74973,0
PKN,60,20220930,130000,54.24,54.94,54.14,54.56,74967,0
PKN,60,20220930,140000,54.56,54.76,53.44,53.78,117567,0
PKN,60,20220930,150000,53.74,53.82,52.94,53.22,101368,0
PKN,60,20220930,160000,53.28,53.64,52.82,53.36,118339,0
PKN,60,20220930,170000,53.36,53.68,53.08,53.54,561183,0
PKN,60,20221003,100000,53.54,53.7,51.7,52.28,285566,0
PKN,60,20221003,110000,52.24,52.58,51.9,52.54,118693,0
PKN,60,20221003,120000,52.52,52.78,51.82,52.56,139746,0
PKN,60,20221003,130000,52.56,52.92,52.02,52.62,133895,0
PKN,60,20221003,140000,52.62,52.62,51.66,52.08,123945,0
PKN,60,20221003,150000,52,52.32,51.3,51.88,205541,0
PKN,60,20221003,160000,51.88,52.58,51.64,52.1,177659,0
PKN,60,20221003,170000,52.1,52.9,52.1,52.88,279525,0
PKN,60,20221004,100000,53.5,54.18,53.3,53.9,229370,0
PKN,60,20221004,110000,54,54.42,53.98,54.42,171903,0
PKN,60,20221004,120000,54.42,54.68,53.6,54.24,184004,0
PKN,60,20221004,130000,54.26,54.62,54.14,54.38,141456,0
PKN,60,20221004,140000,54.42,54.64,54.04,54.58,156382,0
PKN,60,20221004,150000,54.54,54.84,54.52,54.8,102662,0
PKN,60,20221004,160000,54.82,55.34,54.66,55.02,154150,0
PKN,60,20221004,170000,55,55.84,54.96,55.84,311200,0
PKN,60,20221005,100000,55.5,55.5,54.32,54.74,231073,0
PKN,60,20221005,110000,54.7,55.14,54.68,54.88,124630,0
PKN,60,20221005,120000,54.86,55.18,54.68,54.92,97698,0
PKN,60,20221005,130000,54.9,55.8,54.84,55.74,79824,0
PKN,60,20221005,140000,55.8,56.18,55.5,55.6,130705,0
PKN,60,20221005,150000,55.6,55.66,55.14,55.52,103790,0
PKN,60,20221005,160000,55.52,55.96,55.36,55.86,142114,0
PKN,60,20221005,170000,55.86,55.86,54,54.56,675117,0
PKN,60,20221006,100000,54.8,56.16,54.76,56.08,181816,0
PKN,60,20221006,110000,56.02,56.12,55.34,55.76,179889,0
PKN,60,20221006,120000,55.72,55.78,54.7,54.8,75022,0
PKN,60,20221006,130000,54.7,55.04,54.56,54.72,60842,0
PKN,60,20221006,140000,54.7,55.08,54.62,54.76,71491,0
PKN,60,20221006,150000,54.74,55.4,54.74,55.06,96989,0
PKN,60,20221006,160000,55.1,55.42,54.82,54.82,96699,0
PKN,60,20221006,170000,54.8,55.12,54.22,55.12,450028,0
PKN,60,20221007,100000,54.84,54.96,54.04,54.24,126673,0
PKN,60,20221007,110000,54.26,54.52,54.08,54.34,61490,0
PKN,60,20221007,120000,54.34,54.64,54.3,54.5,57884,0
PKN,60,20221007,130000,54.5,54.68,53.96,54.4,109292,0
PKN,60,20221007,140000,54.4,54.54,54.2,54.34,73846,0
PKN,60,20221007,150000,54.34,54.4,53.66,53.96,150219,0
PKN,60,20221007,160000,53.9,54.16,53.44,53.92,159641,0
PKN,60,20221007,170000,53.9,53.92,53.3,53.64,391416,0
PKN,60,20221010,100000,53.5,53.96,53.2,53.54,90576,0
PKN,60,20221010,110000,53.54,53.54,52.98,53.2,44557,0
PKN,60,20221010,120000,53.24,54.36,53.24,53.84,103383,0
PKN,60,20221010,130000,53.82,53.94,53.36,53.48,72197,0
PKN,60,20221010,140000,53.5,53.64,53,53.44,103516,0
PKN,60,20221010,150000,53.44,54.58,53.38,54.58,103193,0
PKN,60,20221010,160000,54.56,54.64,53.84,54.02,188169,0
PKN,60,20221010,170000,54.02,54.22,53.28,53.6,311874,0
PKN,60,20221011,100000,53.76,53.9,52.32,52.6,203685,0
PKN,60,20221011,110000,52.64,52.8,52.08,52.38,289710,0
PKN,60,20221011,120000,52.38,52.5,52.02,52.14,166196,0
PKN,60,20221011,130000,52.14,53.24,52.12,53.2,165297,0
PKN,60,20221011,140000,53.24,53.3,52.52,52.76,143859,0
PKN,60,20221011,150000,52.76,53.96,52.76,53.36,156344,0
PKN,60,20221011,160000,53.46,53.64,52.98,53.1,119971,0
PKN,60,20221011,170000,53,53.04,52.34,52.5,806190,0
PKN,60,20221012,100000,52.98,53.16,51.7,51.7,186586,0
PKN,60,20221012,110000,51.66,52.74,51.64,52.66,113048,0
PKN,60,20221012,120000,52.66,52.98,52.5,52.68,81550,0
PKN,60,20221012,130000,52.62,53.08,52.48,52.94,90389,0
PKN,60,20221012,140000,52.98,53.02,52.1,52.16,69418,0
PKN,60,20221012,150000,52.12,53.62,52.1,53.1,300965,0
PKN,60,20221012,160000,53.16,53.22,52.26,52.46,149188,0
PKN,60,20221012,170000,52.42,52.82,52.2,52.62,405827,0
PKN,60,20221013,100000,52.84,53.28,52.28,52.9,72883,0
PKN,60,20221013,110000,52.9,53.02,52.28,52.66,107759,0
PKN,60,20221013,120000,52.54,53.06,52.34,53.02,106560,0
PKN,60,20221013,130000,53.06,53.24,52.54,52.62,73846,0
PKN,60,20221013,140000,52.68,53.14,52.54,52.82,83334,0
PKN,60,20221013,150000,52.9,53.2,51.22,51.5,292223,0
PKN,60,20221013,160000,51.6,52.64,51.14,52.36,268574,0
PKN,60,20221013,170000,52.36,53,52.14,53,541053,0
PKN,60,20221014,100000,54.06,54.7,53.7,53.96,197834,0
PKN,60,20221014,110000,53.86,54.58,53.74,54.16,175146,0
PKN,60,20221014,120000,54.14,54.34,53.82,54.3,112824,0
PKN,60,20221014,130000,54.24,54.3,53.68,53.76,153248,0
PKN,60,20221014,140000,53.8,53.8,53.02,53.14,242381,0
PKN,60,20221014,150000,53.18,53.96,53.14,53.84,78720,0
PKN,60,20221014,160000,53.94,54.02,53.1,53.1,183303,0
PKN,60,20221014,170000,53.1,53.38,52.8,53.3,341357,0
PKN,60,20221017,100000,53.3,53.76,53.08,53.66,62717,0
PKN,60,20221017,110000,53.52,53.7,53.02,53.5,57440,0
PKN,60,20221017,120000,53.52,54.12,53.46,54.08,46642,0
PKN,60,20221017,130000,54.12,54.88,54.02,54.86,179686,0
PKN,60,20221017,140000,54.9,55,54.06,54.26,112451,0
PKN,60,20221017,150000,54.32,54.6,54.14,54.52,105245,0
PKN,60,20221017,160000,54.5,54.9,54.02,54.42,171843,0
PKN,60,20221017,170000,54.42,54.8,54.14,54.14,375420,0
PKN,60,20221018,100000,53,53,51.92,52.16,1416357,0
PKN,60,20221018,110000,52.12,52.4,52.06,52.16,715453,0
PKN,60,20221018,120000,52.16,52.32,51.32,51.38,1045911,0
PKN,60,20221018,130000,51.38,51.54,50.96,51.14,712738,0
PKN,60,20221018,140000,51.14,51.98,51,51.94,637920,0
PKN,60,20221018,150000,51.94,52.42,51.62,52.3,428953,0
PKN,60,20221018,160000,52.3,52.3,51.32,51.4,611629,0
PKN,60,20221018,170000,51.4,51.78,51.3,51.68,508875,0
PKN,60,20221019,100000,52,52.2,50.8,50.88,358993,0
PKN,60,20221019,110000,50.86,51.28,50.52,51.08,374426,0
PKN,60,20221019,120000,51.14,51.46,50.98,51.28,165280,0
PKN,60,20221019,130000,51.28,51.32,50.76,50.78,144037,0
PKN,60,20221019,140000,50.84,51,50.74,50.78,95780,0
PKN,60,20221019,150000,50.76,50.9,50.34,50.5,280715,0
PKN,60,20221019,160000,50.5,50.6,50.2,50.34,269622,0
PKN,60,20221019,170000,50.34,50.52,50.24,50.4,524062,0
PKN,60,20221020,100000,50.5,50.7,49.88,50.26,515924,0
PKN,60,20221020,110000,50.26,50.56,50.1,50.22,326300,0
PKN,60,20221020,120000,50.18,50.58,49.92,50.48,168963,0
PKN,60,20221020,130000,50.48,50.9,50.36,50.58,340166,0
PKN,60,20221020,140000,50.6,51.04,50.52,50.84,300662,0
PKN,60,20221020,150000,50.84,50.98,50.58,50.62,291379,0
PKN,60,20221020,160000,50.6,51.08,50.38,50.9,408567,0
PKN,60,20221020,170000,50.94,51.3,50.7,51,727209,0
PKN,60,20221021,100000,50.7,50.7,50.12,50.54,332732,0
PKN,60,20221021,110000,50.5,50.56,50.24,50.34,315901,0
PKN,60,20221021,120000,50.36,50.48,50.16,50.24,169809,0
PKN,60,20221021,130000,50.26,50.46,50.12,50.36,165178,0
PKN,60,20221021,140000,50.34,50.44,50.12,50.16,139608,0
PKN,60,20221021,150000,50.22,50.22,49.95,50.06,240081,0
PKN,60,20221021,160000,50.06,50.6,50,50.42,307469,0
PKN,60,20221021,170000,50.44,50.56,50.1,50.26,453459,0
PKN,60,20221024,100000,50.64,50.68,49.4,49.53,259922,0
PKN,60,20221024,110000,49.5,49.6,49.05,49.43,194658,0
PKN,60,20221024,120000,49.41,49.82,49.23,49.74,97859,0
PKN,60,20221024,130000,49.76,50.18,49.6,50.1,98305,0
PKN,60,20221024,140000,50.1,50.32,49.83,50.28,95871,0
PKN,60,20221024,150000,50.26,50.42,49.81,50.22,103090,0
PKN,60,20221024,160000,50.3,50.68,50,50.6,317188,0
PKN,60,20221024,170000,50.6,50.6,49.94,50.28,389650,0
PKN,60,20221025,100000,50.54,50.7,49.91,50.1,334623,0
PKN,60,20221025,110000,50.1,51.28,49.86,50.7,281135,0
PKN,60,20221025,120000,50.66,50.72,49.9,50.02,254768,0
PKN,60,20221025,130000,50.02,50.34,49.9,50.1,365751,0
PKN,60,20221025,140000,50.04,50.54,50.02,50.2,132950,0
PKN,60,20221025,150000,50.16,50.34,50,50.1,178390,0
PKN,60,20221025,160000,50.1,50.8,50.08,50.54,380682,0
PKN,60,20221025,170000,50.56,51.38,50.52,51.26,619102,0
PKN,60,20221026,100000,51.46,52.06,51.04,51.82,305936,0
PKN,60,20221026,110000,51.84,52.34,51.72,52.12,245022,0
PKN,60,20221026,120000,52.12,52.26,51.76,51.92,306883,0
PKN,60,20221026,130000,51.9,52.08,51.68,51.78,105077,0
PKN,60,20221026,140000,51.84,51.92,51.56,51.68,109947,0
PKN,60,20221026,150000,51.66,52.06,51.66,52,242247,0
PKN,60,20221026,160000,52,52.66,51.92,52.44,680638,0
PKN,60,20221026,170000,52.48,53.34,52.36,53.28,1322671,0
PKN,60,20221027,100000,53.68,54.42,53.32,54.3,1091925,0
PKN,60,20221027,110000,54.3,55.04,54.16,54.72,814681,0
PKN,60,20221027,120000,54.7,54.72,54.02,54.36,444450,0
PKN,60,20221027,130000,54.38,54.8,54.36,54.6,343486,0
PKN,60,20221027,140000,54.66,54.8,54.32,54.5,363433,0
PKN,60,20221027,150000,54.5,54.96,54.14,54.96,639194,0
PKN,60,20221027,160000,54.96,55.28,54.52,54.66,871333,0
PKN,60,20221027,170000,54.66,55.58,54.6,55.58,5660235,0
PKN,60,20221028,100000,55,55.64,54.24,55.06,856958,0
PKN,60,20221028,110000,55.06,55.42,54.76,55.3,481899,0
PKN,60,20221028,120000,55.32,55.32,54.84,55.06,424270,0
PKN,60,20221028,130000,55.06,55.4,55,55.26,349117,0
PKN,60,20221028,140000,55.26,55.5,55.04,55.44,506023,0
PKN,60,20221028,150000,55.46,55.74,54.96,55.68,602411,0
PKN,60,20221028,160000,55.68,56.3,55.36,55.94,989344,0
PKN,60,20221028,170000,55.94,56.08,55.32,55.54,6437368,0
PKN,60,20221031,100000,55.88,55.88,54.2,54.5,505320,0
PKN,60,20221031,110000,54.5,55.4,54.46,54.94,297652,0
PKN,60,20221031,120000,55,55.3,54.62,54.78,214875,0
PKN,60,20221031,130000,54.78,55.22,54.7,55,225417,0
PKN,60,20221031,140000,55,55.1,54.78,54.9,117314,0
PKN,60,20221031,150000,54.9,55.1,54.7,54.98,153636,0
PKN,60,20221031,160000,54.92,55.08,54.7,54.9,371753,0
PKN,60,20221031,170000,54.9,55.2,54.4,54.92,3571570,0
PKN,60,20221102,100000,55.88,56.88,55.5,56.7,784608,0
PKN,60,20221102,110000,56.68,57.64,56.64,57.54,448413,0
PKN,60,20221102,120000,57.54,57.98,57.3,57.86,391055,0
PKN,60,20221102,130000,57.84,58.58,57.82,58.14,280194,0
PKN,60,20221102,140000,58.12,58.58,57.76,58.32,376679,0
PKN,60,20221102,150000,58.3,58.38,57.66,57.66,280959,0
PKN,60,20221102,160000,57.66,57.74,56.86,57.4,655961,0
PKN,60,20221102,170000,57.4,58.04,57.4,58.04,1424376,0
PKN,60,20221103,100000,57.5,57.86,56.8,57.8,457224,0
PKN,60,20221103,110000,57.8,58.48,57.7,58.28,319593,0
PKN,60,20221103,120000,58.36,58.82,57.9,58.36,341152,0
PKN,60,20221103,130000,58.38,59.12,58.38,58.9,257605,0
PKN,60,20221103,140000,58.9,58.94,58.44,58.8,416861,0
PKN,60,20221103,150000,58.82,59.2,58.56,59,342852,0
PKN,60,20221103,160000,59,59.88,58.62,59.84,678056,0
PKN,60,20221103,170000,59.86,59.96,59.46,59.96,983703,0
PKN,60,20221104,100000,60.84,62.12,60.82,62.12,761556,0
PKN,60,20221104,110000,62.12,62.26,61.8,62.1,321958,0
PKN,60,20221104,120000,62.06,62.64,62.04,62.56,216341,0
PKN,60,20221104,130000,62.56,62.66,62.1,62.28,185933,0
PKN,60,20221104,140000,62.3,62.58,62,62.36,203871,0
PKN,60,20221104,150000,62.36,62.88,62.36,62.68,209092,0
PKN,60,20221104,160000,62.68,62.9,62.4,62.78,298275,0
PKN,60,20221104,170000,62.78,63,62.36,63,1195250,0
PKN,60,20221107,100000,63.46,63.64,62.5,63.08,419449,0
PKN,60,20221107,110000,63.12,63.24,61.76,61.86,272480,0
PKN,60,20221107,120000,61.8,62.22,61.16,61.44,259209,0
PKN,60,20221107,130000,61.46,61.92,60.5,60.66,402464,0
PKN,60,20221107,140000,60.72,60.9,59.8,59.86,341353,0
PKN,60,20221107,150000,59.9,60.6,59.86,60.1,201360,0
PKN,60,20221107,160000,60.16,60.38,59.3,59.48,310307,0
PKN,60,20221107,170000,59.5,60.72,59.46,60.5,570955,0
PKN,60,20221108,100000,60.4,61.68,59.6,61.58,347546,0
PKN,60,20221108,110000,61.58,61.6,61.16,61.28,97662,0
PKN,60,20221108,120000,61.3,61.3,60.44,60.68,107448,0
PKN,60,20221108,130000,60.68,61.3,60.66,60.98,92396,0
PKN,60,20221108,140000,61,61.1,60.7,60.94,54644,0
PKN,60,20221108,150000,60.9,61,60.7,60.84,101225,0
PKN,60,20221108,160000,60.86,61.12,60.34,61,256330,0
PKN,60,20221108,170000,61,62.3,61,62.04,1075505,0
PKN,60,20221109,100000,62,62.48,61.52,61.84,247899,0
PKN,60,20221109,110000,61.84,61.86,60.98,61.24,182852,0
PKN,60,20221109,120000,61.28,61.48,60.94,61.36,186010,0
PKN,60,20221109,130000,61.36,61.86,61.18,61.34,94249,0
PKN,60,20221109,140000,61.3,61.5,61.08,61.22,149244,0
PKN,60,20221109,150000,61.22,61.84,61.2,61.3,198704,0
PKN,60,20221109,160000,61.28,61.6,61.16,61.24,291342,0
PKN,60,20221109,170000,61.3,61.68,60.86,61,802025,0
PKN,60,20221110,100000,60.5,60.72,59.82,59.86,574420,0
PKN,60,20221110,110000,59.86,59.92,59.44,59.52,360068,0
PKN,60,20221110,120000,59.52,60.1,59.52,60,167426,0
PKN,60,20221110,130000,60.02,60.1,59.78,60.02,153255,0
PKN,60,20221110,140000,60.02,60.76,59.94,60.68,221359,0
PKN,60,20221110,150000,60.68,62.42,60.68,61.82,286028,0
PKN,60,20221110,160000,61.82,62.56,61.52,62.4,385482,0
PKN,60,20221110,170000,62.46,62.88,62.3,62.6,876276,0
PKN,60,20221114,100000,62.9,64.92,62.62,64.8,765710,0
PKN,60,20221114,110000,64.78,65.28,64.08,64.08,438432,0
PKN,60,20221114,120000,64.1,64.12,63.2,63.36,231402,0
PKN,60,20221114,130000,63.32,63.46,63.02,63.02,162666,0
PKN,60,20221114,140000,63.02,64.06,63,64,226522,0
PKN,60,20221114,150000,63.9,64.14,63,63.18,351440,0
PKN,60,20221114,160000,63.18,63.84,63.04,63.5,314369,0
PKN,60,20221114,170000,63.5,63.78,63.14,63.44,973235,0
PKN,60,20221115,100000,63.78,64.02,62.78,62.86,408298,0
PKN,60,20221115,110000,62.98,64.38,62.88,63.9,353398,0
PKN,60,20221115,120000,63.9,64.18,63.66,63.96,145619,0
PKN,60,20221115,130000,63.96,64.34,63.72,64.02,127680,0
PKN,60,20221115,140000,64.04,64.96,63.92,64.9,550818,0
PKN,60,20221115,150000,64.96,65.48,64.46,64.74,813525,0
PKN,60,20221115,160000,64.64,65.08,64.16,64.86,432931,0
PKN,60,20221115,170000,64.76,65.18,64.68,64.9,656786,0
PKN,60,20221116,100000,64.2,64.96,64.12,64.8,385942,0
PKN,60,20221116,110000,64.84,64.92,64.02,64.2,414493,0
PKN,60,20221116,120000,64.28,64.88,64.1,64.88,154487,0
PKN,60,20221116,130000,64.82,64.88,64.3,64.34,95304,0
PKN,60,20221116,140000,64.36,64.78,64.2,64.7,116264,0
PKN,60,20221116,150000,64.68,64.68,64.06,64.36,227552,0
PKN,60,20221116,160000,64.36,64.74,64.18,64.3,229349,0
PKN,60,20221116,170000,64.38,64.56,64.02,64.1,689921,0
PKN,60,20221117,100000,64.3,65.14,64.16,64.56,229557,0
PKN,60,20221117,110000,64.5,64.82,64.2,64.48,304859,0
PKN,60,20221117,120000,64.5,65.06,64.46,64.82,495507,0
PKN,60,20221117,130000,64.9,64.92,64.36,64.44,147614,0
PKN,60,20221117,140000,64.42,64.68,64.1,64.2,126872,0
PKN,60,20221117,150000,64.16,64.16,63.1,63.48,287432,0
PKN,60,20221117,160000,63.5,64.5,63.46,63.98,293142,0
PKN,60,20221117,170000,63.98,64.5,63.78,64.1,721554,0
PKN,60,20221118,100000,64.1,64.3,63.1,63.24,182205,0
PKN,60,20221118,110000,63.3,64.6,63.22,64.1,174140,0
PKN,60,20221118,120000,64.04,64.26,63.72,63.74,118986,0
PKN,60,20221118,130000,63.8,64,63.28,63.36,144353,0
PKN,60,20221118,140000,63.4,63.56,62.9,62.98,146004,0
PKN,60,20221118,150000,62.98,63.2,62.7,63.2,254519,0
PKN,60,20221118,160000,63.22,63.3,62.34,62.46,492918,0
PKN,60,20221118,170000,62.46,62.86,62.14,62.76,654075,0
PKN,60,20221121,100000,62.78,63.2,62.3,62.8,161714,0
PKN,60,20221121,110000,62.8,63.22,62.6,62.94,137877,0
PKN,60,20221121,120000,62.94,63.22,62.8,62.9,110370,0
PKN,60,20221121,130000,62.88,63.32,62.76,62.82,105789,0
PKN,60,20221121,140000,62.8,62.88,62.5,62.64,86969,0
PKN,60,20221121,150000,62.64,63.22,62.5,63.04,178875,0
PKN,60,20221121,160000,63.04,63.1,61.74,62,353923,0
PKN,60,20221121,170000,62.06,62.26,61.24,61.5,674160,0
PKN,60,20221122,100000,62.3,63.28,62.26,63.1,343829,0
PKN,60,20221122,110000,63.1,63.42,62.72,62.88,187596,0
PKN,60,20221122,120000,62.9,63.46,62.86,63.4,180129,0
PKN,60,20221122,130000,63.4,63.48,63.2,63.22,94074,0
PKN,60,20221122,140000,63.22,63.68,63.22,63.66,102156,0
PKN,60,20221122,150000,63.64,64.6,63.64,64.38,354473,0
PKN,60,20221122,160000,64.38,64.42,63.84,64.04,270726,0
PKN,60,20221122,170000,64.06,64.5,63.92,64.14,568980,0
PKN,60,20221123,100000,64.66,65.4,64.34,64.34,263563,0
PKN,60,20221123,110000,64.34,65.12,64.26,64.82,141137,0
PKN,60,20221123,120000,64.8,64.84,64.44,64.54,124890,0
PKN,60,20221123,130000,64.5,64.64,64.3,64.62,196101,0
PKN,60,20221123,140000,64.6,64.88,64.44,64.74,175659,0
PKN,60,20221123,150000,64.68,64.68,63.78,63.84,219692,0
PKN,60,20221123,160000,63.82,63.88,63.22,63.56,291721,0
PKN,60,20221123,170000,63.54,63.96,63.48,63.6,661887,0
PKN,60,20221124,100000,64.18,64.22,63.26,63.58,195357,0
PKN,60,20221124,110000,63.58,63.76,63.32,63.38,86048,0
PKN,60,20221124,120000,63.36,63.44,63.12,63.18,88681,0
PKN,60,20221124,130000,63.2,63.3,63.02,63.2,67224,0
PKN,60,20221124,140000,63.2,63.4,62.42,62.68,200742,0
PKN,60,20221124,150000,62.66,63.14,62.66,63.1,130574,0
PKN,60,20221124,160000,63.12,63.14,62.84,62.9,179478,0
PKN,60,20221124,170000,62.9,64.1,62.88,64.04,427801,0
PKN,60,20221125,100000,64,64.04,63.14,63.52,160453,0
PKN,60,20221125,110000,63.52,64.16,63.52,64.04,107438,0
PKN,60,20221125,120000,64.04,64.42,64.02,64.26,101292,0
PKN,60,20221125,130000,64.28,64.28,63.86,63.88,63786,0
PKN,60,20221125,140000,63.88,64,63.74,63.84,37874,0
PKN,60,20221125,150000,63.84,64,63.6,63.6,75863,0
PKN,60,20221125,160000,63.6,64.28,63.6,64.26,189792,0
PKN,60,20221125,170000,64.28,64.38,64,64.26,386125,0
PKN,60,20221128,100000,63.7,63.72,62.6,63.14,260174,0
PKN,60,20221128,110000,63.12,63.14,62.74,62.8,181093,0
PKN,60,20221128,120000,62.8,62.88,62.6,62.82,261600,0
PKN,60,20221128,130000,62.84,62.86,62.7,62.8,197090,0
PKN,60,20221128,140000,62.78,62.86,62.28,62.54,388827,0
PKN,60,20221128,150000,62.52,62.84,62.4,62.74,230438,0
PKN,60,20221128,160000,62.76,62.88,62.4,62.6,342567,0
PKN,60,20221128,170000,62.62,63.18,62.6,62.6,604426,0
PKN,60,20221129,100000,64,65.22,63.86,64,539377,0
PKN,60,20221129,110000,64,64.12,62.88,63.22,199845,0
PKN,60,20221129,120000,63.22,63.8,63.02,63.6,144137,0
PKN,60,20221129,130000,63.6,64.06,63.4,63.92,133561,0
PKN,60,20221129,140000,63.92,64.06,63.62,63.72,147502,0
PKN,60,20221129,150000,63.8,64.1,63.52,63.54,156780,0
PKN,60,20221129,160000,63.6,64.1,63.54,63.96,224628,0
PKN,60,20221129,170000,63.96,65,63.96,64.8,592183,0
PKN,60,20221130,100000,65,65.8,64.66,65.4,388749,0
PKN,60,20221130,110000,65.4,66.3,65.4,65.74,503349,0
PKN,60,20221130,120000,65.78,66.26,65.66,66.26,278643,0
PKN,60,20221130,130000,66.26,66.26,65.62,65.8,230090,0
PKN,60,20221130,140000,65.74,65.82,65.52,65.56,99419,0
PKN,60,20221130,150000,65.58,65.8,65.26,65.3,191001,0
PKN,60,20221130,160000,65.28,65.54,64.28,64.28,262952,0
PKN,60,20221130,170000,64.28,65.3,64.28,65.3,4827026,0
PKN,60,20221201,100000,65.8,65.8,64.52,65.5,390838,0
PKN,60,20221201,110000,65.56,65.88,65.06,65.86,263504,0
PKN,60,20221201,120000,65.8,66.28,65.76,66.24,261689,0
PKN,60,20221201,130000,66.28,67.42,66.24,66.96,602100,0
PKN,60,20221201,140000,66.96,67.26,66.82,67.12,234063,0
PKN,60,20221201,150000,67.1,67.36,66.8,67.22,312533,0
PKN,60,20221201,160000,67.22,67.4,66.96,67.32,538831,0
PKN,60,20221201,170000,67.34,68.24,67.3,68.24,989113,0
PKN,60,20221202,100000,67.94,67.96,66.14,66.4,944633,0
PKN,60,20221202,110000,66.4,66.66,66.06,66.34,278791,0
PKN,60,20221202,120000,66.36,66.4,65.68,65.8,346086,0
PKN,60,20221202,130000,65.8,65.86,65.16,65.16,267833,0
PKN,60,20221202,140000,65.2,65.54,65.16,65.3,199850,0
PKN,60,20221202,150000,65.26,65.58,64.66,64.82,343842,0
PKN,60,20221202,160000,64.8,65.2,64.74,64.98,271595,0
PKN,60,20221202,170000,64.98,65.24,64.5,64.5,743084,0
PKN,60,20221205,100000,64.82,65.84,64.3,65.78,188208,0
PKN,60,20221205,110000,65.78,66.06,65.38,65.9,113479,0
PKN,60,20221205,120000,65.92,65.98,65.62,65.78,61491,0
PKN,60,20221205,130000,65.8,65.98,65.5,65.96,78840,0
PKN,60,20221205,140000,65.94,66.18,65.92,66.02,83989,0
PKN,60,20221205,150000,66.02,66.36,65.7,65.9,140746,0
PKN,60,20221205,160000,65.84,66.14,65.42,65.86,136765,0
PKN,60,20221205,170000,65.74,65.98,65.38,65.82,300791,0
PKN,60,20221206,100000,65.5,65.68,64.64,65.14,311283,0
PKN,60,20221206,110000,65.14,65.2,64.88,64.88,96662,0
PKN,60,20221206,120000,64.88,64.9,64.4,64.66,146723,0
PKN,60,20221206,130000,64.68,64.94,64.48,64.7,100102,0
PKN,60,20221206,140000,64.78,64.82,64.34,64.38,190646,0
PKN,60,20221206,150000,64.38,64.48,63.72,63.96,249997,0
PKN,60,20221206,160000,63.96,64.46,63.84,64.06,167628,0
PKN,60,20221206,170000,64.04,64.26,64,64.22,345173,0
PKN,60,20221207,100000,64,64.76,63.86,64.58,162294,0
PKN,60,20221207,110000,64.5,64.68,64.28,64.4,60480,0
PKN,60,20221207,120000,64.38,64.52,64.32,64.4,64023,0
PKN,60,20221207,130000,64.44,64.46,64.14,64.22,62126,0
PKN,60,20221207,140000,64.26,64.4,64.16,64.3,56359,0
PKN,60,20221207,150000,64.32,64.72,64.28,64.48,117953,0
PKN,60,20221207,160000,64.5,64.74,64.3,64.56,113903,0
PKN,60,20221207,170000,64.5,64.82,64.28,64.62,420275,0
PKN,60,20221208,100000,64.32,64.32,63.32,63.62,245384,0
PKN,60,20221208,110000,63.64,63.84,63.56,63.62,88981,0
PKN,60,20221208,120000,63.62,63.64,63.22,63.44,86211,0
PKN,60,20221208,130000,63.46,63.66,63.4,63.54,43191,0
PKN,60,20221208,140000,63.52,63.6,63.04,63.2,148880,0
PKN,60,20221208,150000,63.22,63.34,62.84,63.06,181821,0
PKN,60,20221208,160000,63.06,63.06,62.4,62.72,300008,0
PKN,60,20221208,170000,62.76,63.34,62.64,62.98,375406,0
PKN,60,20221209,100000,63.02,63.26,62.4,62.44,194414,0
PKN,60,20221209,110000,62.4,62.4,61.82,62.06,220832,0
PKN,60,20221209,120000,62.06,62.3,61.82,61.88,140828,0
PKN,60,20221209,130000,61.88,61.94,61.44,61.5,195422,0
PKN,60,20221209,140000,61.48,62,61.46,61.76,126767,0
PKN,60,20221209,150000,61.8,61.92,61.32,61.7,169684,0
PKN,60,20221209,160000,61.7,62.06,61.46,61.82,150228,0
PKN,60,20221209,170000,61.84,62.22,61.72,62.2,322366,0
PKN,60,20221212,100000,61.96,62.3,61.56,62.1,118182,0
PKN,60,20221212,110000,62.14,62.9,62.08,62.48,162391,0
PKN,60,20221212,120000,62.48,62.78,62.14,62.72,109185,0
PKN,60,20221212,130000,62.72,63.22,62.72,63.14,121167,0
PKN,60,20221212,140000,63.16,63.6,63.06,63.42,240345,0
PKN,60,20221212,150000,63.44,63.54,63.3,63.36,99038,0
PKN,60,20221212,160000,63.36,63.42,63.24,63.38,109234,0
PKN,60,20221212,170000,63.42,63.8,63.34,63.74,497025,0
PKN,60,20221213,100000,63.68,63.8,63.04,63.32,148098,0
PKN,60,20221213,110000,63.34,63.68,62.9,62.94,90868,0
PKN,60,20221213,120000,62.94,63.14,62.84,62.96,79462,0
PKN,60,20221213,130000,62.92,62.96,62.7,62.82,83500,0
PKN,60,20221213,140000,62.84,63.08,62.84,63.08,99322,0
PKN,60,20221213,150000,63.06,65.02,62.86,64.84,514687,0
PKN,60,20221213,160000,64.86,65,64.14,64.52,195066,0
PKN,60,20221213,170000,64.52,64.56,63.94,63.94,514667,0
PKN,60,20221214,100000,64,64.5,63.92,64.3,126305,0
PKN,60,20221214,110000,64.3,64.52,63.92,64.18,129748,0
PKN,60,20221214,120000,64.18,64.4,64.12,64.14,144503,0
PKN,60,20221214,130000,64.14,64.18,63.64,63.82,108663,0
PKN,60,20221214,140000,63.84,63.88,63.3,63.46,127143,0
PKN,60,20221214,150000,63.5,63.78,63.44,63.68,123174,0
PKN,60,20221214,160000,63.7,64,63.68,63.9,137287,0
PKN,60,20221214,170000,63.9,63.9,63.28,63.58,604660,0
PKN,60,20221215,100000,63.2,63.68,62.6,62.94,263424,0
PKN,60,20221215,110000,62.94,62.96,62.7,62.78,212818,0
PKN,60,20221215,120000,62.78,63.36,62.76,63.12,132934,0
PKN,60,20221215,130000,63.12,63.68,62.96,63.5,121413,0
PKN,60,20221215,140000,63.46,63.5,63.1,63.22,96994,0
PKN,60,20221215,150000,63.22,63.24,62.7,62.86,225160,0
PKN,60,20221215,160000,62.84,63.08,62.7,62.92,165221,0
PKN,60,20221215,170000,62.88,63.48,62.82,63.48,636616,0
PKN,60,20221216,100000,63,63.32,62.3,62.46,213796,0
PKN,60,20221216,110000,62.46,62.5,61.7,62.18,210769,0
PKN,60,20221216,120000,62.2,62.3,61.84,62,494766,0
PKN,60,20221216,130000,62.1,62.28,61.92,62.14,138512,0
PKN,60,20221216,140000,62.14,62.3,61.92,62,131852,0
PKN,60,20221216,150000,61.98,62.16,61.9,62.12,111743,0
PKN,60,20221216,160000,62.12,62.7,62.04,62.14,440264,0
PKN,60,20221216,170000,62.14,62.5,61.82,62.5,3074181,0
PKN,60,20221219,100000,62.3,63.36,62.06,62.76,218309,0
PKN,60,20221219,110000,62.82,63.26,62.78,63.06,202937,0
PKN,60,20221219,120000,63.06,63.34,62.82,62.9,159669,0
PKN,60,20221219,130000,62.88,63.12,62.54,62.54,96798,0
PKN,60,20221219,140000,62.58,62.72,62.54,62.58,48206,0
PKN,60,20221219,150000,62.6,62.66,62.32,62.4,78189,0
PKN,60,20221219,160000,62.4,62.58,62.3,62.44,222202,0
PKN,60,20221219,170000,62.44,63.1,62.38,62.78,268559,0
PKN,60,20221220,100000,62.14,62.24,61.84,62.14,95200,0
PKN,60,20221220,110000,62.14,62.46,62.12,62.4,63554,0
PKN,60,20221220,120000,62.46,62.92,62.2,62.9,114351,0
PKN,60,20221220,130000,62.92,63.16,62.8,63.16,45928,0
PKN,60,20221220,140000,63.18,63.58,63.14,63.28,84420,0
PKN,60,20221220,150000,63.24,63.24,63,63.1,62532,0
PKN,60,20221220,160000,63.08,63.46,63.02,63.42,109435,0
PKN,60,20221220,170000,63.46,63.9,63.44,63.8,413316,0
PKN,60,20221221,100000,63.52,63.72,63.14,63.42,92421,0
PKN,60,20221221,110000,63.42,63.56,63.26,63.3,112255,0
PKN,60,20221221,120000,63.3,63.3,63.08,63.14,62737,0
PKN,60,20221221,130000,63.14,63.36,63.14,63.26,63989,0
PKN,60,20221221,140000,63.24,63.28,63.04,63.24,69605,0
PKN,60,20221221,150000,63.3,63.98,63.18,63.48,189135,0
PKN,60,20221221,160000,63.5,63.58,63.1,63.2,236871,0
PKN,60,20221221,170000,63.2,63.48,63.1,63.3,310734,0
PKN,60,20221222,100000,63.5,63.94,63.38,63.68,109461,0
PKN,60,20221222,110000,63.66,63.7,63.12,63.2,94523,0
PKN,60,20221222,120000,63.2,63.5,63.12,63.5,58023,0
PKN,60,20221222,130000,63.46,63.52,63.36,63.48,81426,0
PKN,60,20221222,140000,63.46,63.62,63.28,63.6,102107,0
PKN,60,20221222,150000,63.6,63.68,63.24,63.42,98626,0
PKN,60,20221222,160000,63.42,63.78,63.34,63.62,111630,0
PKN,60,20221222,170000,63.56,63.86,63.5,63.7,242773,0
PKN,60,20221223,100000,63.68,63.7,63.14,63.4,60962,0
PKN,60,20221223,110000,63.4,63.58,63.28,63.5,49000,0
PKN,60,20221223,120000,63.48,63.56,63.16,63.3,48178,0
PKN,60,20221223,130000,63.3,63.42,63.2,63.34,37104,0
PKN,60,20221223,140000,63.36,63.52,63.32,63.4,25771,0
PKN,60,20221223,150000,63.36,63.44,63.02,63.18,115431,0
PKN,60,20221223,160000,63.18,63.4,63.08,63.22,62548,0
PKN,60,20221223,170000,63.28,63.72,63.28,63.7,292037,0
PKN,60,20221227,100000,64,64.26,63.56,64.2,139048,0
PKN,60,20221227,110000,64.22,64.22,63.94,64.04,46950,0
PKN,60,20221227,120000,64.04,64.14,63.94,64.04,29167,0
PKN,60,20221227,130000,64.04,64.14,63.5,63.66,39196,0
PKN,60,20221227,140000,63.64,63.74,63.3,63.4,41519,0
PKN,60,20221227,150000,63.4,63.76,63.4,63.64,36334,0
PKN,60,20221227,160000,63.62,63.76,63.42,63.7,52775,0
PKN,60,20221227,170000,63.7,63.94,63.6,63.72,134479,0
PKN,60,20221228,100000,63.72,63.98,63.5,63.64,97724,0
PKN,60,20221228,110000,63.64,64,63.64,63.9,101142,0
PKN,60,20221228,120000,63.92,64.42,63.92,64.32,234971,0
PKN,60,20221228,130000,64.32,64.64,64.22,64.5,168550,0
PKN,60,20221228,140000,64.5,64.58,64.1,64.2,87805,0
PKN,60,20221228,150000,64.2,64.3,64.12,64.24,78028,0
PKN,60,20221228,160000,64.26,64.46,63.94,63.96,184814,0
PKN,60,20221228,170000,63.96,64,63.54,63.62,375823,0
PKN,60,20221229,100000,63.72,63.96,63.46,63.62,75813,0
PKN,60,20221229,110000,63.6,63.86,63.54,63.64,41752,0
PKN,60,20221229,120000,63.64,64.24,63.5,64.22,77728,0
PKN,60,20221229,130000,64.18,64.32,63.88,63.9,67501,0
PKN,60,20221229,140000,63.9,64.2,63.82,64.16,50917,0
PKN,60,20221229,150000,64.16,64.18,63.74,64.04,155040,0
PKN,60,20221229,160000,64.06,64.24,63.62,64.24,196896,0
PKN,60,20221229,170000,64.24,64.5,64.12,64.5,472366,0
PKN,60,20221230,100000,64.5,64.52,64,64.22,73473,0
PKN,60,20221230,110000,64.18,64.52,64.06,64.34,38368,0
PKN,60,20221230,120000,64.36,64.6,64.32,64.5,32003,0
PKN,60,20221230,130000,64.54,64.56,64.3,64.3,34431,0
PKN,60,20221230,140000,64.3,64.38,64.12,64.18,31266,0
PKN,60,20221230,150000,64.18,64.42,64.12,64.42,31489,0
PKN,60,20221230,160000,64.44,64.54,64.2,64.4,73219,0
PKN,60,20221230,170000,64.38,64.5,64.2,64.24,316454,0
PKN,60,20230102,100000,64.24,65,63.9,64.88,177496,0
PKN,60,20230102,110000,64.88,64.88,64.32,64.5,47567,0
PKN,60,20230102,120000,64.58,64.74,64.2,64.3,53834,0
PKN,60,20230102,130000,64.3,64.68,64.28,64.56,31130,0
PKN,60,20230102,140000,64.58,64.74,64.52,64.74,30190,0
PKN,60,20230102,150000,64.76,64.76,64.28,64.58,38959,0
PKN,60,20230102,160000,64.56,64.62,64.24,64.34,86130,0
PKN,60,20230102,170000,64.36,64.6,64.3,64.6,107278,0
PKN,60,20230103,100000,64.72,65.36,64.6,65.3,172954,0
PKN,60,20230103,110000,65.34,65.58,65.08,65.58,133119,0
PKN,60,20230103,120000,65.58,65.82,65.4,65.72,209098,0
PKN,60,20230103,130000,65.7,65.74,65.3,65.46,153558,0
PKN,60,20230103,140000,65.48,65.54,65.18,65.4,128036,0
PKN,60,20230103,150000,65.38,65.4,64.9,65.14,150363,0
PKN,60,20230103,160000,65.12,65.42,65,65.08,250254,0
PKN,60,20230103,170000,65.08,65.2,64.62,65.2,380091,0
PKN,60,20230104,100000,64.8,65.66,64.7,65.46,233389,0
PKN,60,20230104,110000,65.54,65.98,65.4,65.98,194318,0
PKN,60,20230104,120000,65.96,66.36,65.8,65.86,178329,0
PKN,60,20230104,130000,65.9,66.3,65.88,66.16,176270,0
PKN,60,20230104,140000,66.16,66.16,65.92,66.02,70080,0
PKN,60,20230104,150000,66.06,66.24,65.9,66.14,173774,0
PKN,60,20230104,160000,66.18,66.24,65.5,65.68,254059,0
PKN,60,20230104,170000,65.68,65.8,65.02,65.76,547534,0
PKN,60,20230105,100000,65.2,65.62,64.52,65.3,401488,0
PKN,60,20230105,110000,65.3,65.48,64.9,65.3,227086,0
PKN,60,20230105,120000,65.3,65.38,64.7,64.88,337598,0
PKN,60,20230105,130000,64.88,64.9,64.02,64.02,426378,0
PKN,60,20230105,140000,64.02,64.06,62.4,62.98,1025526,0
PKN,60,20230105,150000,63,63.02,62,62.48,767132,0
PKN,60,20230105,160000,62.44,62.56,61.92,62.28,723791,0
PKN,60,20230105,170000,62.28,62.52,61.94,62.46,1158468,0
PKN,60,20230109,100000,63.42,63.64,61.74,62.18,1013122,0
PKN,60,20230109,110000,62.16,62.3,61.54,61.64,743798,0
PKN,60,20230109,120000,61.66,62.1,61.1,62,957645,0
PKN,60,20230109,130000,62,62.2,61.94,61.96,793950,0
PKN,60,20230109,140000,61.98,62.02,61.9,61.94,222068,0
PKN,60,20230109,150000,61.92,61.98,61.76,61.8,275553,0
PKN,60,20230109,160000,61.8,61.88,61.34,61.8,409337,0
PKN,60,20230109,170000,61.8,62.1,61.6,62,1262323,0
PKN,60,20230110,100000,61.64,62.28,61.28,61.94,1340066,0
PKN,60,20230110,110000,61.92,62,61.62,61.96,182276,0
PKN,60,20230110,120000,61.98,62.54,61.88,62.3,869461,0
PKN,60,20230110,130000,62.3,62.3,61.8,61.88,275291,0
PKN,60,20230110,140000,61.84,61.92,61.62,61.88,160056,0
PKN,60,20230110,150000,61.92,62.1,61.54,62.04,270521,0
PKN,60,20230110,160000,62.04,62.28,61.84,62.1,423343,0
PKN,60,20230110,170000,62.1,62.26,61.82,62,1026207,0
PKN,60,20230111,100000,62.3,64.04,62.3,63.58,678473,0
PKN,60,20230111,110000,63.66,63.84,63.36,63.48,212123,0
PKN,60,20230111,120000,63.48,63.5,62.8,62.84,252464,0
PKN,60,20230111,130000,62.86,62.94,62.42,62.46,296239,0
PKN,60,20230111,140000,62.5,62.5,62.1,62.24,223000,0
PKN,60,20230111,150000,62.22,62.62,62.12,62.28,283054,0
PKN,60,20230111,160000,62.24,62.48,62.16,62.24,308117,0
PKN,60,20230111,170000,62.24,62.42,62,62,701042,0
PKN,60,20230112,100000,62.64,63.22,62.48,63.1,355062,0
PKN,60,20230112,110000,63.1,63.36,62.9,63.26,329286,0
PKN,60,20230112,120000,63.24,63.38,62.92,63.04,203361,0
PKN,60,20230112,130000,63.06,63.24,62.94,63.12,188796,0
PKN,60,20230112,140000,63.1,63.26,62.9,62.92,160761,0
PKN,60,20230112,150000,62.92,63.14,62.48,63.02,293738,0
PKN,60,20230112,160000,63.02,63.2,62.3,62.62,328256,0
PKN,60,20230112,170000,62.66,63.12,62.58,63.12,611246,0
PKN,60,20230113,100000,63.3,63.38,62.86,63.08,196269,0
PKN,60,20230113,110000,63.06,63.08,62.84,62.98,119164,0
PKN,60,20230113,120000,62.96,63.3,62.94,63.24,155656,0
PKN,60,20230113,130000,63.24,63.24,62.88,62.9,112122,0
PKN,60,20230113,140000,62.9,62.98,62.7,62.82,140378,0
PKN,60,20230113,150000,62.84,62.9,62.6,62.72,144961,0
PKN,60,20230113,160000,62.68,62.68,62.4,62.54,293824,0
PKN,60,20230113,170000,62.52,62.7,62.38,62.5,496908,0
PKN,60,20230116,100000,62.74,62.88,61.94,61.96,255549,0
PKN,60,20230116,110000,61.92,62.2,61.62,62.06,247668,0
PKN,60,20230116,120000,62.06,62.76,62,62.76,113449,0
PKN,60,20230116,130000,62.74,62.98,62.62,62.9,101067,0
PKN,60,20230116,140000,62.92,62.92,62.66,62.88,86912,0
PKN,60,20230116,150000,62.86,63.14,62.82,63.06,115319,0
PKN,60,20230116,160000,63.06,63.58,63.04,63.32,284176,0
PKN,60,20230116,170000,63.3,63.36,63.04,63.3,418155,0
PKN,60,20230117,100000,63.04,63.34,62.54,62.8,141447,0
PKN,60,20230117,110000,62.78,63.1,62.62,62.66,173422,0
PKN,60,20230117,120000,62.66,62.76,62.2,62.26,205024,0
PKN,60,20230117,130000,62.28,62.34,61.92,62.2,333121,0
PKN,60,20230117,140000,62.24,62.32,62,62.14,107681,0
PKN,60,20230117,150000,62.14,62.46,62.14,62.14,138832,0
PKN,60,20230117,160000,62.16,62.56,62.1,62.54,148962,0
PKN,60,20230117,170000,62.54,62.7,62.28,62.46,514174,0
PKN,60,20230118,100000,62.38,62.86,62.26,62.52,243508,0
PKN,60,20230118,110000,62.54,62.84,62.4,62.66,166479,0
PKN,60,20230118,120000,62.68,62.84,62.5,62.8,195634,0
PKN,60,20230118,130000,62.8,62.84,62.58,62.62,136242,0
PKN,60,20230118,140000,62.62,62.92,62.42,62.88,143857,0
PKN,60,20230118,150000,62.88,63.8,62.86,63.56,338806,0
PKN,60,20230118,160000,63.6,63.96,63.56,63.88,393754,0
PKN,60,20230118,170000,63.88,64.08,63.72,63.86,581860,0
PKN,60,20230119,100000,62.9,63.68,62.8,63.32,228671,0
PKN,60,20230119,110000,63.34,63.68,63.14,63.16,179769,0
PKN,60,20230119,120000,63.16,63.24,62.72,63.08,172160,0
PKN,60,20230119,130000,63.08,63.1,62.68,62.76,94651,0
PKN,60,20230119,140000,62.78,62.94,62.54,62.54,164435,0
PKN,60,20230119,150000,62.6,62.96,62.52,62.88,132680,0
PKN,60,20230119,160000,62.88,63.46,62.82,63.42,208163,0
PKN,60,20230119,170000,63.46,63.56,63.1,63.3,470312,0
PKN,60,20230120,100000,63.64,63.96,63.3,63.72,116149,0
PKN,60,20230120,110000,63.66,63.7,63.38,63.38,64601,0
PKN,60,20230120,120000,63.4,63.4,63.12,63.28,70612,0
PKN,60,20230120,130000,63.26,63.32,63,63.06,37886,0
PKN,60,20230120,140000,63.02,63.7,63.02,63.44,69403,0
PKN,60,20230120,150000,63.48,63.6,63.3,63.3,57608,0
PKN,60,20230120,160000,63.3,63.62,63.2,63.38,88697,0
PKN,60,20230120,170000,63.36,63.76,63.26,63.64,425832,0
PKN,60,20230123,100000,63.8,64.08,63.58,63.82,104628,0
PKN,60,20230123,110000,63.78,64.2,63.7,64.14,82339,0
PKN,60,20230123,120000,64.14,65.12,64.12,65.04,467518,0
PKN,60,20230123,130000,65.04,65.22,64.84,64.96,201871,0
PKN,60,20230123,140000,64.96,65.2,64.86,64.96,156491,0
PKN,60,20230123,150000,64.96,65,64.62,64.84,87709,0
PKN,60,20230123,160000,64.84,64.98,64.5,64.94,175289,0
PKN,60,20230123,170000,64.96,64.98,64.82,64.98,635857,0
PKN,60,20230124,100000,65.1,66.2,65.06,66.14,440759,0
PKN,60,20230124,110000,66.12,66.14,65.6,65.68,162079,0
PKN,60,20230124,120000,65.7,65.82,65.48,65.74,110026,0
PKN,60,20230124,130000,65.7,65.92,65.58,65.8,82758,0
PKN,60,20230124,140000,65.8,65.9,65.56,65.86,88976,0
PKN,60,20230124,150000,65.84,65.9,65.24,65.36,105235,0
PKN,60,20230124,160000,65.26,65.36,64.7,64.8,175890,0
PKN,60,20230124,170000,64.8,64.9,64.46,64.84,384881,0
PKN,60,20230125,100000,64.84,64.98,64.4,64.98,177577,0
PKN,60,20230125,110000,65,65.5,64.96,65.3,164358,0
PKN,60,20230125,120000,65.34,65.34,64.56,64.7,144871,0
PKN,60,20230125,130000,64.66,64.7,64.34,64.54,129198,0
PKN,60,20230125,140000,64.5,64.58,64.4,64.42,54782,0
PKN,60,20230125,150000,64.4,64.74,64.14,64.18,152795,0
PKN,60,20230125,160000,64.18,64.46,64.12,64.12,168291,0
PKN,60,20230125,170000,64.12,64.44,63.84,64.36,414061,0
PKN,60,20230126,100000,65.2,65.36,64.9,65,103003,0
PKN,60,20230126,110000,65.02,65.14,64.88,65.04,67854,0
PKN,60,20230126,120000,65.02,65.1,64.92,64.92,95001,0
PKN,60,20230126,130000,64.96,65.04,64.92,65,74134,0
PKN,60,20230126,140000,65,65.44,65,65.3,217514,0
PKN,60,20230126,150000,65.3,65.38,64.92,65.28,151826,0
PKN,60,20230126,160000,65.32,65.6,65.14,65.26,199436,0
PKN,60,20230126,170000,65.24,65.44,65.02,65.12,448172,0
PKN,60,20230127,100000,65.5,67.08,65.4,66.92,1012734,0
PKN,60,20230127,110000,66.9,67.06,66.66,67.02,368634,0
PKN,60,20230127,120000,67.02,67.04,66.44,66.68,254855,0
PKN,60,20230127,130000,66.66,67.36,66.48,67.3,415656,0
PKN,60,20230127,140000,67.28,67.34,66.92,67.08,145644,0
PKN,60,20230127,150000,67.08,67.3,66.98,67.28,182757,0
PKN,60,20230127,160000,67.28,67.58,67.28,67.44,399060,0
PKN,60,20230127,170000,67.46,67.6,67.34,67.56,633680,0
PKN,60,20230130,100000,67.54,67.54,66.06,66.56,370757,0
PKN,60,20230130,110000,66.56,66.68,65.9,65.96,199338,0
PKN,60,20230130,120000,65.96,66.12,65.84,65.96,183430,0
PKN,60,20230130,130000,65.96,66.46,65.96,66.46,112637,0
PKN,60,20230130,140000,66.46,66.52,66.12,66.24,102895,0
PKN,60,20230130,150000,66.3,66.36,65.9,65.94,156560,0
PKN,60,20230130,160000,65.94,66.04,65.6,65.66,303858,0
PKN,60,20230130,170000,65.62,65.98,65.58,65.94,601892,0
PKN,60,20230131,100000,65.94,65.94,65.1,65.34,293679,0
PKN,60,20230131,110000,65.3,65.54,65.18,65.2,189836,0
PKN,60,20230131,120000,65.16,65.2,64.92,64.94,304167,0
PKN,60,20230131,130000,64.96,65.02,64.56,64.76,208641,0
PKN,60,20230131,140000,64.74,65.06,64.66,64.96,156822,0
PKN,60,20230131,150000,64.96,66.06,64.92,65.36,286334,0
PKN,60,20230131,160000,65.36,65.36,64.78,64.86,291488,0
PKN,60,20230131,170000,64.86,65.24,64.7,64.92,1098239,0
PKN,60,20230201,100000,64.94,65.82,63.6,63.7,678863,0
PKN,60,20230201,110000,63.78,63.98,63.18,63.98,500016,0
PKN,60,20230201,120000,63.98,64.46,63.8,64.28,268805,0
PKN,60,20230201,130000,64.3,64.62,64.2,64.24,192220,0
PKN,60,20230201,140000,64.24,64.32,63.94,64.16,169451,0
PKN,60,20230201,150000,64.16,64.26,63.7,63.8,173417,0
PKN,60,20230201,160000,63.8,63.96,63.5,63.6,224478,0
PKN,60,20230201,170000,63.58,63.58,62.74,62.88,1231871,0
PKN,60,20230202,100000,63.5,64.1,62.86,63.06,486163,0
PKN,60,20230202,110000,63.04,63.28,62.6,63.24,234728,0
PKN,60,20230202,120000,63.24,63.26,62.84,62.98,148532,0
PKN,60,20230202,130000,62.98,62.98,62.6,62.88,153433,0
PKN,60,20230202,140000,62.88,63.28,62.78,63.26,171991,0
PKN,60,20230202,150000,63.2,64.18,63.2,64.1,335649,0
PKN,60,20230202,160000,64.1,64.1,63.9,64,400895,0
PKN,60,20230202,170000,63.98,64.04,63.54,63.56,704394,0
PKN,60,20230203,100000,63.3,63.42,62.7,63.42,220189,0
PKN,60,20230203,110000,63.36,64,63.18,63.66,79369,0
PKN,60,20230203,120000,63.62,63.68,63.2,63.52,121626,0
PKN,60,20230203,130000,63.52,63.52,63.16,63.28,59845,0
PKN,60,20230203,140000,63.24,63.54,63.1,63.26,70179,0
PKN,60,20230203,150000,63.18,63.3,63,63.12,95193,0
PKN,60,20230203,160000,63.12,63.42,62.88,63.14,150846,0
PKN,60,20230203,170000,63.14,63.58,63.04,63.04,552006,0
PKN,60,20230206,100000,63.2,63.54,62.88,63.06,140821,0
PKN,60,20230206,110000,63.06,63.3,62.9,63,164176,0
PKN,60,20230206,120000,62.94,63.1,62.68,62.94,137908,0
PKN,60,20230206,130000,62.88,62.96,62.74,62.84,70032,0
PKN,60,20230206,140000,62.84,63.4,62.84,63.36,61256,0
PKN,60,20230206,150000,63.36,63.38,62.72,62.8,144873,0
PKN,60,20230206,160000,62.76,62.94,62.5,62.56,196471,0
PKN,60,20230206,170000,62.54,62.62,62,62.04,572272,0
PKN,60,20230207,100000,62.5,62.66,61.92,61.98,226507,0
PKN,60,20230207,110000,61.98,62.34,61.82,62.32,76626,0
PKN,60,20230207,120000,62.32,62.48,62.22,62.38,58362,0
PKN,60,20230207,130000,62.38,62.38,61.92,62.12,100859,0
PKN,60,20230207,140000,62.14,62.28,62.04,62.1,67035,0
PKN,60,20230207,150000,62.1,62.24,62.08,62.14,130482,0
PKN,60,20230207,160000,62.12,62.18,61.64,62.04,358703,0
PKN,60,20230207,170000,62.04,62.62,61.9,62.62,472477,0
PKN,60,20230208,100000,63.5,64.44,63.5,64.4,230141,0
PKN,60,20230208,110000,64.42,64.86,64.26,64.82,238881,0
PKN,60,20230208,120000,64.82,65.12,64.62,64.9,254679,0
PKN,60,20230208,130000,64.9,64.92,64.4,64.68,109559,0
PKN,60,20230208,140000,64.66,64.74,64.34,64.62,111611,0
PKN,60,20230208,150000,64.62,64.98,64.62,64.98,127376,0
PKN,60,20230208,160000,64.96,65,64.66,64.7,128566,0
PKN,60,20230208,170000,64.7,64.72,64.2,64.5,487140,0
PKN,60,20230209,100000,64.5,65.12,64.4,64.58,223781,0
PKN,60,20230209,110000,64.58,64.7,64.18,64.3,79309,0
PKN,60,20230209,120000,64.3,64.54,64.2,64.38,78267,0
PKN,60,20230209,130000,64.34,64.42,64.2,64.34,69931,0
PKN,60,20230209,140000,64.3,64.38,64.16,64.18,64766,0
PKN,60,20230209,150000,64.16,64.24,64,64.12,98095,0
PKN,60,20230209,160000,64.16,64.22,63.58,63.76,172890,0
PKN,60,20230209,170000,63.76,64.18,63.64,64.18,355089,0
PKN,60,20230210,100000,63.8,64,63.46,63.74,88065,0
PKN,60,20230210,110000,63.76,63.92,63.4,63.42,77897,0
PKN,60,20230210,120000,63.42,63.44,62.86,63.1,172223,0
PKN,60,20230210,130000,63.12,63.14,62.56,62.98,210464,0
PKN,60,20230210,140000,62.98,63.02,62.8,62.88,140063,0
PKN,60,20230210,150000,62.86,63.16,62.7,63.04,118709,0
PKN,60,20230210,160000,63,63.48,62.66,63.46,186183,0
PKN,60,20230210,170000,63.4,63.7,63.3,63.5,386530,0
PKN,60,20230213,100000,63.68,63.98,63,63.28,108329,0
PKN,60,20230213,110000,63.28,63.32,62.76,63.02,156057,0
PKN,60,20230213,120000,63,63.06,62.46,62.54,164107,0
PKN,60,20230213,130000,62.56,63.3,62.56,63.3,58938,0
PKN,60,20230213,140000,63.3,63.48,63.1,63.42,56563,0
PKN,60,20230213,150000,63.4,63.5,63.12,63.26,102529,0
PKN,60,20230213,160000,63.34,63.46,63.08,63.3,133262,0
PKN,60,20230213,170000,63.3,63.44,63.2,63.42,290807,0
PKN,60,20230214,100000,63.7,64,63.42,63.46,70829,0
PKN,60,20230214,110000,63.4,63.72,63.36,63.52,43512,0
PKN,60,20230214,120000,63.48,63.62,63.3,63.58,86415,0
PKN,60,20230214,130000,63.56,63.7,63.4,63.56,55943,0
PKN,60,20230214,140000,63.56,63.82,63.5,63.76,50627,0
PKN,60,20230214,150000,63.76,63.76,63.04,63.12,80651,0
PKN,60,20230214,160000,63.06,63.42,62.82,63.38,118753,0
PKN,60,20230214,170000,63.38,63.72,63.36,63.62,367760,0
PKN,60,20230215,100000,63.68,63.68,63.06,63.34,63140,0
PKN,60,20230215,110000,63.36,63.64,63.12,63.32,58323,0
PKN,60,20230215,120000,63.28,63.72,63.2,63.58,98386,0
PKN,60,20230215,130000,63.52,63.7,63.34,63.56,41517,0
PKN,60,20230215,140000,63.56,63.64,63.36,63.36,62775,0
PKN,60,20230215,150000,63.4,63.5,63.2,63.28,117519,0
PKN,60,20230215,160000,63.28,63.66,63.22,63.4,99775,0
PKN,60,20230215,170000,63.44,63.8,63.42,63.8,403177,0
PKN,60,20230216,100000,63.74,64.48,63.74,63.9,172966,0
PKN,60,20230216,110000,63.9,63.92,63.2,63.42,164779,0
PKN,60,20230216,120000,63.42,63.68,63.26,63.62,90082,0
PKN,60,20230216,130000,63.62,63.74,63.42,63.42,49013,0
PKN,60,20230216,140000,63.46,63.46,63.1,63.38,104813,0
PKN,60,20230216,150000,63.42,63.46,63.02,63.06,79678,0
PKN,60,20230216,160000,63.04,63.54,62.82,63.3,140617,0
PKN,60,20230216,170000,63.36,63.44,63,63.3,218764,0
PKN,60,20230217,100000,63.2,63.7,62.92,63.52,125011,0
PKN,60,20230217,110000,63.54,63.68,63.1,63.32,110592,0
PKN,60,20230217,120000,63.32,63.34,62.94,63.3,132374,0
PKN,60,20230217,130000,63.32,63.42,63.2,63.28,72367,0
PKN,60,20230217,140000,63.28,63.6,63.22,63.46,75586,0
PKN,60,20230217,150000,63.46,63.54,63.26,63.44,88827,0
PKN,60,20230217,160000,63.46,63.58,63.12,63.16,128036,0
PKN,60,20230217,170000,63.2,63.38,63.14,63.3,267473,0
PKN,60,20230220,100000,63.46,63.62,62.82,63,153681,0
PKN,60,20230220,110000,63.02,63.16,62.84,63.08,71513,0
PKN,60,20230220,120000,63.08,63.18,62.9,63.18,94925,0
PKN,60,20230220,130000,63.12,63.36,63.1,63.26,29726,0
PKN,60,20230220,140000,63.24,63.24,63.04,63.1,39186,0
PKN,60,20230220,150000,63.1,63.28,62.9,63.28,67459,0
PKN,60,20230220,160000,63.22,63.28,63.08,63.18,64240,0
PKN,60,20230220,170000,63.18,63.5,63.14,63.24,97449,0
PKN,60,20230221,100000,63.2,63.58,62.66,62.9,175283,0
PKN,60,20230221,110000,62.88,63,62.3,62.84,132412,0
PKN,60,20230221,120000,62.82,63.16,62.82,63.08,92202,0
PKN,60,20230221,130000,63.04,63.18,62.96,63.06,55006,0
PKN,60,20230221,140000,63.02,63.08,62.82,62.86,62893,0
PKN,60,20230221,150000,62.86,62.92,62.54,62.68,89058,0
PKN,60,20230221,160000,62.62,63.02,62.6,62.84,150616,0
PKN,60,20230221,170000,62.84,63.06,62.68,62.8,230819,0
PKN,60,20230222,100000,62.86,62.9,61.86,62.02,299504,0
PKN,60,20230222,110000,62,62.18,61.52,61.74,241841,0
PKN,60,20230222,120000,61.78,62,61.64,61.78,118906,0
PKN,60,20230222,130000,61.78,61.92,61.5,61.68,153828,0
PKN,60,20230222,140000,61.66,62.1,61.62,61.9,82536,0
PKN,60,20230222,150000,61.9,62.34,61.76,62.3,120070,0
PKN,60,20230222,160000,62.3,62.78,62.22,62.6,154268,0
PKN,60,20230222,170000,62.6,62.66,62.04,62.4,446792,0
PKN,60,20230223,100000,62.46,63.5,62.42,63.26,207317,0
PKN,60,20230223,110000,63.26,63.54,62.94,63.02,120453,0
PKN,60,20230223,120000,63.02,63.14,62.82,63,109181,0
PKN,60,20230223,130000,63,63.3,62.9,63.2,97923,0
PKN,60,20230223,140000,63.14,63.32,62.98,63.2,137710,0
PKN,60,20230223,150000,63.22,63.48,63.14,63.26,117532,0
PKN,60,20230223,160000,63.24,63.7,63.2,63.56,219922,0
PKN,60,20230223,170000,63.56,64.32,63.44,64.2,618882,0
PKN,60,20230224,100000,64.5,64.92,63.16,63.42,564129,0
PKN,60,20230224,110000,63.36,63.72,63.16,63.36,141853,0
PKN,60,20230224,120000,63.38,63.46,62.82,63.02,143151,0
PKN,60,20230224,130000,63.06,63.16,62.58,62.82,125442,0
PKN,60,20230224,140000,62.82,62.9,62.46,62.62,128210,0
PKN,60,20230224,150000,62.6,62.72,62.1,62.46,165893,0
PKN,60,20230224,160000,62.42,62.52,62.16,62.26,183271,0
PKN,60,20230224,170000,62.26,62.8,62.22,62.56,423706,0
PKN,60,20230227,100000,62.56,63.1,62.56,62.92,110357,0
PKN,60,20230227,110000,62.9,63.02,62.74,62.9,86134,0
PKN,60,20230227,120000,62.92,62.96,62.64,62.82,51607,0
PKN,60,20230227,130000,62.82,63.1,62.64,62.8,76495,0
PKN,60,20230227,140000,62.82,62.96,62.68,62.94,53446,0
PKN,60,20230227,150000,62.92,63,62.64,62.88,122944,0
PKN,60,20230227,160000,62.86,62.9,62.66,62.88,108447,0
PKN,60,20230227,170000,62.88,63.22,62.82,63.04,229327,0
PKN,60,20230228,100000,63.38,63.38,62.64,62.74,126560,0
PKN,60,20230228,110000,62.74,62.92,62.68,62.84,84106,0
PKN,60,20230228,120000,62.78,62.98,62.72,62.92,82189,0
PKN,60,20230228,130000,62.94,63.1,62.76,62.92,84631,0
PKN,60,20230228,140000,62.92,66.52,62.82,66.18,1620149,0
PKN,60,20230228,150000,66.2,66.58,65.78,66.5,970460,0
PKN,60,20230228,160000,66.5,66.52,65.56,65.78,497333,0
PKN,60,20230228,170000,65.76,66.86,65.68,66.66,2928149,0
PKN,60,20230301,100000,66.66,66.68,65.72,66.48,1099792,0
PKN,60,20230301,110000,66.52,66.68,66.02,66.68,690061,0
PKN,60,20230301,120000,66.68,67.38,66.66,67.06,419717,0
PKN,60,20230301,130000,67.06,67.6,67,67.54,431140,0
PKN,60,20230301,140000,67.54,67.54,66.64,66.8,280182,0
PKN,60,20230301,150000,66.78,66.84,66.22,66.3,259436,0
PKN,60,20230301,160000,66.3,66.58,66.12,66.26,344524,0
PKN,60,20230301,170000,66.32,66.52,66.02,66.28,736232,0
PKN,60,20230302,100000,65.28,65.82,64.38,64.78,652811,0
PKN,60,20230302,110000,64.78,65.08,64.58,65,148488,0
PKN,60,20230302,120000,65,65.56,64.96,65.3,369390,0
PKN,60,20230302,130000,65.3,65.5,65.18,65.2,149947,0
PKN,60,20230302,140000,65.22,65.24,64.82,65.1,116598,0
PKN,60,20230302,150000,65.1,65.3,64.8,65.16,139216,0
PKN,60,20230302,160000,65.12,65.38,65.1,65.26,173854,0
PKN,60,20230302,170000,65.24,65.38,64.8,65.16,399535,0
PKN,60,20230303,100000,65.2,65.6,64.96,65.56,121705,0
PKN,60,20230303,110000,65.54,65.6,65.02,65.08,130569,0
PKN,60,20230303,120000,65.12,65.48,65.08,65.46,48685,0
PKN,60,20230303,130000,65.44,65.56,65.42,65.52,52540,0
PKN,60,20230303,140000,65.5,65.64,65.38,65.62,112763,0
PKN,60,20230303,150000,65.66,65.82,65.34,65.38,112293,0
PKN,60,20230303,160000,65.34,65.76,65.16,65.68,292740,0
PKN,60,20230303,170000,65.66,65.8,65.42,65.6,316613,0
PKN,60,20230306,100000,66,66.4,65.74,66.16,196398,0
PKN,60,20230306,110000,66.16,66.2,65.72,65.94,111070,0
PKN,60,20230306,120000,65.96,66,65.64,65.84,82576,0
PKN,60,20230306,130000,65.84,65.88,65.52,65.52,68111,0
PKN,60,20230306,140000,65.5,65.82,65.5,65.76,43660,0
PKN,60,20230306,150000,65.76,66.2,65.6,66.08,97261,0
PKN,60,20230306,160000,66.06,66.2,65.94,66.06,146675,0
PKN,60,20230306,170000,66.06,66.48,66.06,66.34,544021,0
PKN,60,20230307,100000,65.7,65.82,65.12,65.36,370383,0
PKN,60,20230307,110000,65.36,65.8,65.34,65.66,176659,0
PKN,60,20230307,120000,65.66,66.04,65.6,66,218312,0
PKN,60,20230307,130000,66.04,66.06,65.7,65.86,129613,0
PKN,60,20230307,140000,65.86,65.9,65.5,65.68,278652,0
PKN,60,20230307,150000,65.68,65.88,65.56,65.62,67709,0
PKN,60,20230307,160000,65.6,65.7,65.36,65.4,134210,0
PKN,60,20230307,170000,65.42,65.42,65.06,65.1,435172,0
PKN,60,20230308,100000,64.7,65,64.46,64.62,237130,0
PKN,60,20230308,110000,64.58,64.62,64.4,64.5,100728,0
PKN,60,20230308,120000,64.5,64.7,64.32,64.64,123807,0
PKN,60,20230308,130000,64.64,64.8,64.56,64.68,98405,0
PKN,60,20230308,140000,64.66,64.82,64.46,64.56,95861,0
PKN,60,20230308,150000,64.54,64.76,64.5,64.56,121739,0
PKN,60,20230308,160000,64.58,64.94,64.4,64.88,161283,0
PKN,60,20230308,170000,64.88,65.3,64.8,65.16,554991,0
PKN,60,20230309,100000,64.5,64.92,64.38,64.6,145574,0
PKN,60,20230309,110000,64.6,64.6,63.9,64,220543,0
PKN,60,20230309,120000,64,64.1,63.82,64,128681,0
PKN,60,20230309,130000,63.98,64.08,63.84,63.88,77331,0
PKN,60,20230309,140000,63.88,64.02,63.72,63.94,94607,0
PKN,60,20230309,150000,63.94,64.14,63.72,63.98,119422,0
PKN,60,20230309,160000,64,64.16,63.82,63.94,198065,0
PKN,60,20230309,170000,63.96,63.98,63.46,63.48,627826,0
PKN,60,20230310,100000,63,63.04,62.38,62.42,383825,0
PKN,60,20230310,110000,62.46,62.88,62.44,62.74,151981,0
PKN,60,20230310,120000,62.74,62.9,62.52,62.58,113022,0
PKN,60,20230310,130000,62.56,62.64,62.38,62.56,141187,0
PKN,60,20230310,140000,62.56,62.7,62.46,62.6,71370,0
PKN,60,20230310,150000,62.58,62.64,62.26,62.52,181245,0
PKN,60,20230310,160000,62.5,62.6,62.18,62.3,221981,0
PKN,60,20230310,170000,62.3,62.5,62.22,62.46,435312,0
PKN,60,20230313,100000,62.8,63,61.28,61.6,373388,0
PKN,60,20230313,110000,61.58,61.7,60.54,60.72,361261,0
PKN,60,20230313,120000,60.72,60.9,60,60.4,436757,0
PKN,60,20230313,130000,60.4,60.7,59.94,60,294063,0
PKN,60,20230313,140000,60.02,60.12,59.22,59.48,368878,0
PKN,60,20230313,150000,59.48,59.96,58.88,59.88,328348,0
PKN,60,20230313,160000,59.88,60.4,59.5,60.26,404439,0
PKN,60,20230313,170000,60.24,60.58,59.98,59.98,738304,0
PKN,60,20230314,100000,59.98,60.12,58.94,59.32,487384,0
PKN,60,20230314,110000,59.32,59.52,58.88,59.38,182504,0
PKN,60,20230314,120000,59.38,59.4,58.88,58.9,184306,0
PKN,60,20230314,130000,58.9,59.14,58.84,59.08,169719,0
PKN,60,20230314,140000,59.08,59.88,59,59.74,242301,0
PKN,60,20230314,150000,59.72,60.2,59.4,60.14,411147,0
PKN,60,20230314,160000,60.14,60.26,59.52,59.58,239197,0
PKN,60,20230314,170000,59.58,60.1,59.42,59.72,493807,0
PKN,60,20230315,100000,59.82,60,59.3,59.46,233810,0
PKN,60,20230315,110000,59.38,59.46,58.48,58.6,281020,0
PKN,60,20230315,120000,58.62,58.72,57.24,57.42,586480,0
PKN,60,20230315,130000,57.48,57.8,57.26,57.36,219985,0
PKN,60,20230315,140000,57.38,57.38,56.82,56.9,378153,0
PKN,60,20230315,150000,56.9,57,56.42,56.44,371145,0
PKN,60,20230315,160000,56.46,57.22,56.42,56.96,321374,0
PKN,60,20230315,170000,56.94,57.08,56.46,56.46,1036021,0
PKN,60,20230316,100000,57,57.26,56.04,56.34,517919,0
PKN,60,20230316,110000,56.32,56.38,55.52,56.12,353447,0
PKN,60,20230316,120000,56.1,56.16,55.48,55.52,326932,0
PKN,60,20230316,130000,55.52,55.54,55,55.1,456931,0
PKN,60,20230316,140000,55.08,55.44,54.64,55.42,432617,0
PKN,60,20230316,150000,55.44,55.52,54.5,55,749991,0
PKN,60,20230316,160000,55,55,54.04,54.98,890407,0
PKN,60,20230316,170000,54.98,55.9,54.94,55.52,1340701,0
PKN,60,20230317,100000,56,57.36,56,56.88,627964,0
PKN,60,20230317,110000,56.94,57.16,56.28,57.1,228753,0
PKN,60,20230317,120000,57.1,57.14,56.5,56.72,303347,0
PKN,60,20230317,130000,56.72,56.72,55.54,55.86,285963,0
PKN,60,20230317,140000,55.88,55.9,55.4,55.58,165200,0
PKN,60,20230317,150000,55.58,56.16,55.54,55.66,506002,0
PKN,60,20230317,160000,55.74,56.04,55.26,55.7,449240,0
PKN,60,20230317,170000,55.7,55.82,55.28,55.44,2996636,0
PKN,60,20230320,100000,55.1,55.3,53.38,54.48,644764,0
PKN,60,20230320,110000,54.48,54.96,54.12,54.68,250426,0
PKN,60,20230320,120000,54.58,55.32,54.32,55.06,361709,0
PKN,60,20230320,130000,55.1,55.2,54.84,55,118013,0
PKN,60,20230320,140000,55,55.56,54.72,55.52,119790,0
PKN,60,20230320,150000,55.58,55.92,54.86,55.4,243795,0
PKN,60,20230320,160000,55.36,55.6,54.96,55.2,356662,0
PKN,60,20230320,170000,55.18,55.9,55.12,55.68,566278,0
PKN,60,20230321,100000,56.2,57.7,56.2,57.6,542989,0
PKN,60,20230321,110000,57.6,58.08,57.52,58.02,378269,0
PKN,60,20230321,120000,58.08,58.16,57.88,58,241118,0
PKN,60,20230321,130000,58,58.06,57.74,58.04,133886,0
PKN,60,20230321,140000,58.04,58.28,57.92,57.92,231987,0
PKN,60,20230321,150000,57.98,58.2,57.8,58.16,192560,0
PKN,60,20230321,160000,58.16,58.24,57.4,57.72,340181,0
PKN,60,20230321,170000,57.7,58,57.44,57.84,522441,0
PKN,60,20230322,100000,58.02,58.1,57.16,57.54,193139,0
PKN,60,20230322,110000,57.56,58,57.38,57.98,95503,0
PKN,60,20230322,120000,57.96,58.2,57.84,58.16,82060,0
PKN,60,20230322,130000,58.16,58.16,57.9,58,73572,0
PKN,60,20230322,140000,58.04,58.34,57.44,57.58,169259,0
PKN,60,20230322,150000,57.58,58,57.46,57.5,191445,0
PKN,60,20230322,160000,57.48,57.7,57.26,57.64,378679,0
PKN,60,20230322,170000,57.64,57.9,57.52,57.7,268824,0
PKN,60,20230323,100000,57.44,57.72,56.72,57.08,160231,0
PKN,60,20230323,110000,57.06,57.08,56.52,56.78,170270,0
PKN,60,20230323,120000,56.78,56.82,56.58,56.76,70615,0
PKN,60,20230323,130000,56.76,57.04,56.74,56.9,61683,0
PKN,60,20230323,140000,56.9,57.26,56.8,57.2,66937,0
PKN,60,20230323,150000,57.2,57.66,57.02,57.56,152816,0
PKN,60,20230323,160000,57.54,57.98,57.12,57.94,159963,0
PKN,60,20230323,170000,57.98,58.14,57.46,57.62,304289,0
PKN,60,20230324,100000,57.3,57.44,56.24,56.52,151531,0
PKN,60,20230324,110000,56.52,56.78,55.96,56.08,157072,0
PKN,60,20230324,120000,56.14,56.3,55.82,56.18,216051,0
PKN,60,20230324,130000,56.12,56.32,55.68,56.12,100463,0
PKN,60,20230324,140000,56.1,56.5,55.92,56.5,57984,0
PKN,60,20230324,150000,56.46,56.78,56.18,56.34,90815,0
PKN,60,20230324,160000,56.34,56.6,56,56.22,249640,0
PKN,60,20230324,170000,56.22,56.42,56.02,56.26,431529,0
PKN,60,20230327,100000,57.04,57.4,55.9,56.1,165696,0
PKN,60,20230327,110000,56.08,56.8,56.04,56.46,143546,0
PKN,60,20230327,120000,56.46,56.7,56.46,56.68,81567,0
PKN,60,20230327,130000,56.72,57.2,56.72,57.16,103026,0
PKN,60,20230327,140000,57.12,57.2,56.76,56.88,93474,0
PKN,60,20230327,150000,56.86,57.1,56.86,57.06,59370,0
PKN,60,20230327,160000,57.04,57.26,56.76,56.92,109040,0
PKN,60,20230327,170000,56.88,57.06,56.62,56.78,188840,0
PKN,60,20230328,100000,57.4,57.66,57.06,57.14,207675,0
PKN,60,20230328,110000,57.14,57.44,56.98,57.02,106560,0
PKN,60,20230328,120000,57.06,57.14,56.72,56.78,98286,0
PKN,60,20230328,130000,56.72,57.04,56.72,56.94,86723,0
PKN,60,20230328,140000,56.94,57.2,56.94,57.14,98676,0
PKN,60,20230328,150000,57.1,57.12,56.52,56.7,186963,0
PKN,60,20230328,160000,56.7,56.88,56.4,56.72,235515,0
PKN,60,20230328,170000,56.72,57.08,56.58,56.98,757281,0
PKN,60,20230329,100000,57.06,57.46,56.7,56.72,229968,0
PKN,60,20230329,110000,56.74,56.94,56.48,56.86,162447,0
PKN,60,20230329,120000,56.82,57.16,56.8,57.02,191048,0
PKN,60,20230329,130000,57.04,57.2,56.86,57.12,183773,0
PKN,60,20230329,140000,57.12,57.4,57.08,57.2,153218,0
PKN,60,20230329,150000,57.18,57.32,56.66,56.76,203728,0
PKN,60,20230329,160000,56.76,56.96,56.68,56.78,279574,0
PKN,60,20230329,170000,56.78,57.22,56.72,56.86,636778,0
PKN,60,20230330,100000,57.1,58.1,56.86,58.08,430016,0
PKN,60,20230330,110000,58.1,58.3,57.94,58.08,207971,0
PKN,60,20230330,120000,58.04,58.24,57.88,58.06,113667,0
PKN,60,20230330,130000,58,58.7,58,58.62,252122,0
PKN,60,20230330,140000,58.66,58.66,58.3,58.38,139837,0
PKN,60,20230330,150000,58.38,58.64,58.36,58.5,116702,0
PKN,60,20230330,160000,58.5,58.64,58.34,58.58,146169,0
PKN,60,20230330,170000,58.58,58.62,58.1,58.36,461285,0
PKN,60,20230331,100000,58.64,58.94,57.96,58.26,205700,0
PKN,60,20230331,110000,58.26,58.3,57.82,58.08,110608,0
PKN,60,20230331,120000,58.08,58.36,58.04,58.2,91307,0
PKN,60,20230331,130000,58.22,58.34,58.04,58.06,85789,0
PKN,60,20230331,140000,58.04,58.32,58.04,58.2,101482,0
PKN,60,20230331,150000,58.2,58.3,58.1,58.18,91245,0
PKN,60,20230331,160000,58.18,58.44,58.14,58.14,226488,0
PKN,60,20230331,170000,58.16,58.28,57.96,58.24,744813,0
PKN,60,20230403,100000,58.96,60.9,58.9,60.52,494743,0
PKN,60,20230403,110000,60.54,60.66,60.28,60.5,123825,0
PKN,60,20230403,120000,60.5,60.7,60.12,60.24,127814,0
PKN,60,20230403,130000,60.26,60.28,59.92,60.12,174868,0
PKN,60,20230403,140000,60.16,60.28,59.8,60.26,138105,0
PKN,60,20230403,150000,60.28,60.28,59.8,59.96,114738,0
PKN,60,20230403,160000,59.98,60.24,59.6,60.04,123798,0
PKN,60,20230403,170000,60.06,60.14,59.78,59.78,256687,0
PKN,60,20230404,100000,60.26,60.54,59.68,59.94,170303,0
PKN,60,20230404,110000,59.94,60.06,59.86,59.96,123151,0
PKN,60,20230404,120000,59.92,60.16,59.86,60.1,96943,0
PKN,60,20230404,130000,60.06,60.52,60.06,60.4,149147,0
PKN,60,20230404,140000,60.38,60.48,60.22,60.26,59429,0
PKN,60,20230404,150000,60.26,60.42,60.14,60.32,59194,0
PKN,60,20230404,160000,60.26,60.48,59.98,60,140275,0
PKN,60,20230404,170000,60,60.08,59.3,59.3,514699,0
PKN,60,20230405,100000,59.3,59.5,58.04,59.1,200725,0
PKN,60,20230405,110000,59.16,59.22,58.94,59.02,100945,0
PKN,60,20230405,120000,59.02,59.16,58.9,58.94,45797,0
PKN,60,20230405,130000,58.92,58.92,58.44,58.58,86118,0
PKN,60,20230405,140000,58.58,58.6,58.28,58.36,100573,0
PKN,60,20230405,150000,58.38,58.9,58.28,58.9,112071,0
PKN,60,20230405,160000,58.88,58.94,58.5,58.68,118201,0
PKN,60,20230405,170000,58.68,58.98,58.3,58.98,582390,0
PKN,60,20230406,100000,58.98,59.38,58.7,59.04,145946,0
PKN,60,20230406,110000,59.04,59.2,58.76,58.94,68889,0
PKN,60,20230406,120000,58.98,59.04,58.74,58.92,36815,0
PKN,60,20230406,130000,58.88,58.94,58.64,58.78,47575,0
PKN,60,20230406,140000,58.78,58.98,58.72,58.88,111385,0
PKN,60,20230406,150000,58.92,59.1,58.84,58.94,137905,0
PKN,60,20230406,160000,58.92,58.92,58.64,58.78,80305,0
PKN,60,20230406,170000,58.8,58.98,58.5,58.6,216480,0
PKN,60,20230411,100000,59.12,60.18,59.12,59.98,275418,0
PKN,60,20230411,110000,59.94,60.06,59.66,60,144421,0
PKN,60,20230411,120000,59.96,60.48,59.7,60.38,192401,0
PKN,60,20230411,130000,60.38,60.46,60.12,60.16,193890,0
PKN,60,20230411,140000,60.14,60.54,60.12,60.4,236260,0
PKN,60,20230411,150000,60.38,60.62,60.34,60.46,149996,0
PKN,60,20230411,160000,60.46,60.7,60.34,60.46,276437,0
PKN,60,20230411,170000,60.42,60.74,60.3,60.54,506494,0
PKN,60,20230412,100000,60.9,60.9,59.74,60.32,197510,0
PKN,60,20230412,110000,60.34,60.4,60.08,60.2,109261,0
PKN,60,20230412,120000,60.2,60.34,59.94,60.2,136763,0
PKN,60,20230412,130000,60.18,60.58,60.18,60.34,149806,0
PKN,60,20230412,140000,60.38,60.64,60.3,60.48,148528,0
PKN,60,20230412,150000,60.46,60.84,60.28,60.74,320187,0
PKN,60,20230412,160000,60.78,61.12,60.66,61.02,1161435,0
PKN,60,20230412,170000,61.02,61.46,61,61.12,691445,0
PKN,60,20230413,100000,60.82,61.26,60.46,61.18,333604,0
PKN,60,20230413,110000,61.18,61.38,60.86,61.02,317040,0
PKN,60,20230413,120000,61,61.3,60.96,61.22,430118,0
PKN,60,20230413,130000,61.2,61.2,60.96,61.1,116885,0
PKN,60,20230413,140000,61.06,61.4,61.04,61.2,131877,0
PKN,60,20230413,150000,61.16,61.3,61,61.18,196915,0
PKN,60,20230413,160000,61.2,61.28,60.9,61.08,228144,0
PKN,60,20230413,170000,61.08,61.34,61,61.12,723603,0
PKN,60,20230414,100000,61.3,61.72,61.18,61.34,293134,0
PKN,60,20230414,110000,61.3,61.46,60.92,61.06,209362,0
PKN,60,20230414,120000,61.06,61.24,60.96,61.18,199330,0
PKN,60,20230414,130000,61.16,61.44,61.14,61.32,159317,0
PKN,60,20230414,140000,61.36,61.48,61.22,61.34,243145,0
PKN,60,20230414,150000,61.34,61.48,61.22,61.38,211577,0
PKN,60,20230414,160000,61.38,61.72,61.38,61.5,331057,0
PKN,60,20230414,170000,61.48,61.54,61.2,61.34,408197,0
PKN,60,20230417,100000,61.7,62.58,61.6,61.74,311032,0
PKN,60,20230417,110000,61.8,62,61.62,61.84,101566,0
PKN,60,20230417,120000,61.9,62.08,61.7,62,143111,0
PKN,60,20230417,130000,62,62.02,61.78,61.86,89433,0
PKN,60,20230417,140000,61.88,61.9,61.48,61.56,124618,0
PKN,60,20230417,150000,61.58,61.64,61.44,61.48,205580,0
PKN,60,20230417,160000,61.46,61.58,61.32,61.58,227673,0
PKN,60,20230417,170000,61.52,61.7,61.4,61.7,629717,0
PKN,60,20230418,100000,61.7,61.72,61.34,61.42,129978,0
PKN,60,20230418,110000,61.4,62.4,61.38,62.3,206778,0
PKN,60,20230418,120000,62.34,62.72,62.3,62.54,248338,0
PKN,60,20230418,130000,62.54,62.8,62.38,62.7,219450,0
PKN,60,20230418,140000,62.68,62.7,62.28,62.32,166030,0
PKN,60,20230418,150000,62.28,62.54,62.22,62.28,105530,0
PKN,60,20230418,160000,62.28,62.44,62.14,62.24,205264,0
PKN,60,20230418,170000,62.24,62.38,62.06,62.36,412367,0
PKN,60,20230419,100000,62,62,61.4,61.5,194228,0
PKN,60,20230419,110000,61.48,61.54,61.3,61.38,113563,0
PKN,60,20230419,120000,61.38,61.46,61.18,61.36,99287,0
PKN,60,20230419,130000,61.38,61.62,61.28,61.58,111969,0
PKN,60,20230419,140000,61.6,61.88,61.52,61.6,117074,0
PKN,60,20230419,150000,61.64,61.86,61.36,61.38,122553,0
PKN,60,20230419,160000,61.36,61.64,61.36,61.48,94747,0
PKN,60,20230419,170000,61.52,61.72,61.4,61.72,256448,0
PKN,60,20230420,100000,61.72,62.46,61.58,62.4,170911,0
PKN,60,20230420,110000,62.38,62.46,62.05,62.08,102659,0
PKN,60,20230420,120000,62.07,62.08,61.76,61.93,118589,0
PKN,60,20230420,130000,61.94,62.26,61.93,62.12,115430,0
PKN,60,20230420,140000,62.14,62.2,62.03,62.03,84103,0
PKN,60,20230420,150000,62.07,62.25,62,62.12,196695,0
PKN,60,20230420,160000,62.13,62.13,61.22,61.3,274028,0
PKN,60,20230420,170000,61.28,61.45,61.15,61.3,474496,0
PKN,60,20230421,100000,60.8,60.94,60.42,60.84,343264,0
PKN,60,20230421,110000,60.84,61.33,60.8,61,220255,0
PKN,60,20230421,120000,61,61.14,60.97,61,147404,0
PKN,60,20230421,130000,61,61.12,60.78,60.83,195144,0
PKN,60,20230421,140000,60.82,60.96,60.77,60.82,118990,0
PKN,60,20230421,150000,60.82,61.07,60.82,60.86,259533,0
PKN,60,20230421,160000,60.86,61.07,60.85,60.96,363957,0
PKN,60,20230421,170000,60.93,61.65,60.86,61.34,718044,0
PKN,60,20230424,100000,61,61.17,60.26,61.14,224374,0
PKN,60,20230424,110000,61.14,61.44,60.8,60.84,119236,0
PKN,60,20230424,120000,60.84,61.1,60.57,61.02,198987,0
PKN,60,20230424,130000,60.99,61.08,60.88,60.94,114075,0
PKN,60,20230424,140000,60.93,61.53,60.78,61.4,229416,0
PKN,60,20230424,150000,61.4,61.54,61.13,61.25,74537,0
PKN,60,20230424,160000,61.26,61.92,61.21,61.77,154121,0
PKN,60,20230424,170000,61.78,62.2,61.7,62.02,445305,0
PKN,60,20230425,100000,62.12,62.8,62,62.45,345169,0
PKN,60,20230425,110000,62.45,62.8,62.42,62.68,221706,0
PKN,60,20230425,120000,62.68,62.7,62.05,62.32,164156,0
PKN,60,20230425,130000,62.33,62.67,62.32,62.36,166187,0
PKN,60,20230425,140000,62.34,62.58,62.28,62.42,109636,0
PKN,60,20230425,150000,62.41,63.07,62.4,63,432802,0
PKN,60,20230425,160000,63,63.15,62.34,62.42,510972,0
PKN,60,20230425,170000,62.41,62.57,62.03,62.23,729804,0
PKN,60,20230426,100000,62.32,63.06,62.15,62.51,301180,0
PKN,60,20230426,110000,62.52,63.3,62.25,63.1,319040,0
PKN,60,20230426,120000,63.11,63.44,63.04,63.14,459766,0
PKN,60,20230426,130000,63.13,63.54,63.11,63.35,388901,0
PKN,60,20230426,140000,63.35,63.36,63.07,63.25,250733,0
PKN,60,20230426,150000,63.24,63.43,63.15,63.2,263063,0
PKN,60,20230426,160000,63.19,63.37,63.09,63.17,293448,0
PKN,60,20230426,170000,63.16,63.28,62.94,63.09,731139,0
PKN,60,20230427,100000,63.1,63.74,62.79,63.53,282717,0
PKN,60,20230427,110000,63.53,63.81,63.39,63.73,230595,0
PKN,60,20230427,120000,63.73,63.73,63.45,63.52,115803,0
PKN,60,20230427,130000,63.51,63.57,63.4,63.57,139888,0
PKN,60,20230427,140000,63.55,63.63,63.48,63.53,89223,0
PKN,60,20230427,150000,63.53,63.6,63.48,63.6,194086,0
PKN,60,20230427,160000,63.61,63.74,63.54,63.69,194403,0
PKN,60,20230427,170000,63.69,65,63.69,64.66,1381465,0
PKN,60,20230428,100000,65,65.06,63.75,63.88,530813,0
PKN,60,20230428,110000,63.9,64,63.46,63.56,415609,0
PKN,60,20230428,120000,63.57,63.76,63.41,63.73,217398,0
PKN,60,20230428,130000,63.73,63.8,63.2,63.55,278219,0
PKN,60,20230428,140000,63.59,63.61,62.9,63.07,314846,0
PKN,60,20230428,150000,63.08,63.41,62.96,63.2,204460,0
PKN,60,20230428,160000,63.2,63.54,63.18,63.38,228719,0
PKN,60,20230428,170000,63.36,63.77,63.29,63.42,663005,0
PKN,60,20230502,100000,63.12,64.52,63.12,63.77,486971,0
PKN,60,20230502,110000,63.76,63.98,63.63,63.81,109203,0
PKN,60,20230502,120000,63.78,64.3,63.58,64.29,168328,0
PKN,60,20230502,130000,64.25,64.29,63.98,64.08,116041,0
PKN,60,20230502,140000,64.08,64.1,63.94,64.05,289101,0
PKN,60,20230502,150000,64.05,64.09,63.64,63.67,221906,0
PKN,60,20230502,160000,63.67,63.95,63.46,63.52,122225,0
PKN,60,20230502,170000,63.53,63.54,62.93,62.99,508355,0
PKN,60,20230504,100000,62.99,63.55,62.8,63.15,364257,0
PKN,60,20230504,110000,63.14,63.14,62.57,62.59,194505,0
PKN,60,20230504,120000,62.59,62.9,62.57,62.85,88025,0
PKN,60,20230504,130000,62.83,62.98,62.67,62.67,87844,0
PKN,60,20230504,140000,62.67,62.8,62.53,62.69,119243,0
PKN,60,20230504,150000,62.69,62.8,62.38,62.54,227395,0
PKN,60,20230504,160000,62.56,63,62.56,62.67,187380,0
PKN,60,20230504,170000,62.67,62.7,61.75,61.92,780534,0
PKN,60,20230505,100000,62.12,62.36,61.88,62.08,136188,0
PKN,60,20230505,110000,62.07,62.49,61.82,62.4,98025,0
PKN,60,20230505,120000,62.4,62.72,62.35,62.68,89826,0
PKN,60,20230505,130000,62.68,62.75,62.48,62.56,60482,0
PKN,60,20230505,140000,62.58,62.71,62.43,62.52,61773,0
PKN,60,20230505,150000,62.54,62.72,62.41,62.56,68728,0
PKN,60,20230505,160000,62.57,63.12,62.56,62.72,297155,0
PKN,60,20230505,170000,62.77,63.06,62.68,63.05,234154,0
PKN,60,20230508,100000,63.32,63.93,63.16,63.54,212143,0
PKN,60,20230508,110000,63.54,63.54,63.2,63.45,86378,0
PKN,60,20230508,120000,63.45,63.59,63.16,63.54,112525,0
PKN,60,20230508,130000,63.56,63.8,63.49,63.73,151010,0
PKN,60,20230508,140000,63.74,63.74,63.53,63.73,168719,0
PKN,60,20230508,150000,63.73,63.8,63.5,63.57,139427,0
PKN,60,20230508,160000,63.57,63.6,63.16,63.2,180940,0
PKN,60,20230508,170000,63.2,63.26,62.9,63.16,295006,0
PKN,60,20230509,100000,63.16,63.16,62.3,62.34,185937,0
PKN,60,20230509,110000,62.34,62.54,61.99,62.3,205241,0
PKN,60,20230509,120000,62.3,62.53,62.3,62.36,117874,0
PKN,60,20230509,130000,62.37,62.4,62.29,62.33,95944,0
PKN,60,20230509,140000,62.33,62.37,62.11,62.15,151005,0
PKN,60,20230509,150000,62.15,62.29,62.1,62.18,152974,0
PKN,60,20230509,160000,62.18,62.75,62.17,62.72,196966,0
PKN,60,20230509,170000,62.73,62.8,62.33,62.63,441285,0
PKN,60,20230510,100000,63.25,63.39,62.62,62.77,204925,0
PKN,60,20230510,110000,62.73,62.85,62.5,62.64,113943,0
PKN,60,20230510,120000,62.64,62.97,62.43,62.88,116181,0
PKN,60,20230510,130000,62.9,63,62.67,62.68,151011,0
PKN,60,20230510,140000,62.7,63,62.57,62.99,132450,0
PKN,60,20230510,150000,63.01,63.77,62.92,63.64,285254,0
PKN,60,20230510,160000,63.65,63.83,63,63.17,342650,0
PKN,60,20230510,170000,63.17,63.26,62.82,62.86,395556,0
PKN,60,20230511,100000,62.98,63.5,62.68,63.24,198316,0
PKN,60,20230511,110000,63.28,63.62,63.17,63.24,145434,0
PKN,60,20230511,120000,63.23,63.38,62.9,63.18,154545,0
PKN,60,20230511,130000,63.21,63.31,63.09,63.17,89333,0
PKN,60,20230511,140000,63.19,63.2,62.72,62.9,187962,0
PKN,60,20230511,150000,62.9,63.02,62.59,62.65,342884,0
PKN,60,20230511,160000,62.65,62.88,62.48,62.52,344947,0
PKN,60,20230511,170000,62.52,62.58,62.16,62.47,464565,0
PKN,60,20230512,100000,62.4,62.61,61.9,62.47,390459,0
PKN,60,20230512,110000,62.47,63,62.44,62.92,204191,0
PKN,60,20230512,120000,62.9,63.2,62.89,63.16,238789,0
PKN,60,20230512,130000,63.15,63.18,62.94,63.04,160053,0
PKN,60,20230512,140000,63.04,63.26,62.94,63.2,262468,0
PKN,60,20230512,150000,63.19,63.23,62.97,63.18,191154,0
PKN,60,20230512,160000,63.17,63.55,63.07,63.42,313285,0
PKN,60,20230512,170000,63.41,63.53,63.21,63.26,649011,0
PKN,60,20230515,100000,63.55,64.24,63.44,64.14,432305,0
PKN,60,20230515,110000,64.13,64.27,63.8,63.84,152992,0
PKN,60,20230515,120000,63.86,64.01,63.69,63.88,114057,0
PKN,60,20230515,130000,63.88,63.88,63.72,63.87,73898,0
PKN,60,20230515,140000,63.87,63.97,63.8,63.88,57847,0
PKN,60,20230515,150000,63.87,63.92,63.48,63.52,121417,0
PKN,60,20230515,160000,63.5,63.63,63.39,63.42,123053,0
PKN,60,20230515,170000,63.42,63.87,63.42,63.81,303813,0
PKN,60,20230516,100000,63.76,64.14,63.35,63.92,231986,0
PKN,60,20230516,110000,63.92,64.07,63.53,63.69,140082,0
PKN,60,20230516,120000,63.66,63.94,63.49,63.6,154081,0
PKN,60,20230516,130000,63.59,63.76,63.55,63.72,100704,0
PKN,60,20230516,140000,63.75,63.76,63.48,63.63,90678,0
PKN,60,20230516,150000,63.63,63.66,63.45,63.45,122412,0
PKN,60,20230516,160000,63.44,64.03,63.4,63.6,215644,0
PKN,60,20230516,170000,63.62,63.76,63.29,63.51,323993,0
PKN,60,20230517,100000,63.4,63.4,62.69,62.83,247252,0
PKN,60,20230517,110000,62.82,62.98,62.77,62.97,119172,0
PKN,60,20230517,120000,62.96,62.96,62.73,62.85,108426,0
PKN,60,20230517,130000,62.88,62.89,62.78,62.84,148200,0
PKN,60,20230517,140000,62.84,63.23,62.77,63.19,245762,0
PKN,60,20230517,150000,63.17,63.45,63.06,63.36,149148,0
PKN,60,20230517,160000,63.35,63.79,63.3,63.47,193743,0
PKN,60,20230517,170000,63.47,63.68,63.19,63.43,401670,0
PKN,60,20230518,100000,63.6,64.11,63.55,63.77,208226,0
PKN,60,20230518,110000,63.78,63.97,63.51,63.59,105099,0
PKN,60,20230518,120000,63.59,63.68,63.41,63.57,115601,0
PKN,60,20230518,130000,63.58,63.86,63.45,63.85,149159,0
PKN,60,20230518,140000,63.85,64,63.75,63.9,193296,0
PKN,60,20230518,150000,63.89,63.96,63.5,63.5,184731,0
PKN,60,20230518,160000,63.5,63.63,63.13,63.23,240412,0
PKN,60,20230518,170000,63.24,63.48,63.15,63.44,403603,0
PKN,60,20230519,100000,63.83,64,63.17,63.46,156823,0
PKN,60,20230519,110000,63.48,63.94,63.43,63.81,187561,0
PKN,60,20230519,120000,63.8,64.13,63.75,63.82,267809,0
PKN,60,20230519,130000,63.82,64,63.75,63.85,273775,0
PKN,60,20230519,140000,63.84,63.89,63.68,63.83,114495,0
PKN,60,20230519,150000,63.83,64.01,63.8,63.97,188617,0
PKN,60,20230519,160000,63.95,64.2,63.9,64.16,265241,0
PKN,60,20230519,170000,64.15,64.48,64.06,64.47,461352,0
PKN,60,20230522,100000,64.43,64.9,64.14,64.9,221783,0
PKN,60,20230522,110000,64.86,64.92,64.5,64.8,154955,0
PKN,60,20230522,120000,64.78,65.05,64.58,64.66,213433,0
PKN,60,20230522,130000,64.66,64.88,64.6,64.77,96791,0
PKN,60,20230522,140000,64.78,64.91,64.68,64.84,113984,0
PKN,60,20230522,150000,64.84,64.97,64.71,64.81,128334,0
PKN,60,20230522,160000,64.8,65,64.7,64.82,208792,0
PKN,60,20230522,170000,64.76,64.79,64.52,64.66,266025,0
PKN,60,20230523,100000,64.61,64.86,64.39,64.77,241839,0
PKN,60,20230523,110000,64.77,65,64.49,64.53,196165,0
PKN,60,20230523,120000,64.53,64.6,64.16,64.27,240978,0
PKN,60,20230523,130000,64.27,64.31,64.1,64.31,124041,0
PKN,60,20230523,140000,64.26,64.28,64.03,64.08,97321,0
PKN,60,20230523,150000,64.04,64.18,64.02,64.05,102360,0
PKN,60,20230523,160000,64.05,64.45,63.99,64.22,161805,0
PKN,60,20230523,170000,64.22,64.34,64.08,64.09,284759,0
PKN,60,20230524,100000,63.98,64.27,63.87,64.06,170512,0
PKN,60,20230524,110000,64.03,64.22,63.87,64.22,128886,0
PKN,60,20230524,120000,64.21,64.3,63.94,64.05,116435,0
PKN,60,20230524,130000,64.05,64.9,63.9,64.89,230613,0
PKN,60,20230524,140000,64.89,64.99,64.64,64.65,185982,0
PKN,60,20230524,150000,64.69,64.8,64.43,64.46,91944,0
PKN,60,20230524,160000,64.44,64.51,64.21,64.28,165974,0
PKN,60,20230524,170000,64.28,64.58,64.1,64.35,487225,0
PKN,60,20230525,100000,64.35,64.36,63.42,63.9,418684,0
PKN,60,20230525,110000,63.92,63.97,63.82,63.92,126279,0
PKN,60,20230525,120000,63.93,64,63.76,63.93,120354,0
PKN,60,20230525,130000,63.93,64.07,63.88,63.96,143999,0
PKN,60,20230525,140000,63.97,64,63.81,64,131388,0
PKN,60,20230525,150000,64,64.2,63.86,63.9,157178,0
PKN,60,20230525,160000,63.89,63.91,62.72,62.78,473735,0
PKN,60,20230525,170000,62.77,62.84,62.32,62.57,831298,0
PKN,60,20230526,100000,62.47,63.47,62.43,63.31,345218,0
PKN,60,20230526,110000,63.31,63.84,63.29,63.62,175000,0
PKN,60,20230526,120000,63.62,63.88,63.6,63.72,234398,0
PKN,60,20230526,130000,63.74,64,63.66,63.92,265011,0
PKN,60,20230526,140000,63.93,64.11,63.79,64.08,238704,0
PKN,60,20230526,150000,64.09,64.3,63.99,64.25,242749,0
PKN,60,20230526,160000,64.26,64.55,64.24,64.46,337137,0
PKN,60,20230526,170000,64.45,64.89,64.45,64.77,635180,0
PKN,60,20230529,100000,64.8,65,64.29,64.36,179055,0
PKN,60,20230529,110000,64.36,64.52,64.28,64.28,70703,0
PKN,60,20230529,120000,64.29,64.34,64.08,64.25,173225,0
PKN,60,20230529,130000,64.26,64.36,64.1,64.25,90240,0
PKN,60,20230529,140000,64.24,64.55,64.22,64.38,123816,0
PKN,60,20230529,150000,64.36,64.53,64.19,64.26,90567,0
PKN,60,20230529,160000,64.25,64.26,64.05,64.08,125892,0
PKN,60,20230529,170000,64.08,64.13,63.96,64.05,224789,0
PKN,60,20230530,100000,63.84,63.9,63.31,63.76,417543,0
PKN,60,20230530,110000,63.76,63.8,63.52,63.69,181733,0
PKN,60,20230530,120000,63.68,63.93,63.66,63.82,162757,0
PKN,60,20230530,130000,63.81,63.96,63.67,63.72,179458,0
PKN,60,20230530,140000,63.72,63.87,63.66,63.69,161296,0
PKN,60,20230530,150000,63.69,63.76,63.45,63.48,196980,0
PKN,60,20230530,160000,63.48,63.49,62.94,63.03,472264,0
PKN,60,20230530,170000,63.02,63.04,62.66,62.66,781938,0
PKN,60,20230531,100000,62.49,62.51,61.7,62.12,583499,0
PKN,60,20230531,110000,62.12,62.37,61.88,61.91,312021,0
PKN,60,20230531,120000,61.92,62.02,61.36,61.48,336652,0
PKN,60,20230531,130000,61.48,61.48,60.9,61.06,368851,0
PKN,60,20230531,140000,61.06,61.11,60.59,60.64,332333,0
PKN,60,20230531,150000,60.63,60.67,60.24,60.58,382111,0
PKN,60,20230531,160000,60.58,60.86,60.26,60.28,495758,0
PKN,60,20230531,170000,60.29,60.35,59.6,60.19,7991517,0
