<TICKER>,<PER>,<DATE>,<TIME>,<OPEN>,<HIGH>,<LOW>,<CLOSE>,<VOL>,<OPENINT>
PKO,60,20220804,100000,24.79,24.83,24.03,24.07,590254,0
PKO,60,20220804,110000,24.07,24.1,23.77,24.06,551552,0
PKO,60,20220804,120000,24.07,24.12,24,24.08,370669,0
PKO,60,20220804,130000,24.1,24.3,24.01,24.24,934948,0
PKO,60,20220804,140000,24.24,24.32,24.04,24.06,368918,0
PKO,60,20220804,150000,24.08,24.1,24.03,24.07,568709,0
PKO,60,20220804,160000,24.07,24.3,24.04,24.18,941752,0
PKO,60,20220804,170000,24.18,24.23,23.9,23.95,1696247,0
PKO,60,20220805,100000,24.06,24.54,24.01,24.48,566939,0
PKO,60,20220805,110000,24.46,24.5,24.23,24.32,402048,0
PKO,60,20220805,120000,24.31,24.39,24.21,24.34,278108,0
PKO,60,20220805,130000,24.36,24.36,24.2,24.24,229146,0
PKO,60,20220805,140000,24.25,24.33,24.21,24.3,261941,0
PKO,60,20220805,150000,24.28,24.3,23.9,24,442489,0
PKO,60,20220805,160000,23.99,24.15,23.93,24.01,489977,0
PKO,60,20220805,170000,24.03,24.24,24.03,24.03,893129,0
PKO,60,20220808,100000,24.3,24.56,24.11,24.43,437056,0
PKO,60,20220808,110000,24.39,24.41,24.13,24.18,261629,0
PKO,60,20220808,120000,24.2,24.29,24.1,24.27,191267,0
PKO,60,20220808,130000,24.27,24.45,24.23,24.37,286003,0
PKO,60,20220808,140000,24.36,24.53,24.3,24.53,306989,0
PKO,60,20220808,150000,24.54,25.19,24.51,25.1,590199,0
PKO,60,20220808,160000,25.13,25.14,24.9,24.92,528159,0
PKO,60,20220808,170000,24.94,25.16,24.87,25.13,1435795,0
PKO,60,20220809,100000,25.1,25.46,25.04,25.4,481641,0
PKO,60,20220809,110000,25.35,25.63,25.29,25.59,507500,0
PKO,60,20220809,120000,25.58,25.9,25.57,25.84,456184,0
PKO,60,20220809,130000,25.84,25.95,25.56,25.56,384133,0
PKO,60,20220809,140000,25.56,25.69,25.39,25.46,414880,0
PKO,60,20220809,150000,25.46,25.76,25.41,25.52,421751,0
PKO,60,20220809,160000,25.51,25.51,25.11,25.25,501146,0
PKO,60,20220809,170000,25.23,25.39,25,25,808833,0
PKO,60,20220810,100000,24.99,24.99,24.64,24.7,312707,0
PKO,60,20220810,110000,24.74,24.81,24.56,24.77,231279,0
PKO,60,20220810,120000,24.73,24.97,24.72,24.86,190177,0
PKO,60,20220810,130000,24.87,25.02,24.7,24.78,347880,0
PKO,60,20220810,140000,24.77,25,24.69,24.79,223271,0
PKO,60,20220810,150000,24.77,25.47,24.7,25.36,545838,0
PKO,60,20220810,160000,25.39,25.49,24.92,24.98,444178,0
PKO,60,20220810,170000,24.99,25.14,24.91,25.04,646958,0
PKO,60,20220811,100000,25.3,25.37,25.02,25.2,395999,0
PKO,60,20220811,110000,25.2,25.43,25.01,25.36,367686,0
PKO,60,20220811,120000,25.39,25.4,25.3,25.39,257718,0
PKO,60,20220811,130000,25.4,25.46,25.2,25.25,270726,0
PKO,60,20220811,140000,25.28,25.39,25.27,25.32,396305,0
PKO,60,20220811,150000,25.32,25.48,25.32,25.44,253032,0
PKO,60,20220811,160000,25.42,25.47,25.3,25.42,337393,0
PKO,60,20220811,170000,25.42,25.5,25.3,25.5,648574,0
PKO,60,20220812,100000,25.47,25.68,25.22,25.6,203979,0
PKO,60,20220812,110000,25.62,25.74,25.42,25.42,269290,0
PKO,60,20220812,120000,25.42,25.65,25.35,25.58,164641,0
PKO,60,20220812,130000,25.59,25.59,25.38,25.38,128062,0
PKO,60,20220812,140000,25.38,25.39,25.18,25.23,237658,0
PKO,60,20220812,150000,25.23,25.46,25.19,25.46,161118,0
PKO,60,20220812,160000,25.46,25.55,25.41,25.49,497573,0
PKO,60,20220812,170000,25.46,25.46,25.2,25.35,458187,0
PKO,60,20220816,100000,25.5,25.5,24.9,25.4,442367,0
PKO,60,20220816,110000,25.4,25.74,25.36,25.6,425689,0
PKO,60,20220816,120000,25.61,25.61,25.42,25.48,330212,0
PKO,60,20220816,130000,25.46,25.59,25.43,25.47,145416,0
PKO,60,20220816,140000,25.44,25.59,25.39,25.5,213616,0
PKO,60,20220816,150000,25.5,25.6,25.36,25.38,163543,0
PKO,60,20220816,160000,25.42,25.56,25.31,25.46,214203,0
PKO,60,20220816,170000,25.42,25.51,25.24,25.37,631051,0
PKO,60,20220817,100000,25.38,25.53,25,25.02,388736,0
PKO,60,20220817,110000,25.04,25.08,24.69,24.86,428474,0
PKO,60,20220817,120000,24.86,24.95,24.73,24.82,214000,0
PKO,60,20220817,130000,24.86,24.86,24.51,24.53,313583,0
PKO,60,20220817,140000,24.53,24.56,24.26,24.33,517343,0
PKO,60,20220817,150000,24.35,24.5,24.28,24.28,470360,0
PKO,60,20220817,160000,24.28,24.46,24.15,24.28,815755,0
PKO,60,20220817,170000,24.29,24.36,24.09,24.09,1046469,0
PKO,60,20220818,100000,24.43,24.43,23.97,24.11,539615,0
PKO,60,20220818,110000,24.11,24.3,24.03,24.15,509514,0
PKO,60,20220818,120000,24.15,24.62,24.14,24.58,283378,0
PKO,60,20220818,130000,24.58,24.66,24.41,24.61,267414,0
PKO,60,20220818,140000,24.61,24.63,24.43,24.61,170755,0
PKO,60,20220818,150000,24.61,24.77,24.61,24.76,299934,0
PKO,60,20220818,160000,24.76,24.76,24.54,24.55,330009,0
PKO,60,20220818,170000,24.55,24.73,24.38,24.7,643857,0
PKO,60,20220819,100000,24.26,24.67,24.12,24.52,308041,0
PKO,60,20220819,110000,24.55,24.57,24.21,24.37,425498,0
PKO,60,20220819,120000,24.33,24.48,24.22,24.36,616569,0
PKO,60,20220819,130000,24.36,24.67,24.32,24.44,360082,0
PKO,60,20220819,140000,24.45,24.99,24.45,24.98,585108,0
PKO,60,20220819,150000,24.95,25.06,24.77,24.95,411227,0
PKO,60,20220819,160000,24.92,25.24,24.81,24.84,669590,0
PKO,60,20220819,170000,24.81,25,24.66,24.73,1281913,0
PKO,60,20220822,100000,24.65,25.07,24.5,24.63,909298,0
PKO,60,20220822,110000,24.6,24.61,24.03,24.11,334880,0
PKO,60,20220822,120000,24.1,24.15,23.95,24.03,834320,0
PKO,60,20220822,130000,24.04,24.3,24.03,24.28,218239,0
PKO,60,20220822,140000,24.27,24.4,24.18,24.27,167742,0
PKO,60,20220822,150000,24.23,24.38,24.19,24.35,153601,0
PKO,60,20220822,160000,24.32,24.47,24.23,24.32,228073,0
PKO,60,20220822,170000,24.31,24.47,24.22,24.25,533840,0
PKO,60,20220823,100000,24.1,24.4,23.91,24.15,455648,0
PKO,60,20220823,110000,24.15,24.33,24.07,24.12,301029,0
PKO,60,20220823,120000,24.12,24.45,24.11,24.36,343120,0
PKO,60,20220823,130000,24.34,24.37,24.11,24.22,306626,0
PKO,60,20220823,140000,24.22,24.25,24.11,24.18,224195,0
PKO,60,20220823,150000,24.18,24.25,24.1,24.1,276919,0
PKO,60,20220823,160000,24.1,24.25,24.06,24.18,321029,0
PKO,60,20220823,170000,24.19,24.25,24.05,24.05,752187,0
PKO,60,20220824,100000,23.94,24.14,23.51,23.64,656798,0
PKO,60,20220824,110000,23.65,24.09,23.56,24.07,416575,0
PKO,60,20220824,120000,24.06,24.06,23.71,23.79,395903,0
PKO,60,20220824,130000,23.79,23.79,23.62,23.64,218033,0
PKO,60,20220824,140000,23.63,23.75,23.53,23.59,298527,0
PKO,60,20220824,150000,23.59,23.66,23.45,23.6,545930,0
PKO,60,20220824,160000,23.59,23.69,23.41,23.55,265230,0
PKO,60,20220824,170000,23.55,23.6,23.4,23.48,707339,0
PKO,60,20220825,100000,23.71,24.44,23.7,24.36,495044,0
PKO,60,20220825,110000,24.36,24.57,24.33,24.37,518934,0
PKO,60,20220825,120000,24.37,24.4,23.88,23.92,340978,0
PKO,60,20220825,130000,23.9,24.12,23.84,24.04,259118,0
PKO,60,20220825,140000,24.04,24.31,23.96,24.28,328339,0
PKO,60,20220825,150000,24.28,24.35,24.21,24.24,273491,0
PKO,60,20220825,160000,24.24,24.3,24.13,24.28,253889,0
PKO,60,20220825,170000,24.29,24.48,24.27,24.48,582620,0
PKO,60,20220826,100000,24.6,24.6,24.15,24.17,261775,0
PKO,60,20220826,110000,24.18,24.19,23.77,23.88,247138,0
PKO,60,20220826,120000,23.88,23.99,23.8,23.9,240324,0
PKO,60,20220826,130000,23.89,23.89,23.7,23.73,175415,0
PKO,60,20220826,140000,23.72,23.88,23.65,23.76,205500,0
PKO,60,20220826,150000,23.78,23.83,23.57,23.62,334277,0
PKO,60,20220826,160000,23.63,23.98,23.63,23.77,364438,0
PKO,60,20220826,170000,23.77,23.78,23.37,23.56,1072819,0
PKO,60,20220829,100000,23.12,23.25,22.92,23.09,343501,0
PKO,60,20220829,110000,23.09,23.24,23,23.08,188077,0
PKO,60,20220829,120000,23.1,23.15,23.01,23.07,320088,0
PKO,60,20220829,130000,23.07,23.12,22.99,23,300010,0
PKO,60,20220829,140000,23.02,23.19,22.94,23.17,245319,0
PKO,60,20220829,150000,23.15,23.16,23.02,23.06,199684,0
PKO,60,20220829,160000,23.07,23.31,23.06,23.2,240152,0
PKO,60,20220829,170000,23.2,23.35,23.13,23.17,407008,0
PKO,60,20220830,100000,23.3,23.62,23.09,23.4,179733,0
PKO,60,20220830,110000,23.38,23.56,23.37,23.49,183263,0
PKO,60,20220830,120000,23.48,23.58,23.38,23.57,162062,0
PKO,60,20220830,130000,23.56,23.68,23.46,23.65,266725,0
PKO,60,20220830,140000,23.65,23.68,23.52,23.55,116012,0
PKO,60,20220830,150000,23.54,23.65,23.2,23.24,171172,0
PKO,60,20220830,160000,23.24,23.29,23.04,23.14,191751,0
PKO,60,20220830,170000,23.13,23.2,22.8,22.87,1083301,0
PKO,60,20220831,100000,23.11,23.26,22.9,22.9,398772,0
PKO,60,20220831,110000,22.9,23.06,22.66,23.01,392000,0
PKO,60,20220831,120000,22.98,23.15,22.81,23.06,331348,0
PKO,60,20220831,130000,23.07,23.14,22.98,23.03,197347,0
PKO,60,20220831,140000,23.01,23.08,22.98,23.06,150946,0
PKO,60,20220831,150000,23.05,23.47,23.05,23.39,349504,0
PKO,60,20220831,160000,23.39,23.59,23.22,23.5,428983,0
PKO,60,20220831,170000,23.46,23.76,23.42,23.52,2821958,0
PKO,60,20220901,100000,23.4,23.4,22.8,22.92,397558,0
PKO,60,20220901,110000,22.92,22.93,22.52,22.66,500805,0
PKO,60,20220901,120000,22.63,22.74,22.56,22.68,441089,0
PKO,60,20220901,130000,22.68,22.7,22.6,22.65,292246,0
PKO,60,20220901,140000,22.67,22.85,22.63,22.71,407711,0
PKO,60,20220901,150000,22.7,22.71,22.43,22.44,635641,0
PKO,60,20220901,160000,22.44,22.59,22.36,22.47,514306,0
PKO,60,20220901,170000,22.47,22.48,22.03,22.09,1547444,0
PKO,60,20220902,100000,22.56,22.66,22.24,22.44,852332,0
PKO,60,20220902,110000,22.44,22.97,22.35,22.91,834776,0
PKO,60,20220902,120000,22.91,23.15,22.73,22.8,724277,0
PKO,60,20220902,130000,22.78,22.99,22.72,22.85,350412,0
PKO,60,20220902,140000,22.85,22.96,22.76,22.79,570689,0
PKO,60,20220902,150000,22.79,22.96,22.6,22.65,434781,0
PKO,60,20220902,160000,22.63,22.87,22.6,22.75,3942545,0
PKO,60,20220902,170000,22.76,23.5,22.73,23.39,2771714,0
PKO,60,20220905,100000,23,23.12,22.66,22.82,476429,0
PKO,60,20220905,110000,22.86,22.92,22.72,22.78,335335,0
PKO,60,20220905,120000,22.79,22.98,22.64,22.85,644332,0
PKO,60,20220905,130000,22.89,22.9,22.76,22.83,840074,0
PKO,60,20220905,140000,22.82,22.83,22.74,22.76,158332,0
PKO,60,20220905,150000,22.76,22.87,22.74,22.85,149920,0
PKO,60,20220905,160000,22.85,22.91,22.75,22.86,448512,0
PKO,60,20220905,170000,22.87,22.89,22.8,22.84,475809,0
PKO,60,20220906,100000,22.9,23,22.65,22.7,289501,0
PKO,60,20220906,110000,22.69,22.7,22.45,22.51,238100,0
PKO,60,20220906,120000,22.51,22.67,22.35,22.56,340168,0
PKO,60,20220906,130000,22.55,22.7,22.5,22.56,945428,0
PKO,60,20220906,140000,22.58,22.7,22.55,22.67,283015,0
PKO,60,20220906,150000,22.68,22.79,22.63,22.72,216801,0
PKO,60,20220906,160000,22.71,22.8,22.46,22.53,275605,0
PKO,60,20220906,170000,22.55,22.79,22.48,22.77,956364,0
PKO,60,20220907,100000,22.5,22.58,22.1,22.24,616835,0
PKO,60,20220907,110000,22.24,22.61,22.19,22.49,578529,0
PKO,60,20220907,120000,22.49,22.5,22.23,22.39,250799,0
PKO,60,20220907,130000,22.39,22.43,22.15,22.16,337815,0
PKO,60,20220907,140000,22.15,22.39,22.13,22.23,559967,0
PKO,60,20220907,150000,22.23,22.29,22.1,22.29,610991,0
PKO,60,20220907,160000,22.28,22.48,22.21,22.41,807397,0
PKO,60,20220907,170000,22.41,22.64,22.25,22.51,1172953,0
PKO,60,20220908,100000,22.8,22.92,22.66,22.73,445803,0
PKO,60,20220908,110000,22.71,23.09,22.71,23.03,450870,0
PKO,60,20220908,120000,23.03,23.34,22.91,23.28,374637,0
PKO,60,20220908,130000,23.32,23.32,22.95,23.15,194341,0
PKO,60,20220908,140000,23.16,23.16,23,23.07,346342,0
PKO,60,20220908,150000,23.06,23.15,22.88,22.9,483654,0
PKO,60,20220908,160000,22.91,22.98,22.67,22.73,408782,0
PKO,60,20220908,170000,22.72,23.16,22.69,23.13,953034,0
PKO,60,20220909,100000,23.4,24.29,23.37,24.03,975364,0
PKO,60,20220909,110000,24.07,24.22,23.87,24.19,721433,0
PKO,60,20220909,120000,24.18,24.21,23.93,24.03,435627,0
PKO,60,20220909,130000,24.03,24.1,23.99,24.06,301537,0
PKO,60,20220909,140000,24.05,24.29,24.01,24.28,364135,0
PKO,60,20220909,150000,24.28,24.39,24.24,24.32,510896,0
PKO,60,20220909,160000,24.33,24.38,24.17,24.37,370920,0
PKO,60,20220909,170000,24.36,24.43,24.2,24.29,538563,0
PKO,60,20220912,100000,24.7,24.96,24.2,24.88,815012,0
PKO,60,20220912,110000,24.88,25.18,24.88,25.14,380960,0
PKO,60,20220912,120000,25.17,25.2,24.74,24.75,527200,0
PKO,60,20220912,130000,24.78,25.07,24.74,24.96,186319,0
PKO,60,20220912,140000,24.95,25.09,24.8,25.04,224435,0
PKO,60,20220912,150000,25.05,25.19,24.95,25.14,350267,0
PKO,60,20220912,160000,25.14,25.22,24.88,25.08,533112,0
PKO,60,20220912,170000,25.1,25.33,24.99,25.31,955546,0
PKO,60,20220913,100000,25.35,25.46,24.89,25.08,617821,0
PKO,60,20220913,110000,25.08,25.18,24.93,25,417339,0
PKO,60,20220913,120000,25,25.1,24.85,24.85,217871,0
PKO,60,20220913,130000,24.85,25.07,24.83,25.04,154508,0
PKO,60,20220913,140000,25.06,25.07,24.93,24.99,226734,0
PKO,60,20220913,150000,24.99,25.08,24.4,24.41,702653,0
PKO,60,20220913,160000,24.42,24.69,24,24.58,1301713,0
PKO,60,20220913,170000,24.61,24.61,24.27,24.51,842062,0
PKO,60,20220914,100000,24.02,24.49,24,24.43,480665,0
PKO,60,20220914,110000,24.41,24.58,24.27,24.38,306874,0
PKO,60,20220914,120000,24.36,24.64,24.29,24.56,139589,0
PKO,60,20220914,130000,24.56,24.56,24.32,24.55,94164,0
PKO,60,20220914,140000,24.52,24.53,24.08,24.09,177374,0
PKO,60,20220914,150000,24.09,24.53,24.08,24.49,219907,0
PKO,60,20220914,160000,24.48,24.55,24.24,24.3,349307,0
PKO,60,20220914,170000,24.31,24.46,24.13,24.39,1111782,0
PKO,60,20220915,100000,24.59,24.88,24.43,24.62,335096,0
PKO,60,20220915,110000,24.62,24.74,24.5,24.67,227436,0
PKO,60,20220915,120000,24.68,24.77,24.53,24.7,194931,0
PKO,60,20220915,130000,24.7,24.83,24.53,24.63,165146,0
PKO,60,20220915,140000,24.64,24.72,24.6,24.65,113896,0
PKO,60,20220915,150000,24.65,24.67,24.43,24.55,219013,0
PKO,60,20220915,160000,24.56,24.59,24.36,24.55,652934,0
PKO,60,20220915,170000,24.57,24.78,24.46,24.6,1046727,0
PKO,60,20220916,100000,24.29,24.4,24.12,24.24,328294,0
PKO,60,20220916,110000,24.23,24.3,24.04,24.2,189306,0
PKO,60,20220916,120000,24.18,24.28,23.96,24.02,366391,0
PKO,60,20220916,130000,24.03,24.14,23.97,24.02,220070,0
PKO,60,20220916,140000,24.02,24.02,23.76,23.83,339941,0
PKO,60,20220916,150000,23.82,23.88,23.58,23.58,190707,0
PKO,60,20220916,160000,23.57,23.65,23.22,23.37,1093622,0
PKO,60,20220916,170000,23.38,23.83,23.33,23.66,4392098,0
PKO,60,20220919,100000,23.66,24.12,23.5,23.99,234228,0
PKO,60,20220919,110000,24,24.25,23.95,24.15,353944,0
PKO,60,20220919,120000,24.15,24.28,24.15,24.26,146345,0
PKO,60,20220919,130000,24.26,24.27,24.05,24.08,429973,0
PKO,60,20220919,140000,24.08,24.2,24.06,24.06,140314,0
PKO,60,20220919,150000,24.09,24.28,24.02,24.17,174587,0
PKO,60,20220919,160000,24.17,24.3,24.17,24.25,195858,0
PKO,60,20220919,170000,24.26,24.45,24.21,24.31,402918,0
PKO,60,20220920,100000,24.51,24.99,24.5,24.88,578530,0
PKO,60,20220920,110000,24.88,24.95,24.58,24.58,435193,0
PKO,60,20220920,120000,24.57,24.6,24.34,24.4,286700,0
PKO,60,20220920,130000,24.38,24.49,24.29,24.32,221572,0
PKO,60,20220920,140000,24.34,24.7,24.29,24.47,330146,0
PKO,60,20220920,150000,24.49,24.55,24.18,24.18,169781,0
PKO,60,20220920,160000,24.17,24.24,23.8,23.8,461045,0
PKO,60,20220920,170000,23.81,23.85,23.57,23.72,1141438,0
PKO,60,20220921,100000,23.6,23.71,23.3,23.53,520367,0
PKO,60,20220921,110000,23.54,23.58,23.35,23.47,308953,0
PKO,60,20220921,120000,23.49,23.63,23.26,23.63,188319,0
PKO,60,20220921,130000,23.63,23.76,23.43,23.65,180785,0
PKO,60,20220921,140000,23.69,23.69,23.43,23.43,96789,0
PKO,60,20220921,150000,23.46,23.54,23.42,23.46,114920,0
PKO,60,20220921,160000,23.46,23.52,23.22,23.29,436542,0
PKO,60,20220921,170000,23.29,23.5,23.24,23.29,1195117,0
PKO,60,20220922,100000,22.9,23.3,22.72,23.23,414364,0
PKO,60,20220922,110000,23.2,23.56,23.19,23.44,152799,0
PKO,60,20220922,120000,23.45,23.45,23.22,23.4,104733,0
PKO,60,20220922,130000,23.41,23.6,23.37,23.59,97096,0
PKO,60,20220922,140000,23.57,23.59,23.35,23.44,139495,0
PKO,60,20220922,150000,23.43,23.53,23.3,23.49,182337,0
PKO,60,20220922,160000,23.48,23.49,23.27,23.36,226392,0
PKO,60,20220922,170000,23.36,23.56,23.34,23.35,474074,0
PKO,60,20220923,100000,23.31,23.31,22.82,23,379234,0
PKO,60,20220923,110000,23.06,23.13,22.93,22.97,151436,0
PKO,60,20220923,120000,22.97,23.06,22.83,22.92,191553,0
PKO,60,20220923,130000,22.89,23.04,22.66,22.7,417014,0
PKO,60,20220923,140000,22.7,22.81,22.61,22.81,245050,0
PKO,60,20220923,150000,22.81,22.99,22.69,22.77,185999,0
PKO,60,20220923,160000,22.77,22.87,22.64,22.67,240380,0
PKO,60,20220923,170000,22.67,22.79,22.6,22.68,499139,0
PKO,60,20220926,100000,22.51,22.92,22.13,22.5,511402,0
PKO,60,20220926,110000,22.5,22.85,22.48,22.6,248305,0
PKO,60,20220926,120000,22.6,22.7,22.49,22.55,155376,0
PKO,60,20220926,130000,22.54,22.7,22.48,22.57,527175,0
PKO,60,20220926,140000,22.57,22.6,22.14,22.15,389813,0
PKO,60,20220926,150000,22.15,22.67,22.11,22.62,436098,0
PKO,60,20220926,160000,22.62,22.67,22.48,22.67,214871,0
PKO,60,20220926,170000,22.67,22.78,22.37,22.45,777369,0
PKO,60,20220927,100000,22.8,23.08,22.7,23,418878,0
PKO,60,20220927,110000,23.03,23.04,22.78,22.91,320390,0
PKO,60,20220927,120000,22.91,23,22.7,22.72,284357,0
PKO,60,20220927,130000,22.71,23.1,22.71,23.08,277380,0
PKO,60,20220927,140000,23.06,23.06,22.86,22.92,104967,0
PKO,60,20220927,150000,22.89,23.06,22.79,22.79,168341,0
PKO,60,20220927,160000,22.79,22.87,22.6,22.66,407455,0
PKO,60,20220927,170000,22.65,22.8,22.49,22.71,834326,0
PKO,60,20220928,100000,22.2,22.5,22.01,22.33,953255,0
PKO,60,20220928,110000,22.34,22.36,22.02,22.05,396271,0
PKO,60,20220928,120000,22.05,22.09,21.6,21.78,743808,0
PKO,60,20220928,130000,21.79,22.4,21.75,22.22,428667,0
PKO,60,20220928,140000,22.21,22.32,22,22.16,322576,0
PKO,60,20220928,150000,22.16,22.53,22.16,22.32,295685,0
PKO,60,20220928,160000,22.29,22.65,22.23,22.59,524906,0
PKO,60,20220928,170000,22.59,22.67,22.35,22.46,1080170,0
PKO,60,20220929,100000,22.55,22.78,22.17,22.42,596467,0
PKO,60,20220929,110000,22.4,22.55,22.22,22.25,527801,0
PKO,60,20220929,120000,22.26,22.5,22.25,22.34,357748,0
PKO,60,20220929,130000,22.36,22.44,22.29,22.38,270430,0
PKO,60,20220929,140000,22.39,22.52,22.19,22.24,397182,0
PKO,60,20220929,150000,22.24,22.24,21.82,21.88,1013863,0
PKO,60,20220929,160000,21.9,22,21.71,21.84,527424,0
PKO,60,20220929,170000,21.85,21.92,21.65,21.75,2501035,0
PKO,60,20220930,100000,21.92,21.93,21.31,21.4,789062,0
PKO,60,20220930,110000,21.44,21.71,21.31,21.67,758080,0
PKO,60,20220930,120000,21.66,21.91,21.55,21.86,574233,0
PKO,60,20220930,130000,21.85,22.08,21.8,21.8,438987,0
PKO,60,20220930,140000,21.82,21.87,21.55,21.64,283501,0
PKO,60,20220930,150000,21.62,21.96,21.53,21.96,343915,0
PKO,60,20220930,160000,21.96,21.98,21.73,21.96,262013,0
PKO,60,20220930,170000,21.97,21.99,21.7,21.84,1183546,0
PKO,60,20221003,100000,21.74,21.79,21.41,21.42,279557,0
PKO,60,20221003,110000,21.43,21.49,21.16,21.45,502594,0
PKO,60,20221003,120000,21.45,21.47,21.14,21.36,282224,0
PKO,60,20221003,130000,21.36,21.47,21.32,21.36,359997,0
PKO,60,20221003,140000,21.35,21.38,21.21,21.32,308209,0
PKO,60,20221003,150000,21.32,21.5,21.22,21.28,635616,0
PKO,60,20221003,160000,21.3,21.52,21.28,21.35,471789,0
PKO,60,20221003,170000,21.36,21.89,21.35,21.8,775565,0
PKO,60,20221004,100000,22.2,22.52,22.11,22.52,381649,0
PKO,60,20221004,110000,22.52,22.53,22.37,22.46,150783,0
PKO,60,20221004,120000,22.45,22.59,22.3,22.57,371944,0
PKO,60,20221004,130000,22.57,22.69,22.54,22.63,243326,0
PKO,60,20221004,140000,22.63,22.64,22.38,22.55,159756,0
PKO,60,20221004,150000,22.54,22.61,22.42,22.58,137045,0
PKO,60,20221004,160000,22.58,22.64,22.54,22.6,421315,0
PKO,60,20221004,170000,22.6,22.97,22.6,22.94,938583,0
PKO,60,20221005,100000,22.9,22.93,22.51,22.61,231046,0
PKO,60,20221005,110000,22.6,22.73,22.4,22.58,191100,0
PKO,60,20221005,120000,22.58,22.63,22.48,22.6,131314,0
PKO,60,20221005,130000,22.59,22.6,22.45,22.51,173544,0
PKO,60,20221005,140000,22.51,22.56,22.32,22.43,171988,0
PKO,60,20221005,150000,22.42,22.44,22.22,22.26,234563,0
PKO,60,20221005,160000,22.25,22.39,22.13,22.36,363853,0
PKO,60,20221005,170000,22.35,22.35,22,22,644397,0
PKO,60,20221006,100000,22.3,22.62,22.17,22.42,423759,0
PKO,60,20221006,110000,22.41,22.51,22.23,22.34,249516,0
PKO,60,20221006,120000,22.32,22.43,22.16,22.18,189719,0
PKO,60,20221006,130000,22.16,22.35,22.05,22.08,815516,0
PKO,60,20221006,140000,22.06,22.46,22.06,22.32,305311,0
PKO,60,20221006,150000,22.3,22.56,22.3,22.47,271023,0
PKO,60,20221006,160000,22.47,22.5,22.16,22.2,318576,0
PKO,60,20221006,170000,22.2,22.22,22,22.11,811906,0
PKO,60,20221007,100000,22.11,22.4,22,22.2,248125,0
PKO,60,20221007,110000,22.2,22.33,22.04,22.13,171157,0
PKO,60,20221007,120000,22.17,22.26,22.14,22.17,519821,0
PKO,60,20221007,130000,22.15,22.21,22,22.07,582937,0
PKO,60,20221007,140000,22.07,22.07,22,22.05,233596,0
PKO,60,20221007,150000,22.05,22.22,22,22.05,371990,0
PKO,60,20221007,160000,22.08,22.27,22,22.01,515676,0
PKO,60,20221007,170000,22.01,22.27,22,22.2,656057,0
PKO,60,20221010,100000,22.01,22.09,21.67,21.69,456575,0
PKO,60,20221010,110000,21.71,21.85,21.57,21.7,268945,0
PKO,60,20221010,120000,21.73,21.93,21.62,21.83,476669,0
PKO,60,20221010,130000,21.82,21.85,21.57,21.61,442387,0
PKO,60,20221010,140000,21.61,21.82,21.6,21.74,152898,0
PKO,60,20221010,150000,21.72,21.92,21.64,21.89,175015,0
PKO,60,20221010,160000,21.89,21.96,21.54,21.59,342840,0
PKO,60,20221010,170000,21.57,21.61,21.4,21.47,648264,0
PKO,60,20221011,100000,21.4,21.48,21.22,21.33,302251,0
PKO,60,20221011,110000,21.33,21.41,21.28,21.31,144981,0
PKO,60,20221011,120000,21.31,21.45,21.25,21.34,157057,0
PKO,60,20221011,130000,21.34,21.6,21.31,21.54,231016,0
PKO,60,20221011,140000,21.55,21.81,21.53,21.74,270006,0
PKO,60,20221011,150000,21.73,22.15,21.7,22.1,510938,0
PKO,60,20221011,160000,22.09,22.1,21.78,21.78,298330,0
PKO,60,20221011,170000,21.76,21.82,21.6,21.7,812382,0
PKO,60,20221012,100000,21.88,21.94,21.44,21.59,328373,0
PKO,60,20221012,110000,21.57,21.83,21.57,21.71,166336,0
PKO,60,20221012,120000,21.72,21.96,21.64,21.84,213313,0
PKO,60,20221012,130000,21.85,21.86,21.67,21.79,124381,0
PKO,60,20221012,140000,21.79,21.82,21.63,21.64,133573,0
PKO,60,20221012,150000,21.62,22.01,21.54,21.95,1243344,0
PKO,60,20221012,160000,21.95,22.23,21.84,22.08,629271,0
PKO,60,20221012,170000,22.08,22.15,21.94,22.1,1201623,0
PKO,60,20221013,100000,22.06,22.15,21.85,22,760030,0
PKO,60,20221013,110000,21.98,22.05,21.86,21.97,262416,0
PKO,60,20221013,120000,21.98,22.08,21.93,22.05,226232,0
PKO,60,20221013,130000,22.04,22.06,21.76,21.89,368514,0
PKO,60,20221013,140000,21.89,21.97,21.87,21.92,208535,0
PKO,60,20221013,150000,21.93,22.1,21.35,21.53,694143,0
PKO,60,20221013,160000,21.54,21.75,21.45,21.72,446267,0
PKO,60,20221013,170000,21.73,22.01,21.68,21.88,1191846,0
PKO,60,20221014,100000,22.48,22.6,22.25,22.32,341061,0
PKO,60,20221014,110000,22.3,22.49,22.24,22.3,239172,0
PKO,60,20221014,120000,22.28,22.45,22.24,22.44,124509,0
PKO,60,20221014,130000,22.44,22.68,22.39,22.56,334953,0
PKO,60,20221014,140000,22.57,22.57,22.28,22.3,265458,0
PKO,60,20221014,150000,22.3,22.67,22.29,22.66,211350,0
PKO,60,20221014,160000,22.65,22.82,22.59,22.63,454494,0
PKO,60,20221014,170000,22.62,22.62,22.38,22.54,758846,0
PKO,60,20221017,100000,22.52,22.71,22.27,22.44,216846,0
PKO,60,20221017,110000,22.41,22.43,22.27,22.37,187278,0
PKO,60,20221017,120000,22.41,22.5,22.37,22.42,81008,0
PKO,60,20221017,130000,22.43,22.5,22.35,22.4,61176,0
PKO,60,20221017,140000,22.41,22.53,22.35,22.5,95780,0
PKO,60,20221017,150000,22.5,22.61,22.45,22.53,164038,0
PKO,60,20221017,160000,22.54,22.87,22.53,22.74,349384,0
PKO,60,20221017,170000,22.74,22.95,22.74,22.93,573486,0
PKO,60,20221018,100000,23.18,23.73,23.15,23.67,497864,0
PKO,60,20221018,110000,23.67,23.86,23.61,23.69,432478,0
PKO,60,20221018,120000,23.7,23.77,23.58,23.64,219510,0
PKO,60,20221018,130000,23.62,23.85,23.62,23.71,287696,0
PKO,60,20221018,140000,23.7,23.82,23.66,23.77,969425,0
PKO,60,20221018,150000,23.77,23.92,23.75,23.82,252367,0
PKO,60,20221018,160000,23.82,23.89,23.58,23.68,310941,0
PKO,60,20221018,170000,23.69,23.8,23.5,23.73,837886,0
PKO,60,20221019,100000,23.8,23.94,23.57,23.66,210858,0
PKO,60,20221019,110000,23.65,23.67,23.36,23.5,177276,0
PKO,60,20221019,120000,23.5,23.81,23.46,23.72,172316,0
PKO,60,20221019,130000,23.72,23.72,23.46,23.48,137337,0
PKO,60,20221019,140000,23.49,23.5,23.31,23.41,197301,0
PKO,60,20221019,150000,23.41,23.53,23.23,23.35,422897,0
PKO,60,20221019,160000,23.36,23.44,23.18,23.23,918166,0
PKO,60,20221019,170000,23.24,23.45,23.21,23.21,808475,0
PKO,60,20221020,100000,23.2,23.59,22.9,23.37,578521,0
PKO,60,20221020,110000,23.35,23.61,23.28,23.42,328197,0
PKO,60,20221020,120000,23.41,23.54,23.39,23.43,89058,0
PKO,60,20221020,130000,23.44,23.58,23.29,23.58,122622,0
PKO,60,20221020,140000,23.57,23.68,23.44,23.65,235974,0
PKO,60,20221020,150000,23.65,23.82,23.57,23.57,290336,0
PKO,60,20221020,160000,23.55,23.77,23.48,23.71,240569,0
PKO,60,20221020,170000,23.71,24.24,23.71,24.1,2239088,0
PKO,60,20221021,100000,24.05,24.61,23.9,24.38,572176,0
PKO,60,20221021,110000,24.38,24.43,24.06,24.16,212050,0
PKO,60,20221021,120000,24.16,24.49,24.14,24.2,407924,0
PKO,60,20221021,130000,24.2,24.29,23.93,24.05,281988,0
PKO,60,20221021,140000,24.09,24.21,23.98,24.12,261392,0
PKO,60,20221021,150000,24.12,24.14,23.8,23.93,239364,0
PKO,60,20221021,160000,23.94,24.37,23.94,24.31,327220,0
PKO,60,20221021,170000,24.34,24.55,24.24,24.25,625381,0
PKO,60,20221024,100000,24.61,24.83,24.21,24.4,494391,0
PKO,60,20221024,110000,24.4,24.42,24.13,24.21,256986,0
PKO,60,20221024,120000,24.2,24.44,24.17,24.43,142822,0
PKO,60,20221024,130000,24.44,24.5,24.35,24.48,174789,0
PKO,60,20221024,140000,24.5,24.5,24.27,24.43,207527,0
PKO,60,20221024,150000,24.4,24.73,24.39,24.7,390656,0
PKO,60,20221024,160000,24.7,24.92,24.65,24.87,376462,0
PKO,60,20221024,170000,24.85,24.85,24.32,24.52,838263,0
PKO,60,20221025,100000,24.5,24.73,24.35,24.7,187028,0
PKO,60,20221025,110000,24.7,24.83,24.46,24.6,229998,0
PKO,60,20221025,120000,24.6,24.62,24.2,24.26,182698,0
PKO,60,20221025,130000,24.26,24.32,24.18,24.24,168988,0
PKO,60,20221025,140000,24.24,24.38,24.21,24.28,120806,0
PKO,60,20221025,150000,24.28,24.29,24.03,24.08,138530,0
PKO,60,20221025,160000,24.12,24.43,24.12,24.42,295595,0
PKO,60,20221025,170000,24.42,24.54,24.37,24.49,834301,0
PKO,60,20221026,100000,24.49,24.81,24.3,24.68,299169,0
PKO,60,20221026,110000,24.65,24.78,24.65,24.68,158024,0
PKO,60,20221026,120000,24.7,24.74,24.58,24.61,168207,0
PKO,60,20221026,130000,24.63,24.74,24.59,24.69,119116,0
PKO,60,20221026,140000,24.7,24.72,24.5,24.53,152452,0
PKO,60,20221026,150000,24.53,24.56,24.33,24.52,348842,0
PKO,60,20221026,160000,24.54,24.75,24.46,24.62,392700,0
PKO,60,20221026,170000,24.64,24.98,24.64,24.86,804291,0
PKO,60,20221027,100000,24.85,24.99,24.63,24.88,192425,0
PKO,60,20221027,110000,24.89,25.03,24.81,24.87,151156,0
PKO,60,20221027,120000,24.87,24.96,24.81,24.91,99726,0
PKO,60,20221027,130000,24.91,24.92,24.73,24.77,110025,0
PKO,60,20221027,140000,24.79,24.88,24.76,24.78,97301,0
PKO,60,20221027,150000,24.78,25.1,24.78,25.1,260090,0
PKO,60,20221027,160000,25.1,25.26,24.95,25.1,384694,0
PKO,60,20221027,170000,25.1,25.48,25.07,25.31,1066765,0
PKO,60,20221028,100000,25.1,25.29,24.91,25.09,354792,0
PKO,60,20221028,110000,25.07,25.17,24.96,25.14,365987,0
PKO,60,20221028,120000,25.15,25.28,25.01,25.28,227476,0
PKO,60,20221028,130000,25.26,25.34,25.17,25.3,261909,0
PKO,60,20221028,140000,25.31,25.49,25.26,25.4,306899,0
PKO,60,20221028,150000,25.39,25.64,25.32,25.6,400163,0
PKO,60,20221028,160000,25.6,25.85,25.58,25.75,450170,0
PKO,60,20221028,170000,25.75,25.86,25.7,25.72,761373,0
PKO,60,20221031,100000,25.89,25.94,25.64,25.69,270606,0
PKO,60,20221031,110000,25.71,25.99,25.68,25.91,313372,0
PKO,60,20221031,120000,25.9,25.93,25.75,25.86,182851,0
PKO,60,20221031,130000,25.86,26.02,25.86,25.91,361482,0
PKO,60,20221031,140000,25.9,25.98,25.83,25.98,260660,0
PKO,60,20221031,150000,25.97,26.02,25.86,25.9,488960,0
PKO,60,20221031,160000,25.89,26.05,25.89,26.01,559080,0
PKO,60,20221031,170000,26.01,26.08,25.95,26.07,1116878,0
PKO,60,20221102,100000,26.21,26.49,25.75,25.82,812315,0
PKO,60,20221102,110000,25.82,26.19,25.75,26.14,469202,0
PKO,60,20221102,120000,26.14,26.17,25.93,26.08,365264,0
PKO,60,20221102,130000,26.09,26.34,26.06,26.06,337131,0
PKO,60,20221102,140000,26.06,26.13,25.79,26.05,344087,0
PKO,60,20221102,150000,26.06,26.42,26.01,26.29,485438,0
PKO,60,20221102,160000,26.26,26.34,25.94,25.95,544442,0
PKO,60,20221102,170000,25.96,26.41,25.96,26.41,1000090,0
PKO,60,20221103,100000,25.8,25.9,25.5,25.84,437154,0
PKO,60,20221103,110000,25.84,25.96,25.8,25.92,224569,0
PKO,60,20221103,120000,25.92,25.95,25.73,25.75,199759,0
PKO,60,20221103,130000,25.75,25.9,25.75,25.85,104103,0
PKO,60,20221103,140000,25.84,26.05,25.74,25.75,237140,0
PKO,60,20221103,150000,25.77,25.91,25.63,25.63,331135,0
PKO,60,20221103,160000,25.64,25.93,25.55,25.92,502187,0
PKO,60,20221103,170000,25.93,25.98,25.79,25.9,781185,0
PKO,60,20221104,100000,25.95,26.19,25.64,25.77,458543,0
PKO,60,20221104,110000,25.79,25.87,25.6,25.6,420433,0
PKO,60,20221104,120000,25.59,25.73,25.52,25.7,335074,0
PKO,60,20221104,130000,25.71,25.74,25.43,25.54,364981,0
PKO,60,20221104,140000,25.55,25.82,25.45,25.79,352651,0
PKO,60,20221104,150000,25.79,25.94,25.72,25.85,433867,0
PKO,60,20221104,160000,25.84,25.94,25.77,25.8,385655,0
PKO,60,20221104,170000,25.78,25.85,25.61,25.65,849030,0
PKO,60,20221107,100000,25.65,26.54,25.63,26.47,758842,0
PKO,60,20221107,110000,26.5,26.89,26.48,26.75,437892,0
PKO,60,20221107,120000,26.72,26.84,26.57,26.68,387923,0
PKO,60,20221107,130000,26.67,26.74,26.52,26.62,276063,0
PKO,60,20221107,140000,26.63,26.64,26.42,26.54,225524,0
PKO,60,20221107,150000,26.55,26.67,26.51,26.59,208077,0
PKO,60,20221107,160000,26.6,26.64,26.29,26.47,325038,0
PKO,60,20221107,170000,26.48,26.64,26.4,26.63,781195,0
PKO,60,20221108,100000,26.65,26.66,26.25,26.6,190823,0
PKO,60,20221108,110000,26.6,26.74,26.48,26.64,133532,0
PKO,60,20221108,120000,26.63,26.67,26.39,26.53,170382,0
PKO,60,20221108,130000,26.55,26.59,26.38,26.44,141936,0
PKO,60,20221108,140000,26.45,26.45,26.26,26.39,123645,0
PKO,60,20221108,150000,26.39,26.44,26.27,26.27,133223,0
PKO,60,20221108,160000,26.27,26.52,26.25,26.47,237890,0
PKO,60,20221108,170000,26.45,26.68,26.41,26.68,881666,0
PKO,60,20221109,100000,26.68,27.27,26.64,26.9,553169,0
PKO,60,20221109,110000,26.9,26.94,26.66,26.66,195511,0
PKO,60,20221109,120000,26.69,26.93,26.66,26.86,209232,0
PKO,60,20221109,130000,26.86,26.88,26.71,26.73,116393,0
PKO,60,20221109,140000,26.73,26.8,26.59,26.64,268270,0
PKO,60,20221109,150000,26.65,26.71,26.51,26.61,165615,0
PKO,60,20221109,160000,26.61,26.75,26.59,26.64,303497,0
PKO,60,20221109,170000,26.64,26.89,26.64,26.77,740843,0
PKO,60,20221110,100000,26.5,26.58,26.15,26.32,983128,0
PKO,60,20221110,110000,26.31,26.69,26.2,26.61,168103,0
PKO,60,20221110,120000,26.61,26.94,26.61,26.94,261129,0
PKO,60,20221110,130000,26.92,26.92,26.61,26.67,109012,0
PKO,60,20221110,140000,26.65,26.79,26.65,26.75,80186,0
PKO,60,20221110,150000,26.75,27.69,26.73,27.59,1016284,0
PKO,60,20221110,160000,27.55,27.73,27.42,27.51,704097,0
PKO,60,20221110,170000,27.5,27.64,27.46,27.6,1074413,0
PKO,60,20221114,100000,27.61,28.66,27.61,28.25,939284,0
PKO,60,20221114,110000,28.23,28.35,28.16,28.18,629501,0
PKO,60,20221114,120000,28.17,28.35,28.11,28.18,422359,0
PKO,60,20221114,130000,28.18,28.35,28.16,28.17,331500,0
PKO,60,20221114,140000,28.18,28.71,28.17,28.58,574538,0
PKO,60,20221114,150000,28.61,28.89,28.6,28.84,430175,0
PKO,60,20221114,160000,28.82,28.96,28.67,28.77,573481,0
PKO,60,20221114,170000,28.8,28.85,28.33,28.62,1504144,0
PKO,60,20221115,100000,28.71,28.9,28.4,28.76,599522,0
PKO,60,20221115,110000,28.78,28.81,28.64,28.66,298815,0
PKO,60,20221115,120000,28.65,28.81,28.45,28.76,283618,0
PKO,60,20221115,130000,28.75,28.81,28.63,28.71,160095,0
PKO,60,20221115,140000,28.73,28.9,28.71,28.9,366063,0
PKO,60,20221115,150000,28.9,29.46,28.89,29.43,821791,0
PKO,60,20221115,160000,29.44,29.49,29.18,29.45,596079,0
PKO,60,20221115,170000,29.45,29.5,29.25,29.45,932623,0
PKO,60,20221116,100000,29,29.24,28.54,28.82,734444,0
PKO,60,20221116,110000,28.83,29,28.25,28.35,546297,0
PKO,60,20221116,120000,28.38,28.7,28.32,28.4,624578,0
PKO,60,20221116,130000,28.38,28.4,28.1,28.2,620866,0
PKO,60,20221116,140000,28.21,28.3,28.1,28.27,233343,0
PKO,60,20221116,150000,28.28,28.43,28.21,28.34,210385,0
PKO,60,20221116,160000,28.37,28.67,28.37,28.56,315759,0
PKO,60,20221116,170000,28.54,28.79,28.53,28.61,788572,0
PKO,60,20221117,100000,28.73,28.78,28.13,28.22,388676,0
PKO,60,20221117,110000,28.21,28.22,27.42,27.42,784730,0
PKO,60,20221117,120000,27.49,27.66,27.35,27.38,1091873,0
PKO,60,20221117,130000,27.38,27.55,27.34,27.51,257159,0
PKO,60,20221117,140000,27.54,27.7,27.45,27.65,243163,0
PKO,60,20221117,150000,27.64,27.76,27.43,27.74,299942,0
PKO,60,20221117,160000,27.74,28.08,27.73,27.91,439977,0
PKO,60,20221117,170000,27.88,28.15,27.84,27.88,1068207,0
PKO,60,20221118,100000,27.8,27.88,27.4,27.88,282296,0
PKO,60,20221118,110000,27.88,28.18,27.78,28.04,897413,0
PKO,60,20221118,120000,28.04,28.17,27.95,28.15,316681,0
PKO,60,20221118,130000,28.16,28.36,28.07,28.19,386100,0
PKO,60,20221118,140000,28.18,28.3,28.07,28.07,222507,0
PKO,60,20221118,150000,28.07,28.19,28.01,28.07,227872,0
PKO,60,20221118,160000,28.06,28.15,27.84,27.89,350213,0
PKO,60,20221118,170000,27.92,28.1,27.78,28.06,708164,0
PKO,60,20221121,100000,28.06,28.1,27.61,27.84,540830,0
PKO,60,20221121,110000,27.82,28,27.8,27.86,213525,0
PKO,60,20221121,120000,27.88,28.09,27.8,27.82,380874,0
PKO,60,20221121,130000,27.84,27.88,27.62,27.64,222972,0
PKO,60,20221121,140000,27.64,27.88,27.56,27.74,125157,0
PKO,60,20221121,150000,27.74,28.14,27.73,28.08,199507,0
PKO,60,20221121,160000,28.08,28.15,27.89,28.08,643783,0
PKO,60,20221121,170000,28.08,28.2,27.75,27.86,610341,0
PKO,60,20221122,100000,27.73,27.97,27.53,27.93,133816,0
PKO,60,20221122,110000,27.95,28.13,27.9,27.96,258757,0
PKO,60,20221122,120000,27.96,28.09,27.91,28.03,167074,0
PKO,60,20221122,130000,28.02,28.19,27.96,28.16,389358,0
PKO,60,20221122,140000,28.14,28.18,28.07,28.1,123251,0
PKO,60,20221122,150000,28.13,28.43,28.13,28.29,236171,0
PKO,60,20221122,160000,28.29,28.31,28.14,28.21,197756,0
PKO,60,20221122,170000,28.23,28.3,28.06,28.15,471389,0
PKO,60,20221123,100000,28.2,28.38,28.04,28.14,127918,0
PKO,60,20221123,110000,28.13,28.44,28.13,28.38,138548,0
PKO,60,20221123,120000,28.38,28.48,28.23,28.32,172202,0
PKO,60,20221123,130000,28.32,28.32,28.16,28.19,170415,0
PKO,60,20221123,140000,28.2,28.37,28.18,28.31,153600,0
PKO,60,20221123,150000,28.33,28.36,28.02,28.17,218700,0
PKO,60,20221123,160000,28.18,28.29,28.04,28.18,202441,0
PKO,60,20221123,170000,28.18,28.35,28.04,28.07,464909,0
PKO,60,20221124,100000,28.11,28.55,28.07,28.32,329164,0
PKO,60,20221124,110000,28.32,28.79,28.31,28.6,241770,0
PKO,60,20221124,120000,28.59,28.76,28.56,28.74,152500,0
PKO,60,20221124,130000,28.73,28.75,28.62,28.65,66461,0
PKO,60,20221124,140000,28.65,28.78,28.63,28.7,130909,0
PKO,60,20221124,150000,28.68,28.9,28.63,28.84,191675,0
PKO,60,20221124,160000,28.85,28.95,28.78,28.92,304346,0
PKO,60,20221124,170000,28.92,28.96,28.8,28.87,416616,0
PKO,60,20221125,100000,28.78,28.87,28.53,28.75,320933,0
PKO,60,20221125,110000,28.75,28.97,28.71,28.8,121950,0
PKO,60,20221125,120000,28.82,29.03,28.73,28.89,214576,0
PKO,60,20221125,130000,28.91,28.96,28.7,28.73,81616,0
PKO,60,20221125,140000,28.73,28.82,28.7,28.76,24895,0
PKO,60,20221125,150000,28.76,28.76,28.61,28.62,63582,0
PKO,60,20221125,160000,28.63,28.83,28.62,28.82,147303,0
PKO,60,20221125,170000,28.82,28.94,28.75,28.86,696976,0
PKO,60,20221128,100000,28.66,28.92,28.5,28.82,320311,0
PKO,60,20221128,110000,28.82,29.06,28.7,28.72,255121,0
PKO,60,20221128,120000,28.74,28.98,28.69,28.94,121223,0
PKO,60,20221128,130000,28.94,29.14,28.86,29.03,379956,0
PKO,60,20221128,140000,29.03,29.04,28.86,28.96,243172,0
PKO,60,20221128,150000,28.96,29,28.65,28.77,438848,0
PKO,60,20221128,160000,28.78,28.89,28.63,28.71,401915,0
PKO,60,20221128,170000,28.71,28.94,28.54,28.59,980724,0
PKO,60,20221129,100000,28.64,28.79,28.16,28.25,381785,0
PKO,60,20221129,110000,28.23,28.25,28.02,28.16,250561,0
PKO,60,20221129,120000,28.16,28.32,28.15,28.2,110883,0
PKO,60,20221129,130000,28.22,28.32,28.14,28.31,191907,0
PKO,60,20221129,140000,28.34,28.38,28.2,28.3,105159,0
PKO,60,20221129,150000,28.3,28.4,28.24,28.25,126923,0
PKO,60,20221129,160000,28.26,28.4,28.2,28.32,211901,0
PKO,60,20221129,170000,28.31,28.5,28.26,28.35,600487,0
PKO,60,20221130,100000,28.5,28.56,28.15,28.23,232456,0
PKO,60,20221130,110000,28.22,28.69,28.22,28.53,342725,0
PKO,60,20221130,120000,28.51,28.68,28.41,28.67,208556,0
PKO,60,20221130,130000,28.67,28.75,28.53,28.6,266914,0
PKO,60,20221130,140000,28.6,28.73,28.51,28.64,286899,0
PKO,60,20221130,150000,28.64,28.73,28.46,28.54,288985,0
PKO,60,20221130,160000,28.55,28.76,28.43,28.5,452848,0
PKO,60,20221130,170000,28.49,28.53,28.31,28.35,2427744,0
PKO,60,20221201,100000,28.8,29.14,28.7,28.74,417989,0
PKO,60,20221201,110000,28.77,28.94,28.72,28.86,203118,0
PKO,60,20221201,120000,28.86,29.03,28.82,28.84,254540,0
PKO,60,20221201,130000,28.81,29.23,28.78,29.16,541335,0
PKO,60,20221201,140000,29.16,29.23,29.03,29.19,360977,0
PKO,60,20221201,150000,29.17,29.59,29.16,29.38,681827,0
PKO,60,20221201,160000,29.38,29.69,29.34,29.57,797362,0
PKO,60,20221201,170000,29.59,29.73,29.4,29.67,1436067,0
PKO,60,20221202,100000,29.6,29.62,29.22,29.54,591669,0
PKO,60,20221202,110000,29.56,29.74,29.51,29.59,685689,0
PKO,60,20221202,120000,29.6,29.6,29.35,29.52,846474,0
PKO,60,20221202,130000,29.52,29.53,29.16,29.17,382773,0
PKO,60,20221202,140000,29.18,29.18,28.86,29,391119,0
PKO,60,20221202,150000,29,29.17,28.82,28.94,391852,0
PKO,60,20221202,160000,28.94,28.94,28.64,28.82,411958,0
PKO,60,20221202,170000,28.8,28.95,28.76,28.87,908996,0
PKO,60,20221205,100000,29.07,29.35,28.9,29.28,208848,0
PKO,60,20221205,110000,29.27,29.54,29.17,29.53,225042,0
PKO,60,20221205,120000,29.53,29.62,29.46,29.54,256628,0
PKO,60,20221205,130000,29.54,29.64,29.52,29.62,162957,0
PKO,60,20221205,140000,29.62,29.74,29.61,29.7,178150,0
PKO,60,20221205,150000,29.7,29.7,29.4,29.48,248011,0
PKO,60,20221205,160000,29.48,29.52,29.32,29.35,230111,0
PKO,60,20221205,170000,29.35,29.56,29.24,29.35,478003,0
PKO,60,20221206,100000,29.22,29.29,28.65,28.95,642596,0
PKO,60,20221206,110000,28.95,29.03,28.76,28.96,249812,0
PKO,60,20221206,120000,28.96,29.04,28.83,28.97,218655,0
PKO,60,20221206,130000,28.95,29,28.89,28.94,165466,0
PKO,60,20221206,140000,28.92,29.13,28.92,28.96,194229,0
PKO,60,20221206,150000,28.96,29.04,28.91,28.95,198459,0
PKO,60,20221206,160000,28.94,28.97,28.75,28.76,238174,0
PKO,60,20221206,170000,28.77,28.96,28.71,28.85,599276,0
PKO,60,20221207,100000,28.75,28.95,28.52,28.93,147783,0
PKO,60,20221207,110000,28.93,28.99,28.72,28.78,181361,0
PKO,60,20221207,120000,28.76,28.89,28.66,28.75,131529,0
PKO,60,20221207,130000,28.76,28.81,28.62,28.67,97444,0
PKO,60,20221207,140000,28.67,28.71,28.53,28.6,144696,0
PKO,60,20221207,150000,28.6,28.77,28.59,28.67,190350,0
PKO,60,20221207,160000,28.67,28.8,28.55,28.61,315715,0
PKO,60,20221207,170000,28.61,28.87,28.53,28.73,676975,0
PKO,60,20221208,100000,28.63,28.66,28.43,28.58,153204,0
PKO,60,20221208,110000,28.6,28.6,28.35,28.39,133493,0
PKO,60,20221208,120000,28.39,28.46,28.27,28.3,99588,0
PKO,60,20221208,130000,28.31,28.38,28.24,28.31,92412,0
PKO,60,20221208,140000,28.32,28.34,28.23,28.24,75762,0
PKO,60,20221208,150000,28.24,28.34,28.21,28.32,122453,0
PKO,60,20221208,160000,28.32,28.32,28.06,28.21,327867,0
PKO,60,20221208,170000,28.19,28.3,28.14,28.14,731732,0
PKO,60,20221209,100000,28.38,28.56,28.14,28.25,136089,0
PKO,60,20221209,110000,28.28,28.3,28.14,28.3,60785,0
PKO,60,20221209,120000,28.3,28.43,28.2,28.25,97762,0
PKO,60,20221209,130000,28.22,28.3,28.18,28.3,41564,0
PKO,60,20221209,140000,28.3,28.47,28.22,28.46,107728,0
PKO,60,20221209,150000,28.42,28.48,28.2,28.38,164428,0
PKO,60,20221209,160000,28.36,28.53,28.29,28.44,147485,0
PKO,60,20221209,170000,28.44,28.59,28.39,28.59,554590,0
PKO,60,20221212,100000,28.51,28.51,28.16,28.3,118178,0
PKO,60,20221212,110000,28.31,28.65,28.31,28.58,211154,0
PKO,60,20221212,120000,28.58,28.74,28.55,28.7,121244,0
PKO,60,20221212,130000,28.73,28.8,28.7,28.76,159965,0
PKO,60,20221212,140000,28.75,28.85,28.74,28.83,176166,0
PKO,60,20221212,150000,28.84,28.98,28.82,28.96,234199,0
PKO,60,20221212,160000,28.96,28.97,28.76,28.8,188352,0
PKO,60,20221212,170000,28.81,29.05,28.8,29,689242,0
PKO,60,20221213,100000,29,29.09,28.8,29.03,226478,0
PKO,60,20221213,110000,29.01,29.03,28.8,28.85,225572,0
PKO,60,20221213,120000,28.85,28.94,28.79,28.8,213153,0
PKO,60,20221213,130000,28.8,28.98,28.8,28.86,124919,0
PKO,60,20221213,140000,28.83,29.06,28.83,29.05,112736,0
PKO,60,20221213,150000,29.05,29.84,28.97,29.8,636804,0
PKO,60,20221213,160000,29.8,30.08,29.7,29.92,602549,0
PKO,60,20221213,170000,29.93,29.93,29.44,29.44,885952,0
PKO,60,20221214,100000,29.6,29.6,29.22,29.43,157190,0
PKO,60,20221214,110000,29.43,29.48,29.25,29.3,144877,0
PKO,60,20221214,120000,29.31,29.4,29.25,29.38,124362,0
PKO,60,20221214,130000,29.36,29.57,29.35,29.57,170217,0
PKO,60,20221214,140000,29.58,29.64,29.34,29.38,100458,0
PKO,60,20221214,150000,29.38,29.55,29.38,29.51,143793,0
PKO,60,20221214,160000,29.51,29.63,29.42,29.51,345171,0
PKO,60,20221214,170000,29.52,29.53,29.37,29.49,962562,0
PKO,60,20221215,100000,29.18,29.34,29.09,29.18,233098,0
PKO,60,20221215,110000,29.17,29.3,29.03,29.09,130633,0
PKO,60,20221215,120000,29.09,29.4,29.04,29.34,203703,0
PKO,60,20221215,130000,29.31,29.4,29.16,29.22,138744,0
PKO,60,20221215,140000,29.25,29.33,29.15,29.2,133976,0
PKO,60,20221215,150000,29.21,29.24,28.82,28.92,399308,0
PKO,60,20221215,160000,28.89,29.06,28.8,28.87,984561,0
PKO,60,20221215,170000,28.88,29.3,28.88,29.23,862602,0
PKO,60,20221216,100000,29,29,28.66,28.87,737237,0
PKO,60,20221216,110000,28.87,29.01,28.76,28.92,348240,0
PKO,60,20221216,120000,28.92,29,28.81,28.83,346291,0
PKO,60,20221216,130000,28.81,28.98,28.8,28.84,360059,0
PKO,60,20221216,140000,28.84,28.92,28.74,28.81,106031,0
PKO,60,20221216,150000,28.8,28.94,28.79,28.91,129582,0
PKO,60,20221216,160000,28.91,29.04,28.83,28.88,641576,0
PKO,60,20221216,170000,28.88,28.99,28.74,28.91,3590749,0
PKO,60,20221219,100000,28.86,29.31,28.8,29.02,182425,0
PKO,60,20221219,110000,29,29.19,28.95,28.99,138187,0
PKO,60,20221219,120000,28.96,29.15,28.9,28.96,84025,0
PKO,60,20221219,130000,28.95,28.95,28.82,28.93,87688,0
PKO,60,20221219,140000,28.93,28.96,28.89,28.94,69288,0
PKO,60,20221219,150000,28.94,29,28.87,28.96,97386,0
PKO,60,20221219,160000,28.96,29.2,28.94,29,477306,0
PKO,60,20221219,170000,28.99,29.26,28.96,29.1,524522,0
PKO,60,20221220,100000,28.93,29.2,28.8,29.09,168489,0
PKO,60,20221220,110000,29.08,29.24,29.01,29.21,66378,0
PKO,60,20221220,120000,29.21,29.34,29.15,29.3,106220,0
PKO,60,20221220,130000,29.31,29.4,29.29,29.36,63957,0
PKO,60,20221220,140000,29.34,29.39,29.26,29.3,49136,0
PKO,60,20221220,150000,29.26,29.28,29.04,29.05,121639,0
PKO,60,20221220,160000,29.05,29.37,29.04,29.31,158233,0
PKO,60,20221220,170000,29.35,29.51,29.3,29.51,370117,0
PKO,60,20221221,100000,29.51,29.6,29.26,29.49,145396,0
PKO,60,20221221,110000,29.48,29.64,29.45,29.49,91386,0
PKO,60,20221221,120000,29.48,29.54,29.35,29.47,65943,0
PKO,60,20221221,130000,29.47,29.76,29.44,29.71,95499,0
PKO,60,20221221,140000,29.75,29.93,29.67,29.88,286823,0
PKO,60,20221221,150000,29.88,30.2,29.85,30.14,517024,0
PKO,60,20221221,160000,30.14,30.32,30.05,30.3,369971,0
PKO,60,20221221,170000,30.28,30.45,30.25,30.42,1258416,0
PKO,60,20221222,100000,30.45,30.75,30.41,30.53,250446,0
PKO,60,20221222,110000,30.54,30.63,30.41,30.44,204750,0
PKO,60,20221222,120000,30.44,30.57,30.3,30.4,184781,0
PKO,60,20221222,130000,30.4,30.4,30.21,30.26,131720,0
PKO,60,20221222,140000,30.25,30.36,30.08,30.24,177793,0
PKO,60,20221222,150000,30.26,30.38,30.22,30.36,117133,0
PKO,60,20221222,160000,30.38,30.55,30.26,30.32,366410,0
PKO,60,20221222,170000,30.33,30.45,30.15,30.27,440630,0
PKO,60,20221223,100000,30.27,30.28,29.9,30.1,114920,0
PKO,60,20221223,110000,30.05,30.08,30.01,30.07,38200,0
PKO,60,20221223,120000,30.08,30.12,30.01,30.05,65308,0
PKO,60,20221223,130000,30.09,30.1,29.95,30.01,128773,0
PKO,60,20221223,140000,30,30.01,29.9,29.99,46556,0
PKO,60,20221223,150000,29.95,30.05,29.86,29.86,169985,0
PKO,60,20221223,160000,29.9,30,29.71,29.96,260120,0
PKO,60,20221223,170000,29.93,30.11,29.92,29.97,317970,0
PKO,60,20221227,100000,30.1,30.27,30,30.04,115527,0
PKO,60,20221227,110000,30.04,30.15,29.95,30.1,64468,0
PKO,60,20221227,120000,30.1,30.17,30.08,30.09,19692,0
PKO,60,20221227,130000,30.09,30.09,29.86,29.93,45628,0
PKO,60,20221227,140000,29.92,30,29.88,30,41313,0
PKO,60,20221227,150000,30.01,30.06,29.95,29.96,44223,0
PKO,60,20221227,160000,29.95,29.99,29.69,29.78,168487,0
PKO,60,20221227,170000,29.75,29.85,29.7,29.7,241371,0
PKO,60,20221228,100000,29.69,29.86,29.55,29.79,129993,0
PKO,60,20221228,110000,29.79,29.96,29.7,29.87,96940,0
PKO,60,20221228,120000,29.88,29.97,29.81,29.91,74575,0
PKO,60,20221228,130000,29.92,29.98,29.84,29.92,91316,0
PKO,60,20221228,140000,29.92,30.08,29.92,30.03,191485,0
PKO,60,20221228,150000,30.03,30.08,29.9,29.93,137033,0
PKO,60,20221228,160000,29.93,30.08,29.89,30.02,181454,0
PKO,60,20221228,170000,30.02,30.05,29.82,29.94,571992,0
PKO,60,20221229,100000,29.98,30.2,29.85,30.16,78849,0
PKO,60,20221229,110000,30.16,30.3,30.15,30.23,101936,0
PKO,60,20221229,120000,30.23,30.36,30.12,30.36,77144,0
PKO,60,20221229,130000,30.37,30.55,30.37,30.4,107113,0
PKO,60,20221229,140000,30.38,30.47,30.35,30.45,37189,0
PKO,60,20221229,150000,30.44,30.45,30.17,30.24,101588,0
PKO,60,20221229,160000,30.25,30.35,30.05,30.28,132461,0
PKO,60,20221229,170000,30.33,30.55,30.26,30.55,752468,0
PKO,60,20221230,100000,30.4,30.48,30.22,30.3,209118,0
PKO,60,20221230,110000,30.3,30.36,30.19,30.34,124048,0
PKO,60,20221230,120000,30.37,30.38,30.3,30.36,39149,0
PKO,60,20221230,130000,30.32,30.37,30.25,30.29,107947,0
PKO,60,20221230,140000,30.3,30.54,30.3,30.52,117634,0
PKO,60,20221230,150000,30.49,30.53,30.4,30.48,106371,0
PKO,60,20221230,160000,30.46,30.48,30.3,30.35,161431,0
PKO,60,20221230,170000,30.35,30.46,30.28,30.29,554151,0
PKO,60,20230102,100000,30.5,30.78,30.32,30.76,103750,0
PKO,60,20230102,110000,30.76,30.89,30.54,30.6,109700,0
PKO,60,20230102,120000,30.59,30.61,30.44,30.44,38836,0
PKO,60,20230102,130000,30.42,30.58,30.42,30.5,41685,0
PKO,60,20230102,140000,30.47,30.48,30.38,30.42,26153,0
PKO,60,20230102,150000,30.41,30.42,30.23,30.28,64735,0
PKO,60,20230102,160000,30.28,30.34,30.24,30.28,38062,0
PKO,60,20230102,170000,30.28,30.4,30.26,30.27,143760,0
PKO,60,20230103,100000,30.3,30.66,30.29,30.66,143302,0
PKO,60,20230103,110000,30.65,31.37,30.61,31.34,406482,0
PKO,60,20230103,120000,31.33,31.65,31.32,31.5,540320,0
PKO,60,20230103,130000,31.5,31.68,31.32,31.54,581882,0
PKO,60,20230103,140000,31.53,31.66,31.45,31.65,195971,0
PKO,60,20230103,150000,31.64,32.06,31.62,32,414596,0
PKO,60,20230103,160000,32,32.18,31.81,31.86,512261,0
PKO,60,20230103,170000,31.88,31.99,31.66,31.76,879531,0
PKO,60,20230104,100000,31.81,32.5,31.72,32.33,826376,0
PKO,60,20230104,110000,32.34,32.67,32.25,32.6,369519,0
PKO,60,20230104,120000,32.61,32.61,32.28,32.48,442666,0
PKO,60,20230104,130000,32.47,32.5,32.28,32.34,142866,0
PKO,60,20230104,140000,32.33,32.46,32.29,32.46,129827,0
PKO,60,20230104,150000,32.46,32.77,32.46,32.77,348905,0
PKO,60,20230104,160000,32.78,32.83,32.64,32.69,315864,0
PKO,60,20230104,170000,32.67,32.67,32.35,32.67,1273394,0
PKO,60,20230105,100000,32.53,32.94,32.19,32.9,475071,0
PKO,60,20230105,110000,32.92,33.39,32.9,33.35,685133,0
PKO,60,20230105,120000,33.35,33.41,33,33.1,521153,0
PKO,60,20230105,130000,33.14,33.2,33.01,33.14,269855,0
PKO,60,20230105,140000,33.13,33.29,32.8,32.9,402872,0
PKO,60,20230105,150000,32.9,33.02,32.55,32.66,579096,0
PKO,60,20230105,160000,32.66,32.98,32.65,32.94,543902,0
PKO,60,20230105,170000,32.94,33.19,32.8,33.19,1568362,0
PKO,60,20230109,100000,33.5,34.12,33.5,33.76,794594,0
PKO,60,20230109,110000,33.76,34.09,33.7,33.88,275609,0
PKO,60,20230109,120000,33.89,34.17,33.87,34.06,383121,0
PKO,60,20230109,130000,34.09,34.12,33.87,34.02,265446,0
PKO,60,20230109,140000,34.02,34.18,34.02,34.06,408794,0
PKO,60,20230109,150000,34.06,34.09,33.83,33.93,235856,0
PKO,60,20230109,160000,33.93,34.07,33.83,34.05,338543,0
PKO,60,20230109,170000,34.07,34.5,33.96,34.43,1152410,0
PKO,60,20230110,100000,34.18,34.21,33.77,33.9,673016,0
PKO,60,20230110,110000,33.9,34,33.84,33.85,687781,0
PKO,60,20230110,120000,33.86,34.36,33.84,34.2,309790,0
PKO,60,20230110,130000,34.19,34.22,34.04,34.15,209499,0
PKO,60,20230110,140000,34.15,34.3,34.1,34.28,219989,0
PKO,60,20230110,150000,34.27,34.48,34.15,34.46,306437,0
PKO,60,20230110,160000,34.49,34.64,34.29,34.52,665212,0
PKO,60,20230110,170000,34.5,35.19,34.48,35,1849647,0
PKO,60,20230111,100000,35,35.44,34.9,34.99,734249,0
PKO,60,20230111,110000,34.99,35.04,34.57,34.93,643542,0
PKO,60,20230111,120000,34.93,35.21,34.63,34.65,613189,0
PKO,60,20230111,130000,34.68,35.05,34.59,34.95,540862,0
PKO,60,20230111,140000,34.92,35.1,34.86,34.91,387440,0
PKO,60,20230111,150000,34.91,34.94,34.7,34.77,766666,0
PKO,60,20230111,160000,34.76,34.77,34.52,34.61,552323,0
PKO,60,20230111,170000,34.62,34.67,34.35,34.45,1425121,0
PKO,60,20230112,100000,34.67,35.41,34.67,35.31,906218,0
PKO,60,20230112,110000,35.33,35.76,35.21,35.72,725948,0
PKO,60,20230112,120000,35.7,35.88,35.49,35.81,848102,0
PKO,60,20230112,130000,35.81,35.96,35.7,35.77,613462,0
PKO,60,20230112,140000,35.77,35.86,35.7,35.77,347340,0
PKO,60,20230112,150000,35.77,36.05,35.53,35.83,857672,0
PKO,60,20230112,160000,35.83,35.88,35.35,35.46,559185,0
PKO,60,20230112,170000,35.46,35.6,35.29,35.58,1257584,0
PKO,60,20230113,100000,35.6,35.76,35.27,35.44,427738,0
PKO,60,20230113,110000,35.44,35.5,35.3,35.34,221232,0
PKO,60,20230113,120000,35.31,35.5,35.18,35.5,273080,0
PKO,60,20230113,130000,35.5,35.5,35.25,35.3,323107,0
PKO,60,20230113,140000,35.3,35.3,34.83,34.94,393433,0
PKO,60,20230113,150000,34.92,35.1,34.72,34.83,341130,0
PKO,60,20230113,160000,34.82,35.15,34.38,35.09,715267,0
PKO,60,20230113,170000,35.09,35.39,35.02,35.32,1020687,0
PKO,60,20230116,100000,35.3,35.4,34.67,34.9,2656007,0
PKO,60,20230116,110000,34.9,35.27,34.8,35.1,181320,0
PKO,60,20230116,120000,35.15,35.4,35.02,35.33,395429,0
PKO,60,20230116,130000,35.33,35.78,35.3,35.74,272824,0
PKO,60,20230116,140000,35.74,35.87,35.7,35.86,189508,0
PKO,60,20230116,150000,35.86,35.96,35.7,35.9,262904,0
PKO,60,20230116,160000,35.9,36.13,35.87,36.04,494658,0
PKO,60,20230116,170000,36.03,36.1,35.65,35.82,669339,0
PKO,60,20230117,100000,35.6,35.75,34.86,34.96,419743,0
PKO,60,20230117,110000,34.98,35.14,34.82,35.04,305217,0
PKO,60,20230117,120000,35.04,35.1,34.74,34.92,372147,0
PKO,60,20230117,130000,34.92,34.99,34.48,34.78,471645,0
PKO,60,20230117,140000,34.8,35.07,34.75,35.05,232745,0
PKO,60,20230117,150000,35.05,35.1,34.94,35,291732,0
PKO,60,20230117,160000,35.01,35.02,34.67,34.82,478983,0
PKO,60,20230117,170000,34.81,34.97,34.6,34.64,1490658,0
PKO,60,20230118,100000,34.64,34.77,34.13,34.39,879350,0
PKO,60,20230118,110000,34.4,34.57,33.94,34.19,713880,0
PKO,60,20230118,120000,34.2,34.2,33.91,34.05,825899,0
PKO,60,20230118,130000,34.05,34.14,33.85,33.93,392229,0
PKO,60,20230118,140000,33.93,34.01,33.74,33.98,319723,0
PKO,60,20230118,150000,33.98,34.29,33.94,34.17,955946,0
PKO,60,20230118,160000,34.18,34.58,34.07,34.31,736761,0
PKO,60,20230118,170000,34.31,34.36,34.01,34.13,1129946,0
PKO,60,20230119,100000,34,34.33,33.8,34.17,449608,0
PKO,60,20230119,110000,34.18,34.3,33.85,33.89,3620107,0
PKO,60,20230119,120000,33.9,33.92,33.44,33.68,359375,0
PKO,60,20230119,130000,33.66,33.74,33.44,33.61,291775,0
PKO,60,20230119,140000,33.65,33.72,33.55,33.63,268371,0
PKO,60,20230119,150000,33.63,33.76,33.41,33.6,214582,0
PKO,60,20230119,160000,33.62,34.05,33.55,34.01,576232,0
PKO,60,20230119,170000,34.01,34.14,33.81,33.9,890454,0
PKO,60,20230120,100000,34,34.07,33.83,33.96,207027,0
PKO,60,20230120,110000,33.96,34.05,33.84,33.87,127068,0
PKO,60,20230120,120000,33.86,33.9,33.7,33.75,190842,0
PKO,60,20230120,130000,33.75,33.77,33.53,33.59,205557,0
PKO,60,20230120,140000,33.57,33.89,33.5,33.87,250167,0
PKO,60,20230120,150000,33.84,33.91,33.76,33.82,142519,0
PKO,60,20230120,160000,33.8,33.93,33.68,33.9,302700,0
PKO,60,20230120,170000,33.86,34,33.84,33.88,647511,0
PKO,60,20230123,100000,34.1,34.25,33.86,34,358468,0
PKO,60,20230123,110000,33.97,34.08,33.86,34.03,488095,0
PKO,60,20230123,120000,34,34.39,33.87,34.29,549633,0
PKO,60,20230123,130000,34.31,34.4,34.04,34.06,354721,0
PKO,60,20230123,140000,34.04,34.32,34.02,34.28,1159452,0
PKO,60,20230123,150000,34.26,34.29,33.98,33.99,143354,0
PKO,60,20230123,160000,33.99,34.02,33.82,33.96,270791,0
PKO,60,20230123,170000,33.95,34.24,33.86,34.05,624438,0
PKO,60,20230124,100000,34.2,34.41,34.06,34.18,254941,0
PKO,60,20230124,110000,34.18,34.21,33.9,33.94,330812,0
PKO,60,20230124,120000,33.93,33.95,33.28,33.72,1073101,0
PKO,60,20230124,130000,33.72,34.02,33.61,33.93,168893,0
PKO,60,20230124,140000,33.92,34,33.84,33.84,114432,0
PKO,60,20230124,150000,33.87,34.01,33.86,33.95,130326,0
PKO,60,20230124,160000,33.97,33.98,33.74,33.84,135018,0
PKO,60,20230124,170000,33.88,33.98,33.72,33.98,700765,0
PKO,60,20230125,100000,32.71,32.95,32.1,32.58,2817333,0
PKO,60,20230125,110000,32.58,32.85,32.42,32.7,1446070,0
PKO,60,20230125,120000,32.71,32.88,32.52,32.78,448949,0
PKO,60,20230125,130000,32.78,32.84,32.53,32.75,454167,0
PKO,60,20230125,140000,32.72,32.93,32.51,32.55,689506,0
PKO,60,20230125,150000,32.57,32.77,32.45,32.48,412666,0
PKO,60,20230125,160000,32.46,32.67,32.41,32.54,471876,0
PKO,60,20230125,170000,32.56,32.73,32.41,32.62,1074696,0
PKO,60,20230126,100000,32.98,33.09,32.34,32.4,441700,0
PKO,60,20230126,110000,32.44,32.5,32.21,32.49,301413,0
PKO,60,20230126,120000,32.47,32.72,32.42,32.48,271930,0
PKO,60,20230126,130000,32.49,32.55,32.41,32.5,224874,0
PKO,60,20230126,140000,32.5,32.79,32.4,32.7,252647,0
PKO,60,20230126,150000,32.71,32.74,32.47,32.57,371263,0
PKO,60,20230126,160000,32.58,32.7,32.45,32.57,456941,0
PKO,60,20230126,170000,32.57,32.8,32.5,32.63,823914,0
PKO,60,20230127,100000,32.89,32.96,32.58,32.69,214294,0
PKO,60,20230127,110000,32.71,32.9,32.53,32.59,322961,0
PKO,60,20230127,120000,32.6,32.68,32.33,32.66,313711,0
PKO,60,20230127,130000,32.65,32.79,32.62,32.71,248489,0
PKO,60,20230127,140000,32.69,32.73,32.42,32.46,135935,0
PKO,60,20230127,150000,32.43,32.56,32.33,32.37,264542,0
PKO,60,20230127,160000,32.37,32.55,32.3,32.38,347663,0
PKO,60,20230127,170000,32.38,32.43,32.18,32.22,753178,0
PKO,60,20230130,100000,32.2,32.2,31.63,31.82,364569,0
PKO,60,20230130,110000,31.82,31.89,31.54,31.55,312934,0
PKO,60,20230130,120000,31.54,31.64,31.5,31.6,324316,0
PKO,60,20230130,130000,31.6,31.68,31.53,31.6,234682,0
PKO,60,20230130,140000,31.6,31.66,31.55,31.59,198126,0
PKO,60,20230130,150000,31.58,31.66,31.54,31.64,212875,0
PKO,60,20230130,160000,31.64,31.64,31.43,31.53,330639,0
PKO,60,20230130,170000,31.53,31.56,31.36,31.53,915857,0
PKO,60,20230131,100000,31.4,31.87,31.23,31.82,467290,0
PKO,60,20230131,110000,31.82,32.16,31.76,32.13,500947,0
PKO,60,20230131,120000,32.11,32.19,32.02,32.14,213064,0
PKO,60,20230131,130000,32.14,32.33,32,32.3,251296,0
PKO,60,20230131,140000,32.32,32.39,32.08,32.19,276407,0
PKO,60,20230131,150000,32.19,32.3,32.02,32.06,525443,0
PKO,60,20230131,160000,32.06,32.29,32.06,32.15,268131,0
PKO,60,20230131,170000,32.17,32.3,32.07,32.16,1483270,0
PKO,60,20230201,100000,32.2,32.33,31.85,31.9,531840,0
PKO,60,20230201,110000,31.9,32,31.73,31.74,244190,0
PKO,60,20230201,120000,31.76,32.06,31.71,32.03,346576,0
PKO,60,20230201,130000,32.04,32.27,32,32.14,357770,0
PKO,60,20230201,140000,32.15,32.26,32.09,32.22,207312,0
PKO,60,20230201,150000,32.22,32.28,32.06,32.06,259256,0
PKO,60,20230201,160000,32.06,32.21,32.06,32.13,221809,0
PKO,60,20230201,170000,32.11,32.19,32.02,32.16,1148667,0
PKO,60,20230202,100000,32.4,32.65,32.1,32.12,533670,0
PKO,60,20230202,110000,32.12,32.31,32.06,32.27,278095,0
PKO,60,20230202,120000,32.27,32.3,32.12,32.18,257172,0
PKO,60,20230202,130000,32.17,32.4,32.04,32.37,781572,0
PKO,60,20230202,140000,32.38,32.48,32.22,32.44,204165,0
PKO,60,20230202,150000,32.43,32.68,32.35,32.54,631227,0
PKO,60,20230202,160000,32.55,32.63,32.11,32.2,744409,0
PKO,60,20230202,170000,32.2,32.46,32.17,32.35,988327,0
PKO,60,20230203,100000,32.46,32.69,32.23,32.67,260655,0
PKO,60,20230203,110000,32.7,32.87,32.63,32.76,427404,0
PKO,60,20230203,120000,32.75,32.89,32.73,32.83,323125,0
PKO,60,20230203,130000,32.83,32.86,32.64,32.71,196493,0
PKO,60,20230203,140000,32.71,33.02,32.69,32.85,341233,0
PKO,60,20230203,150000,32.88,32.95,32.62,32.91,345789,0
PKO,60,20230203,160000,32.92,32.95,32.63,32.66,359767,0
PKO,60,20230203,170000,32.63,32.86,32.55,32.72,517013,0
PKO,60,20230206,100000,32.57,32.58,32.17,32.27,195765,0
PKO,60,20230206,110000,32.24,32.24,32.04,32.05,215116,0
PKO,60,20230206,120000,32.04,32.09,31.88,31.94,275133,0
PKO,60,20230206,130000,31.97,32,31.88,31.94,157167,0
PKO,60,20230206,140000,31.94,32,31.84,32,184868,0
PKO,60,20230206,150000,32,32.02,31.78,31.8,182706,0
PKO,60,20230206,160000,31.8,31.9,31.74,31.88,218540,0
PKO,60,20230206,170000,31.9,32,31.82,31.84,837876,0
PKO,60,20230207,100000,31.86,32.18,31.65,31.71,286446,0
PKO,60,20230207,110000,31.69,32.06,31.66,32,236831,0
PKO,60,20230207,120000,31.97,32.03,31.83,31.93,215335,0
PKO,60,20230207,130000,31.91,31.96,31.78,31.87,219423,0
PKO,60,20230207,140000,31.85,32,31.81,31.92,183145,0
PKO,60,20230207,150000,31.93,31.94,31.83,31.87,96578,0
PKO,60,20230207,160000,31.87,31.89,31.73,31.85,217308,0
PKO,60,20230207,170000,31.85,31.96,31.76,31.81,840487,0
PKO,60,20230208,100000,32.06,32.32,31.96,32.24,258008,0
PKO,60,20230208,110000,32.24,32.3,32.11,32.16,195420,0
PKO,60,20230208,120000,32.13,32.28,32.11,32.2,162321,0
PKO,60,20230208,130000,32.21,32.38,32.14,32.38,284502,0
PKO,60,20230208,140000,32.36,32.4,32.26,32.31,166704,0
PKO,60,20230208,150000,32.31,32.43,32.25,32.33,220706,0
PKO,60,20230208,160000,32.31,32.33,32.15,32.28,409638,0
PKO,60,20230208,170000,32.28,32.39,32.06,32.25,794824,0
PKO,60,20230209,100000,32.42,32.77,32.32,32.66,192573,0
PKO,60,20230209,110000,32.67,32.88,32.67,32.82,202514,0
PKO,60,20230209,120000,32.85,33.05,32.77,33.01,219375,0
PKO,60,20230209,130000,33.01,33.04,32.93,32.99,135814,0
PKO,60,20230209,140000,32.98,33.23,32.87,32.94,216460,0
PKO,60,20230209,150000,32.95,32.98,32.8,32.87,195581,0
PKO,60,20230209,160000,32.87,32.89,32.7,32.72,332397,0
PKO,60,20230209,170000,32.71,32.85,32.65,32.8,946877,0
PKO,60,20230210,100000,32.6,32.69,32.38,32.66,117683,0
PKO,60,20230210,110000,32.64,32.73,32.49,32.49,222277,0
PKO,60,20230210,120000,32.49,32.52,32.12,32.18,689285,0
PKO,60,20230210,130000,32.16,32.26,32.1,32.22,558967,0
PKO,60,20230210,140000,32.22,32.36,32.2,32.27,208372,0
PKO,60,20230210,150000,32.28,32.36,32.2,32.22,134232,0
PKO,60,20230210,160000,32.22,32.36,32.15,32.29,366664,0
PKO,60,20230210,170000,32.28,32.3,32.12,32.13,747119,0
PKO,60,20230213,100000,32.36,32.44,31.98,32.19,224828,0
PKO,60,20230213,110000,32.17,32.31,31.94,32.09,364381,0
PKO,60,20230213,120000,32.1,32.22,31.99,32.13,291783,0
PKO,60,20230213,130000,32.15,32.27,32.11,32.2,133262,0
PKO,60,20230213,140000,32.21,32.34,32.14,32.3,183687,0
PKO,60,20230213,150000,32.3,32.35,32.16,32.29,256435,0
PKO,60,20230213,160000,32.3,32.37,32.11,32.36,315528,0
PKO,60,20230213,170000,32.34,32.36,32.22,32.3,457680,0
PKO,60,20230214,100000,32.49,32.63,32.24,32.35,226495,0
PKO,60,20230214,110000,32.35,32.47,32.27,32.29,163969,0
PKO,60,20230214,120000,32.29,33.1,32.26,32.97,730299,0
PKO,60,20230214,130000,33,33.09,32.61,32.65,164962,0
PKO,60,20230214,140000,32.62,32.81,32.5,32.52,164157,0
PKO,60,20230214,150000,32.53,32.73,32.42,32.52,230613,0
PKO,60,20230214,160000,32.51,32.65,32.35,32.63,269174,0
PKO,60,20230214,170000,32.64,32.74,32.56,32.74,695436,0
PKO,60,20230215,100000,32.6,32.97,32.49,32.77,825178,0
PKO,60,20230215,110000,32.77,33.14,32.77,32.9,428129,0
PKO,60,20230215,120000,32.9,33.04,32.87,32.94,299140,0
PKO,60,20230215,130000,32.93,33.25,32.88,33.19,409122,0
PKO,60,20230215,140000,33.19,33.31,33.1,33.29,327166,0
PKO,60,20230215,150000,33.29,33.37,33.14,33.21,409154,0
PKO,60,20230215,160000,33.2,33.32,32.98,33.04,452504,0
PKO,60,20230215,170000,33.04,33.15,32.99,33.04,874982,0
PKO,60,20230216,100000,33.11,33.69,33.08,33.55,382951,0
PKO,60,20230216,110000,33.52,33.62,30.66,31.75,1595746,0
PKO,60,20230216,120000,31.71,31.9,31.4,31.75,1809005,0
PKO,60,20230216,130000,31.79,31.87,31.52,31.84,788964,0
PKO,60,20230216,140000,31.84,32.09,31.81,32.03,609050,0
PKO,60,20230216,150000,32.03,32.13,31.82,31.94,682312,0
PKO,60,20230216,160000,31.95,32.32,31.84,32.3,725093,0
PKO,60,20230216,170000,32.3,32.42,32.22,32.36,942607,0
PKO,60,20230217,100000,32.02,32.17,31.8,32.15,644439,0
PKO,60,20230217,110000,32.16,32.34,32.05,32.13,574376,0
PKO,60,20230217,120000,32.14,32.21,32.05,32.17,269234,0
PKO,60,20230217,130000,32.15,32.17,31.89,32.13,239438,0
PKO,60,20230217,140000,32.12,32.29,32.06,32.18,342190,0
PKO,60,20230217,150000,32.18,32.18,31.98,32.1,392681,0
PKO,60,20230217,160000,32.1,32.16,31.98,32.04,521487,0
PKO,60,20230217,170000,32.04,32.1,31.88,31.92,1145979,0
PKO,60,20230220,100000,31.9,32,31.28,31.33,651945,0
PKO,60,20230220,110000,31.3,31.43,31.08,31.22,421436,0
PKO,60,20230220,120000,31.23,31.39,31.2,31.21,176037,0
PKO,60,20230220,130000,31.23,31.39,31.2,31.34,201632,0
PKO,60,20230220,140000,31.34,31.4,31.25,31.36,112652,0
PKO,60,20230220,150000,31.38,31.6,31.27,31.58,408935,0
PKO,60,20230220,160000,31.56,31.61,31.38,31.44,144067,0
PKO,60,20230220,170000,31.45,31.45,31.35,31.35,564960,0
PKO,60,20230221,100000,31.2,31.35,30.92,30.92,449213,0
PKO,60,20230221,110000,30.92,30.94,30.67,30.83,416150,0
PKO,60,20230221,120000,30.83,30.9,30.7,30.81,359886,0
PKO,60,20230221,130000,30.8,30.82,30.6,30.61,384385,0
PKO,60,20230221,140000,30.62,30.62,30.34,30.44,421693,0
PKO,60,20230221,150000,30.45,30.59,30.38,30.58,264518,0
PKO,60,20230221,160000,30.56,30.76,30.45,30.46,353036,0
PKO,60,20230221,170000,30.48,30.73,30.42,30.73,842262,0
PKO,60,20230222,100000,30.7,30.7,30.05,30.14,308370,0
PKO,60,20230222,110000,30.14,30.37,30.1,30.21,329925,0
PKO,60,20230222,120000,30.23,30.32,30.14,30.16,222277,0
PKO,60,20230222,130000,30.17,30.19,29.87,29.89,331090,0
PKO,60,20230222,140000,29.88,30.1,29.86,30.02,331608,0
PKO,60,20230222,150000,30.02,30.09,29.93,30.08,412835,0
PKO,60,20230222,160000,30.08,30.22,30,30.13,520618,0
PKO,60,20230222,170000,30.13,30.13,29.96,30.04,960854,0
PKO,60,20230223,100000,30.02,30.67,29.99,30.62,413082,0
PKO,60,20230223,110000,30.58,30.61,30.35,30.4,321280,0
PKO,60,20230223,120000,30.4,30.61,30.4,30.56,278385,0
PKO,60,20230223,130000,30.56,30.64,30.47,30.54,217585,0
PKO,60,20230223,140000,30.53,30.65,30.44,30.54,225255,0
PKO,60,20230223,150000,30.52,30.63,30.46,30.57,199437,0
PKO,60,20230223,160000,30.58,30.68,30.5,30.61,459538,0
PKO,60,20230223,170000,30.62,30.72,30.41,30.56,788920,0
PKO,60,20230224,100000,30.73,31,30.56,30.82,203816,0
PKO,60,20230224,110000,30.8,30.91,30.67,30.8,156061,0
PKO,60,20230224,120000,30.78,30.96,30.72,30.96,134636,0
PKO,60,20230224,130000,30.97,31.07,30.64,30.7,206154,0
PKO,60,20230224,140000,30.7,30.82,30.67,30.73,86161,0
PKO,60,20230224,150000,30.75,30.93,30.52,30.63,293916,0
PKO,60,20230224,160000,30.6,30.7,30.52,30.62,186387,0
PKO,60,20230224,170000,30.62,30.75,30.45,30.6,472847,0
PKO,60,20230227,100000,30.8,30.8,30.43,30.48,165316,0
PKO,60,20230227,110000,30.46,30.48,30.26,30.42,195492,0
PKO,60,20230227,120000,30.42,30.5,30.29,30.49,97935,0
PKO,60,20230227,130000,30.53,30.62,30.44,30.46,122641,0
PKO,60,20230227,140000,30.46,30.52,30.41,30.46,117727,0
PKO,60,20230227,150000,30.46,30.67,30.33,30.63,223375,0
PKO,60,20230227,160000,30.62,30.63,30.47,30.56,184294,0
PKO,60,20230227,170000,30.58,30.73,30.48,30.56,370511,0
PKO,60,20230228,100000,30.57,30.79,30.38,30.75,143741,0
PKO,60,20230228,110000,30.75,30.88,30.66,30.81,77912,0
PKO,60,20230228,120000,30.78,30.91,30.73,30.86,120647,0
PKO,60,20230228,130000,30.9,31.11,30.83,31.05,215539,0
PKO,60,20230228,140000,31.04,31.18,31.01,31.16,190036,0
PKO,60,20230228,150000,31.11,31.35,30.94,31.02,381414,0
PKO,60,20230228,160000,31.02,31.07,30.88,30.98,147461,0
PKO,60,20230228,170000,30.98,31.08,30.85,31.08,2124486,0
PKO,60,20230301,100000,31.36,31.38,31.06,31.35,134869,0
PKO,60,20230301,110000,31.35,31.48,31.22,31.48,88495,0
PKO,60,20230301,120000,31.46,31.57,31.41,31.47,129052,0
PKO,60,20230301,130000,31.48,31.55,31.36,31.36,79759,0
PKO,60,20230301,140000,31.35,31.55,31.32,31.49,75672,0
PKO,60,20230301,150000,31.48,31.49,31.31,31.34,130099,0
PKO,60,20230301,160000,31.33,31.38,31.28,31.32,110382,0
PKO,60,20230301,170000,31.36,31.39,31.09,31.35,487766,0
PKO,60,20230302,100000,31.08,31.2,30.62,30.87,281204,0
PKO,60,20230302,110000,30.86,30.87,30.72,30.82,144515,0
PKO,60,20230302,120000,30.8,30.8,30.57,30.7,150195,0
PKO,60,20230302,130000,30.7,30.8,30.59,30.62,113088,0
PKO,60,20230302,140000,30.62,30.78,30.62,30.7,126512,0
PKO,60,20230302,150000,30.71,30.78,30.58,30.62,147548,0
PKO,60,20230302,160000,30.64,30.67,30.52,30.57,206700,0
PKO,60,20230302,170000,30.57,30.78,30.4,30.53,748130,0
PKO,60,20230303,100000,30.5,30.98,30.5,30.97,514004,0
PKO,60,20230303,110000,30.98,31.1,30.76,30.82,255123,0
PKO,60,20230303,120000,30.82,30.95,30.8,30.89,46864,0
PKO,60,20230303,130000,30.88,30.94,30.83,30.87,56299,0
PKO,60,20230303,140000,30.89,31.06,30.85,30.89,181318,0
PKO,60,20230303,150000,30.89,30.9,30.62,30.62,138639,0
PKO,60,20230303,160000,30.62,30.73,30.59,30.68,97229,0
PKO,60,20230303,170000,30.68,31,30.63,30.97,392692,0
PKO,60,20230306,100000,31.1,31.47,31.09,31.45,367555,0
PKO,60,20230306,110000,31.45,31.53,31.35,31.5,178570,0
PKO,60,20230306,120000,31.51,31.55,31.32,31.35,100417,0
PKO,60,20230306,130000,31.35,31.4,31.04,31.04,108581,0
PKO,60,20230306,140000,31.04,31.26,31.03,31.25,70980,0
PKO,60,20230306,150000,31.23,31.26,31.14,31.2,128922,0
PKO,60,20230306,160000,31.2,31.37,31.12,31.29,176477,0
PKO,60,20230306,170000,31.29,31.65,31.24,31.6,734241,0
PKO,60,20230307,100000,31.5,31.88,31.3,31.35,357565,0
PKO,60,20230307,110000,31.34,31.6,31.34,31.55,153492,0
PKO,60,20230307,120000,31.55,31.68,31.52,31.56,122386,0
PKO,60,20230307,130000,31.55,31.58,31.42,31.46,103010,0
PKO,60,20230307,140000,31.44,31.46,31.33,31.4,104008,0
PKO,60,20230307,150000,31.4,31.67,31.4,31.61,136173,0
PKO,60,20230307,160000,31.58,31.65,31.31,31.36,286562,0
PKO,60,20230307,170000,31.34,31.34,30.92,30.99,729487,0
PKO,60,20230308,100000,30.98,31.1,30.75,31,142367,0
PKO,60,20230308,110000,31,31,30.77,30.98,76622,0
PKO,60,20230308,120000,30.98,30.98,30.73,30.87,87950,0
PKO,60,20230308,130000,30.87,30.92,30.74,30.79,119764,0
PKO,60,20230308,140000,30.8,30.86,30.72,30.85,166339,0
PKO,60,20230308,150000,30.86,30.93,30.8,30.93,132021,0
PKO,60,20230308,160000,30.9,31,30.8,30.99,164669,0
PKO,60,20230308,170000,30.97,31.18,30.85,31.1,548971,0
PKO,60,20230309,100000,31.13,31.13,30.8,30.87,58150,0
PKO,60,20230309,110000,30.9,30.9,30.66,30.69,84834,0
PKO,60,20230309,120000,30.69,30.79,30.61,30.77,60860,0
PKO,60,20230309,130000,30.78,30.82,30.7,30.77,75678,0
PKO,60,20230309,140000,30.76,30.78,30.63,30.76,88507,0
PKO,60,20230309,150000,30.77,30.9,30.73,30.81,110199,0
PKO,60,20230309,160000,30.82,30.87,30.7,30.72,140490,0
PKO,60,20230309,170000,30.74,30.76,30.5,30.5,509392,0
PKO,60,20230310,100000,30.03,30.18,29.74,30.03,584722,0
PKO,60,20230310,110000,30.04,30.24,29.99,30.05,302076,0
PKO,60,20230310,120000,30.03,30.07,29.87,29.92,141769,0
PKO,60,20230310,130000,29.92,30.03,29.84,29.99,145758,0
PKO,60,20230310,140000,30,30.04,29.9,29.93,135973,0
PKO,60,20230310,150000,29.93,30.07,29.82,30.05,282114,0
PKO,60,20230310,160000,30.03,30.04,29.62,29.74,396781,0
PKO,60,20230310,170000,29.74,29.93,29.71,29.78,1213492,0
PKO,60,20230313,100000,30.03,30.09,29.14,29.15,708658,0
PKO,60,20230313,110000,29.14,29.19,28.62,28.85,624305,0
PKO,60,20230313,120000,28.82,28.9,28.64,28.88,648842,0
PKO,60,20230313,130000,28.88,29.02,28.77,28.82,402157,0
PKO,60,20230313,140000,28.84,28.86,28.64,28.81,302918,0
PKO,60,20230313,150000,28.81,28.92,28.61,28.88,316683,0
PKO,60,20230313,160000,28.87,29.08,28.78,29,498383,0
PKO,60,20230313,170000,29,29.29,28.88,28.91,1293878,0
PKO,60,20230314,100000,28.74,29,28.41,28.62,610324,0
PKO,60,20230314,110000,28.62,28.68,28.38,28.53,341348,0
PKO,60,20230314,120000,28.55,28.6,28.46,28.5,175920,0
PKO,60,20230314,130000,28.5,28.61,28.46,28.48,281656,0
PKO,60,20230314,140000,28.48,28.99,28.44,28.95,460161,0
PKO,60,20230314,150000,28.95,29.1,28.77,29.1,567125,0
PKO,60,20230314,160000,29.07,29.16,28.76,28.78,422954,0
PKO,60,20230314,170000,28.75,28.97,28.75,28.83,859199,0
PKO,60,20230315,100000,29,29.19,28.84,28.95,280456,0
PKO,60,20230315,110000,28.95,29.09,28.43,28.47,303054,0
PKO,60,20230315,120000,28.48,28.54,27.84,27.85,568121,0
PKO,60,20230315,130000,27.89,28.04,27.75,27.83,264378,0
PKO,60,20230315,140000,27.82,27.84,27.53,27.62,293791,0
PKO,60,20230315,150000,27.61,27.79,27.5,27.54,432669,0
PKO,60,20230315,160000,27.54,27.97,27.54,27.9,405375,0
PKO,60,20230315,170000,27.9,28.2,27.83,27.97,1143460,0
PKO,60,20230316,100000,28.2,28.41,27.82,27.85,460276,0
PKO,60,20230316,110000,27.85,27.86,27.52,27.7,299172,0
PKO,60,20230316,120000,27.71,27.74,27.23,27.36,403218,0
PKO,60,20230316,130000,27.36,27.4,27.12,27.16,581732,0
PKO,60,20230316,140000,27.17,27.2,26.81,27,1269363,0
PKO,60,20230316,150000,27,27.04,26.73,27,658746,0
PKO,60,20230316,160000,27,27.02,26.6,26.84,887495,0
PKO,60,20230316,170000,26.84,27.21,26.74,27.2,1944763,0
PKO,60,20230317,100000,27.4,27.9,27.21,27.46,1064320,0
PKO,60,20230317,110000,27.46,27.58,27.32,27.56,293194,0
PKO,60,20230317,120000,27.55,27.56,27.3,27.33,545876,0
PKO,60,20230317,130000,27.33,27.33,27.02,27.3,353961,0
PKO,60,20230317,140000,27.28,27.33,27.13,27.21,466169,0
PKO,60,20230317,150000,27.21,27.33,26.54,26.55,1003170,0
PKO,60,20230317,160000,26.55,26.76,26.12,26.26,826989,0
PKO,60,20230317,170000,26.26,26.55,26.07,26.46,2999540,0
PKO,60,20230320,100000,26.14,26.16,24.83,25.6,1398595,0
PKO,60,20230320,110000,25.63,25.9,25.21,25.79,1044320,0
PKO,60,20230320,120000,25.79,25.94,25.65,25.74,588320,0
PKO,60,20230320,130000,25.73,26,25.66,25.91,708969,0
PKO,60,20230320,140000,25.92,26.3,25.88,26.25,464047,0
PKO,60,20230320,150000,26.25,26.49,26.15,26.4,636461,0
PKO,60,20230320,160000,26.4,26.62,26.08,26.51,724665,0
PKO,60,20230320,170000,26.51,26.94,26.49,26.76,1121093,0
PKO,60,20230321,100000,27.2,27.75,26.88,27.6,887227,0
PKO,60,20230321,110000,27.6,27.79,27.4,27.77,335871,0
PKO,60,20230321,120000,27.79,27.82,27.45,27.54,458639,0
PKO,60,20230321,130000,27.53,27.6,27.34,27.51,418947,0
PKO,60,20230321,140000,27.54,27.65,27.42,27.45,358593,0
PKO,60,20230321,150000,27.47,27.89,27.46,27.85,816590,0
PKO,60,20230321,160000,27.87,27.89,27.67,27.82,576628,0
PKO,60,20230321,170000,27.84,28.08,27.79,27.98,1125144,0
PKO,60,20230322,100000,28.1,28.1,27.6,27.96,304505,0
PKO,60,20230322,110000,27.96,28.37,27.88,28.35,368316,0
PKO,60,20230322,120000,28.35,28.42,28.26,28.35,412768,0
PKO,60,20230322,130000,28.35,28.39,28.15,28.17,191920,0
PKO,60,20230322,140000,28.18,28.25,27.84,27.93,327356,0
PKO,60,20230322,150000,27.92,27.98,27.73,27.8,329643,0
PKO,60,20230322,160000,27.8,27.8,27.62,27.62,593025,0
PKO,60,20230322,170000,27.65,27.68,27.48,27.56,1106511,0
PKO,60,20230323,100000,27.48,27.6,27.22,27.52,244683,0
PKO,60,20230323,110000,27.54,27.56,26.92,26.92,253690,0
PKO,60,20230323,120000,26.92,27.16,26.84,27.16,176073,0
PKO,60,20230323,130000,27.15,27.26,27.08,27.11,99775,0
PKO,60,20230323,140000,27.13,27.32,27.06,27.3,150640,0
PKO,60,20230323,150000,27.3,27.31,27.14,27.27,129046,0
PKO,60,20230323,160000,27.29,27.47,27.2,27.35,236479,0
PKO,60,20230323,170000,27.38,27.55,27.33,27.4,469925,0
PKO,60,20230324,100000,27.1,27.25,26.7,26.85,353243,0
PKO,60,20230324,110000,26.83,26.94,26.43,26.48,232863,0
PKO,60,20230324,120000,26.48,26.63,26.26,26.3,377482,0
PKO,60,20230324,130000,26.32,26.49,26.2,26.47,187688,0
PKO,60,20230324,140000,26.47,26.64,26.34,26.61,200258,0
PKO,60,20230324,150000,26.59,26.59,26.25,26.43,406587,0
PKO,60,20230324,160000,26.43,26.7,26.38,26.68,601723,0
PKO,60,20230324,170000,26.68,26.72,26.5,26.72,607680,0
PKO,60,20230327,100000,27.06,27.25,26.64,26.83,218078,0
PKO,60,20230327,110000,26.83,27,26.83,26.92,75992,0
PKO,60,20230327,120000,26.93,26.99,26.66,26.89,99739,0
PKO,60,20230327,130000,26.89,27.22,26.89,27.16,278773,0
PKO,60,20230327,140000,27.17,27.24,27.01,27.08,320308,0
PKO,60,20230327,150000,27.07,27.2,27.07,27.2,159016,0
PKO,60,20230327,160000,27.18,27.19,27.04,27.1,292352,0
PKO,60,20230327,170000,27.1,27.24,26.98,27.07,559208,0
PKO,60,20230328,100000,27.2,27.67,27.18,27.53,319421,0
PKO,60,20230328,110000,27.52,27.69,27.51,27.62,153419,0
PKO,60,20230328,120000,27.62,27.63,27.24,27.25,224351,0
PKO,60,20230328,130000,27.28,27.41,27.28,27.35,53152,0
PKO,60,20230328,140000,27.36,27.55,27.34,27.39,105154,0
PKO,60,20230328,150000,27.4,27.41,27.08,27.17,210882,0
PKO,60,20230328,160000,27.17,27.27,27.02,27.17,250607,0
PKO,60,20230328,170000,27.16,27.34,27.12,27.2,490935,0
PKO,60,20230329,100000,27.4,27.62,27.14,27.35,198446,0
PKO,60,20230329,110000,27.36,27.67,27.19,27.66,186292,0
PKO,60,20230329,120000,27.63,27.89,27.6,27.72,213475,0
PKO,60,20230329,130000,27.75,27.97,27.7,27.93,257353,0
PKO,60,20230329,140000,27.92,28,27.81,27.99,157173,0
PKO,60,20230329,150000,27.98,28.07,27.92,28.07,321801,0
PKO,60,20230329,160000,28.05,28.12,27.95,28,279263,0
PKO,60,20230329,170000,28,28.16,27.87,28.05,957528,0
PKO,60,20230330,100000,28.21,28.59,28.16,28.53,597659,0
PKO,60,20230330,110000,28.55,28.85,28.5,28.8,237622,0
PKO,60,20230330,120000,28.79,28.82,28.58,28.73,125015,0
PKO,60,20230330,130000,28.69,28.83,28.66,28.73,124886,0
PKO,60,20230330,140000,28.73,28.75,28.58,28.61,148028,0
PKO,60,20230330,150000,28.6,28.75,28.59,28.67,70257,0
PKO,60,20230330,160000,28.68,28.8,28.65,28.76,103040,0
PKO,60,20230330,170000,28.75,28.81,28.62,28.81,465955,0
PKO,60,20230331,100000,28.85,28.93,28.43,28.61,302666,0
PKO,60,20230331,110000,28.61,28.8,28.44,28.67,336026,0
PKO,60,20230331,120000,28.67,28.89,28.66,28.77,204723,0
PKO,60,20230331,130000,28.75,28.8,28.59,28.62,123379,0
PKO,60,20230331,140000,28.62,28.62,28.49,28.56,182533,0
PKO,60,20230331,150000,28.55,28.75,28.55,28.75,195395,0
PKO,60,20230331,160000,28.76,28.77,28.57,28.62,277898,0
PKO,60,20230331,170000,28.64,28.66,28.37,28.52,1116929,0
PKO,60,20230403,100000,28.72,29.35,28.6,29.24,320806,0
PKO,60,20230403,110000,29.24,29.64,29.07,29.57,366808,0
PKO,60,20230403,120000,29.54,29.69,29.54,29.6,383691,0
PKO,60,20230403,130000,29.62,29.73,29.27,29.3,170952,0
PKO,60,20230403,140000,29.27,29.28,28.95,29.21,310690,0
PKO,60,20230403,150000,29.24,29.31,29.11,29.19,86647,0
PKO,60,20230403,160000,29.22,29.33,29.04,29.26,154174,0
PKO,60,20230403,170000,29.27,29.28,29.05,29.05,486062,0
PKO,60,20230404,100000,29.44,29.44,28.96,29.24,245237,0
PKO,60,20230404,110000,29.25,29.4,29.22,29.29,162350,0
PKO,60,20230404,120000,29.27,29.42,29.21,29.3,93530,0
PKO,60,20230404,130000,29.3,29.54,29.29,29.49,126228,0
PKO,60,20230404,140000,29.48,29.5,29.29,29.34,90498,0
PKO,60,20230404,150000,29.32,29.43,29.26,29.42,85508,0
PKO,60,20230404,160000,29.42,29.46,29.12,29.18,131102,0
PKO,60,20230404,170000,29.19,29.25,28.82,28.89,309695,0
PKO,60,20230405,100000,28.9,28.95,28.59,28.83,632527,0
PKO,60,20230405,110000,28.83,28.85,28.55,28.62,73680,0
PKO,60,20230405,120000,28.64,28.8,28.61,28.66,68169,0
PKO,60,20230405,130000,28.65,28.82,28.63,28.82,29533,0
PKO,60,20230405,140000,28.8,28.85,28.63,28.63,68719,0
PKO,60,20230405,150000,28.63,28.68,28.48,28.63,168880,0
PKO,60,20230405,160000,28.63,28.7,28.51,28.67,149443,0
PKO,60,20230405,170000,28.67,28.68,28.47,28.64,542329,0
PKO,60,20230406,100000,28.64,28.78,28.31,28.43,109464,0
PKO,60,20230406,110000,28.43,28.66,28.43,28.58,86425,0
PKO,60,20230406,120000,28.6,28.61,28.41,28.5,69626,0
PKO,60,20230406,130000,28.52,28.64,28.42,28.6,115674,0
PKO,60,20230406,140000,28.62,28.86,28.62,28.86,68978,0
PKO,60,20230406,150000,28.83,28.85,28.72,28.78,58017,0
PKO,60,20230406,160000,28.77,28.85,28.69,28.82,80629,0
PKO,60,20230406,170000,28.82,28.86,28.58,28.67,335214,0
PKO,60,20230411,100000,29,29.06,28.65,28.88,539198,0
PKO,60,20230411,110000,28.88,29.23,28.86,29.1,384441,0
PKO,60,20230411,120000,29.09,29.24,29.06,29.16,216606,0
PKO,60,20230411,130000,29.16,29.34,29.12,29.3,297614,0
PKO,60,20230411,140000,29.3,29.34,29.17,29.29,187122,0
PKO,60,20230411,150000,29.3,29.34,29.21,29.25,372745,0
PKO,60,20230411,160000,29.23,29.25,29.11,29.11,271395,0
PKO,60,20230411,170000,29.11,29.28,29.11,29.25,1154666,0
PKO,60,20230412,100000,29.23,29.31,28.95,29.25,433219,0
PKO,60,20230412,110000,29.27,29.53,29.27,29.46,380173,0
PKO,60,20230412,120000,29.46,29.57,29.34,29.4,273914,0
PKO,60,20230412,130000,29.4,29.56,29.4,29.41,218751,0
PKO,60,20230412,140000,29.42,29.5,29.32,29.36,189411,0
PKO,60,20230412,150000,29.36,29.94,29.35,29.79,810389,0
PKO,60,20230412,160000,29.79,30.13,29.75,29.98,646467,0
PKO,60,20230412,170000,29.99,30.05,29.82,30,1635376,0
PKO,60,20230413,100000,30,30.53,29.8,30.31,1061692,0
PKO,60,20230413,110000,30.28,30.38,30.13,30.16,388893,0
PKO,60,20230413,120000,30.2,30.26,30.11,30.2,219507,0
PKO,60,20230413,130000,30.2,30.26,30.12,30.26,229906,0
PKO,60,20230413,140000,30.25,30.4,30.2,30.35,118482,0
PKO,60,20230413,150000,30.37,30.55,30.29,30.54,422368,0
PKO,60,20230413,160000,30.55,30.69,30.48,30.63,463794,0
PKO,60,20230413,170000,30.64,31.04,30.61,30.83,1045377,0
PKO,60,20230414,100000,31.06,31.37,30.93,31.02,545516,0
PKO,60,20230414,110000,31.01,31.08,30.75,30.85,260243,0
PKO,60,20230414,120000,30.85,30.91,30.72,30.89,118793,0
PKO,60,20230414,130000,30.87,31.02,30.79,31.02,168933,0
PKO,60,20230414,140000,31.01,31.28,30.95,31.04,195754,0
PKO,60,20230414,150000,31.05,31.34,31.05,31.24,272061,0
PKO,60,20230414,160000,31.22,31.58,31.21,31.49,381593,0
PKO,60,20230414,170000,31.48,31.54,31.22,31.29,679297,0
PKO,60,20230417,100000,31.5,31.68,31.39,31.48,210051,0
PKO,60,20230417,110000,31.51,31.79,31.4,31.43,259973,0
PKO,60,20230417,120000,31.41,31.52,31.34,31.48,232970,0
PKO,60,20230417,130000,31.46,31.51,31.33,31.37,97361,0
PKO,60,20230417,140000,31.35,31.45,31.27,31.33,110439,0
PKO,60,20230417,150000,31.3,31.49,31.26,31.44,122273,0
PKO,60,20230417,160000,31.43,31.5,31.3,31.3,235887,0
PKO,60,20230417,170000,31.3,31.4,31.24,31.4,533248,0
PKO,60,20230418,100000,31.4,31.49,31.2,31.45,132345,0
PKO,60,20230418,110000,31.43,32.06,31.4,31.99,267541,0
PKO,60,20230418,120000,32,32.44,31.9,32.43,405524,0
PKO,60,20230418,130000,32.43,32.56,32.31,32.48,329456,0
PKO,60,20230418,140000,32.48,32.58,32.38,32.57,297628,0
PKO,60,20230418,150000,32.56,32.72,32.55,32.66,318270,0
PKO,60,20230418,160000,32.64,32.74,32.48,32.48,285860,0
PKO,60,20230418,170000,32.47,32.51,32.23,32.35,537455,0
PKO,60,20230419,100000,32.12,32.53,31.2,32.21,316496,0
PKO,60,20230419,110000,32.19,32.29,32,32.12,237567,0
PKO,60,20230419,120000,32.12,32.21,31.83,32.2,310853,0
PKO,60,20230419,130000,32.21,32.49,32.16,32.49,246473,0
PKO,60,20230419,140000,32.49,32.72,32.49,32.68,187667,0
PKO,60,20230419,150000,32.69,32.78,32.56,32.6,212429,0
PKO,60,20230419,160000,32.59,32.72,32.43,32.43,752523,0
PKO,60,20230419,170000,32.46,32.6,32.15,32.47,808974,0
PKO,60,20230420,100000,32.49,33,32.43,32.92,488273,0
PKO,60,20230420,110000,32.92,32.95,32.68,32.84,214438,0
PKO,60,20230420,120000,32.82,32.86,32.66,32.74,183449,0
PKO,60,20230420,130000,32.73,32.81,32.53,32.71,250708,0
PKO,60,20230420,140000,32.7,32.75,32.49,32.55,203123,0
PKO,60,20230420,150000,32.55,32.58,32.33,32.51,429342,0
PKO,60,20230420,160000,32.52,32.76,32.49,32.62,236705,0
PKO,60,20230420,170000,32.64,32.74,32.59,32.63,533535,0
PKO,60,20230421,100000,32.54,32.54,32.18,32.43,308282,0
PKO,60,20230421,110000,32.44,32.68,32.44,32.55,131228,0
PKO,60,20230421,120000,32.56,32.65,32.39,32.4,141558,0
PKO,60,20230421,130000,32.4,32.43,32.32,32.36,110632,0
PKO,60,20230421,140000,32.33,32.35,32.13,32.16,109446,0
PKO,60,20230421,150000,32.16,32.27,32.09,32.16,89913,0
PKO,60,20230421,160000,32.17,32.45,32.17,32.41,160374,0
PKO,60,20230421,170000,32.41,32.64,32.34,32.58,429659,0
PKO,60,20230424,100000,32.58,32.58,32.3,32.52,160581,0
PKO,60,20230424,110000,32.52,32.65,32.43,32.47,82976,0
PKO,60,20230424,120000,32.46,32.6,32.36,32.36,155373,0
PKO,60,20230424,130000,32.36,32.42,32.24,32.38,142135,0
PKO,60,20230424,140000,32.36,32.47,32.28,32.4,100292,0
PKO,60,20230424,150000,32.43,32.55,32.39,32.44,89558,0
PKO,60,20230424,160000,32.45,32.76,32.43,32.69,149055,0
PKO,60,20230424,170000,32.69,32.93,32.62,32.73,391481,0
PKO,60,20230425,100000,32.64,32.64,31.91,32.15,304999,0
PKO,60,20230425,110000,32.16,32.36,32.02,32.23,173784,0
PKO,60,20230425,120000,32.23,32.47,32.21,32.42,59897,0
PKO,60,20230425,130000,32.43,32.53,32.39,32.41,120329,0
PKO,60,20230425,140000,32.4,32.53,32.34,32.38,73442,0
PKO,60,20230425,150000,32.35,32.57,32.34,32.57,124308,0
PKO,60,20230425,160000,32.58,32.65,32.39,32.48,111962,0
PKO,60,20230425,170000,32.47,32.5,32.1,32.11,760535,0
PKO,60,20230426,100000,32,32.17,31,31.38,856941,0
PKO,60,20230426,110000,31.38,31.68,31.18,31.59,363268,0
PKO,60,20230426,120000,31.6,31.81,31.5,31.76,294383,0
PKO,60,20230426,130000,31.75,32.08,31.69,31.97,354249,0
PKO,60,20230426,140000,31.95,32.06,31.78,31.99,196481,0
PKO,60,20230426,150000,32,32.09,31.93,31.99,162921,0
PKO,60,20230426,160000,32,32.17,31.9,32.08,189095,0
PKO,60,20230426,170000,32.1,32.1,31.74,31.79,534837,0
PKO,60,20230427,100000,31.79,32.51,31.79,32.44,365155,0
PKO,60,20230427,110000,32.43,32.49,32.28,32.38,273494,0
PKO,60,20230427,120000,32.39,32.53,32.29,32.3,248444,0
PKO,60,20230427,130000,32.31,32.34,32.16,32.32,99329,0
PKO,60,20230427,140000,32.31,32.38,32.21,32.33,106152,0
PKO,60,20230427,150000,32.34,32.45,32.3,32.4,195010,0
PKO,60,20230427,160000,32.4,32.56,32.33,32.53,346037,0
PKO,60,20230427,170000,32.53,32.7,32.52,32.54,878877,0
PKO,60,20230428,100000,32.55,32.64,32.19,32.19,339159,0
PKO,60,20230428,110000,32.19,32.19,31.96,32.04,388305,0
PKO,60,20230428,120000,32.01,32.35,31.92,32.27,240655,0
PKO,60,20230428,130000,32.26,32.36,32.06,32.09,165254,0
PKO,60,20230428,140000,32.08,32.11,31.94,32.11,305713,0
PKO,60,20230428,150000,32.13,32.14,31.95,32,335670,0
PKO,60,20230428,160000,32,32.25,31.94,32.19,292406,0
PKO,60,20230428,170000,32.21,32.25,32.05,32.07,814869,0
PKO,60,20230502,100000,32.1,32.62,32.1,32.34,401159,0
PKO,60,20230502,110000,32.32,32.34,31.99,32.06,459766,0
PKO,60,20230502,120000,32.06,32.27,31.99,32.27,193651,0
PKO,60,20230502,130000,32.25,32.26,32.06,32.1,116168,0
PKO,60,20230502,140000,32.11,32.19,32.05,32.12,177734,0
PKO,60,20230502,150000,32.09,32.19,32.05,32.13,166874,0
PKO,60,20230502,160000,32.13,32.27,32.08,32.12,197682,0
PKO,60,20230502,170000,32.13,32.15,31.62,31.62,653146,0
PKO,60,20230504,100000,31.78,31.98,31.33,31.94,551909,0
PKO,60,20230504,110000,31.93,32.02,31.65,31.65,318669,0
PKO,60,20230504,120000,31.64,31.7,31.18,31.21,515958,0
PKO,60,20230504,130000,31.2,31.2,30.74,30.8,594488,0
PKO,60,20230504,140000,30.78,30.78,30.56,30.7,534910,0
PKO,60,20230504,150000,30.68,30.77,30.54,30.55,383128,0
PKO,60,20230504,160000,30.55,30.78,30.55,30.7,304230,0
PKO,60,20230504,170000,30.71,30.75,30.32,30.37,891264,0
PKO,60,20230505,100000,30.59,30.88,30.54,30.66,336110,0
PKO,60,20230505,110000,30.66,30.78,30.36,30.73,253157,0
PKO,60,20230505,120000,30.76,30.9,30.66,30.86,220530,0
PKO,60,20230505,130000,30.89,31.05,30.83,30.97,192577,0
PKO,60,20230505,140000,30.95,30.96,30.75,30.8,107978,0
PKO,60,20230505,150000,30.82,31.01,30.76,30.98,195353,0
PKO,60,20230505,160000,30.99,31.18,30.96,30.98,244373,0
PKO,60,20230505,170000,30.98,31.25,30.92,31.13,352196,0
PKO,60,20230508,100000,31.14,31.51,31.1,31.43,221371,0
PKO,60,20230508,110000,31.43,31.43,31.31,31.32,50858,0
PKO,60,20230508,120000,31.32,31.64,31.27,31.52,109767,0
PKO,60,20230508,130000,31.52,31.7,31.52,31.66,61121,0
PKO,60,20230508,140000,31.66,31.68,31.53,31.61,84202,0
PKO,60,20230508,150000,31.61,31.64,31.41,31.41,153156,0
PKO,60,20230508,160000,31.41,31.49,31.19,31.24,103513,0
PKO,60,20230508,170000,31.25,31.3,31.14,31.27,258435,0
PKO,60,20230509,100000,31.18,31.23,30.82,30.92,169168,0
PKO,60,20230509,110000,30.89,30.97,30.85,30.92,84049,0
PKO,60,20230509,120000,30.93,31.09,30.91,31.07,105219,0
PKO,60,20230509,130000,31.06,31.21,31.01,31.06,136813,0
PKO,60,20230509,140000,31.08,31.15,30.94,30.97,80124,0
PKO,60,20230509,150000,30.98,31.03,30.88,30.95,124112,0
PKO,60,20230509,160000,30.97,31.2,30.97,31.13,145862,0
PKO,60,20230509,170000,31.14,31.19,31.01,31.12,421422,0
PKO,60,20230510,100000,31.26,31.36,31.02,31.03,137272,0
PKO,60,20230510,110000,31.01,31.04,30.88,30.97,136385,0
PKO,60,20230510,120000,30.96,31.09,30.88,31.06,143460,0
PKO,60,20230510,130000,31.06,31.07,30.94,31.01,80746,0
PKO,60,20230510,140000,31.01,31.1,30.96,31.1,90231,0
PKO,60,20230510,150000,31.1,31.65,31.05,31.61,268072,0
PKO,60,20230510,160000,31.6,31.75,31.3,31.42,315402,0
PKO,60,20230510,170000,31.43,31.46,31.18,31.18,337118,0
PKO,60,20230511,100000,31.33,31.34,31.11,31.25,159598,0
PKO,60,20230511,110000,31.27,31.56,31.25,31.28,137713,0
PKO,60,20230511,120000,31.3,31.38,31.1,31.31,247433,0
PKO,60,20230511,130000,31.31,31.38,31.26,31.33,76077,0
PKO,60,20230511,140000,31.33,31.36,31.15,31.27,130158,0
PKO,60,20230511,150000,31.27,31.5,31.14,31.18,190885,0
PKO,60,20230511,160000,31.17,31.22,30.9,31.07,403247,0
PKO,60,20230511,170000,31.09,31.1,30.94,31,398902,0
PKO,60,20230512,100000,31.29,31.57,31.1,31.54,260033,0
PKO,60,20230512,110000,31.54,31.84,31.49,31.83,188737,0
PKO,60,20230512,120000,31.81,31.95,31.75,31.91,307344,0
PKO,60,20230512,130000,31.92,31.96,31.79,31.87,257580,0
PKO,60,20230512,140000,31.87,31.87,31.72,31.74,129412,0
PKO,60,20230512,150000,31.76,31.76,31.57,31.67,141418,0
PKO,60,20230512,160000,31.67,31.67,31.53,31.6,189885,0
PKO,60,20230512,170000,31.59,31.59,31.35,31.35,554522,0
PKO,60,20230515,100000,31.63,31.67,31.39,31.53,136763,0
PKO,60,20230515,110000,31.51,31.56,31.21,31.28,140611,0
PKO,60,20230515,120000,31.27,31.4,31.26,31.4,132449,0
PKO,60,20230515,130000,31.4,31.46,31.35,31.36,115715,0
PKO,60,20230515,140000,31.36,31.4,31.3,31.33,94788,0
PKO,60,20230515,150000,31.34,31.34,31.13,31.22,207669,0
PKO,60,20230515,160000,31.21,31.22,31.06,31.15,157451,0
PKO,60,20230515,170000,31.16,31.44,31.16,31.37,513588,0
PKO,60,20230516,100000,31.29,31.78,31.12,31.65,133147,0
PKO,60,20230516,110000,31.65,31.69,31.52,31.59,89435,0
PKO,60,20230516,120000,31.58,31.77,31.55,31.69,150279,0
PKO,60,20230516,130000,31.68,31.77,31.63,31.72,81687,0
PKO,60,20230516,140000,31.75,31.77,31.65,31.68,57962,0
PKO,60,20230516,150000,31.68,31.73,31.57,31.59,105124,0
PKO,60,20230516,160000,31.58,31.66,31.42,31.59,169483,0
PKO,60,20230516,170000,31.6,31.67,31.47,31.63,231372,0
PKO,60,20230517,100000,31.33,31.37,31.14,31.26,189346,0
PKO,60,20230517,110000,31.27,31.36,31.2,31.33,150566,0
PKO,60,20230517,120000,31.32,31.46,31.24,31.46,76801,0
PKO,60,20230517,130000,31.48,31.54,31.38,31.41,84671,0
PKO,60,20230517,140000,31.44,31.62,31.41,31.62,110920,0
PKO,60,20230517,150000,31.62,31.83,31.58,31.76,170226,0
PKO,60,20230517,160000,31.74,31.84,31.61,31.65,152215,0
PKO,60,20230517,170000,31.66,31.72,31.54,31.67,441516,0
PKO,60,20230518,100000,32,32.31,31.84,32.27,378378,0
PKO,60,20230518,110000,32.29,32.35,32.12,32.17,117653,0
PKO,60,20230518,120000,32.18,32.62,32.18,32.59,364849,0
PKO,60,20230518,130000,32.59,32.61,32.32,32.53,271057,0
PKO,60,20230518,140000,32.52,32.61,32.48,32.57,139804,0
PKO,60,20230518,150000,32.55,32.6,32.39,32.43,123727,0
PKO,60,20230518,160000,32.4,32.43,32.05,32.08,194150,0
PKO,60,20230518,170000,32.1,32.38,32.09,32.23,410619,0
PKO,60,20230519,100000,32.4,32.6,32.39,32.47,211877,0
PKO,60,20230519,110000,32.49,32.72,32.35,32.71,210578,0
PKO,60,20230519,120000,32.72,32.89,32.7,32.84,393039,0
PKO,60,20230519,130000,32.84,32.91,32.83,32.89,250007,0
PKO,60,20230519,140000,32.9,32.94,32.82,32.94,216698,0
PKO,60,20230519,150000,32.94,33.17,32.91,33.15,432073,0
PKO,60,20230519,160000,33.14,33.2,32.99,33.05,243309,0
PKO,60,20230519,170000,33.04,33.25,33,33.25,526594,0
PKO,60,20230522,100000,33,33.66,32.94,33.56,313701,0
PKO,60,20230522,110000,33.57,33.71,33.5,33.64,186556,0
PKO,60,20230522,120000,33.63,33.65,33.3,33.35,493172,0
PKO,60,20230522,130000,33.35,33.4,33.12,33.32,237343,0
PKO,60,20230522,140000,33.33,33.44,33.24,33.29,186141,0
PKO,60,20230522,150000,33.29,33.48,33.27,33.37,197623,0
PKO,60,20230522,160000,33.35,33.62,33.34,33.53,475787,0
PKO,60,20230522,170000,33.5,33.65,33.46,33.52,381670,0
PKO,60,20230523,100000,33.44,33.88,33.38,33.79,287866,0
PKO,60,20230523,110000,33.8,33.88,33.73,33.81,99927,0
PKO,60,20230523,120000,33.79,33.83,33.63,33.65,119025,0
PKO,60,20230523,130000,33.63,33.79,33.6,33.7,76727,0
PKO,60,20230523,140000,33.7,33.72,33.56,33.71,85668,0
PKO,60,20230523,150000,33.71,33.78,33.69,33.74,69048,0
PKO,60,20230523,160000,33.77,33.95,33.69,33.87,212733,0
PKO,60,20230523,170000,33.82,33.94,33.71,33.74,277135,0
PKO,60,20230524,100000,33.55,33.63,33.02,33.11,375002,0
PKO,60,20230524,110000,33.11,33.27,33.05,33.22,150533,0
PKO,60,20230524,120000,33.2,33.22,32.78,32.78,153418,0
PKO,60,20230524,130000,32.78,32.94,32.65,32.92,212877,0
PKO,60,20230524,140000,32.92,33.06,32.86,32.88,139205,0
PKO,60,20230524,150000,32.9,32.99,32.77,32.78,81926,0
PKO,60,20230524,160000,32.76,32.82,32.62,32.65,145069,0
PKO,60,20230524,170000,32.64,32.7,32.55,32.63,408356,0
PKO,60,20230525,100000,32.54,33,32.4,32.65,228546,0
PKO,60,20230525,110000,32.68,32.86,32.64,32.82,84172,0
PKO,60,20230525,120000,32.84,33.12,32.84,33.08,115120,0
PKO,60,20230525,130000,33.06,33.08,32.86,32.92,112851,0
PKO,60,20230525,140000,32.91,33.06,32.9,33.06,79883,0
PKO,60,20230525,150000,33.06,33.33,32.99,33.27,141410,0
PKO,60,20230525,160000,33.28,33.32,32.94,33,162581,0
PKO,60,20230525,170000,32.97,33.12,32.9,32.97,545279,0
PKO,60,20230526,100000,33.15,33.36,33.01,33.28,227578,0
PKO,60,20230526,110000,33.27,33.42,33.26,33.35,99522,0
PKO,60,20230526,120000,33.34,33.45,33.21,33.44,125288,0
PKO,60,20230526,130000,33.43,33.66,33.42,33.64,174333,0
PKO,60,20230526,140000,33.63,33.8,33.56,33.78,189226,0
PKO,60,20230526,150000,33.79,33.95,33.73,33.95,404322,0
PKO,60,20230526,160000,33.95,34.04,33.8,33.87,661482,0
PKO,60,20230526,170000,33.88,34.09,33.83,34.07,863681,0
PKO,60,20230529,100000,34.07,34.22,33.85,33.87,139304,0
PKO,60,20230529,110000,33.91,34.08,33.75,33.78,173301,0
PKO,60,20230529,120000,33.77,33.94,33.75,33.93,115857,0
PKO,60,20230529,130000,33.94,34,33.9,33.97,126996,0
PKO,60,20230529,140000,33.98,34.1,33.94,34.04,105488,0
PKO,60,20230529,150000,34.04,34.08,33.97,34.07,115493,0
PKO,60,20230529,160000,34.07,34.16,34,34.09,114140,0
PKO,60,20230529,170000,34.1,34.13,34.03,34.08,137312,0
PKO,60,20230530,100000,34.02,34.02,33.45,33.61,233194,0
PKO,60,20230530,110000,33.62,33.74,33.47,33.63,185308,0
PKO,60,20230530,120000,33.62,33.77,33.55,33.58,201432,0
PKO,60,20230530,130000,33.58,33.66,33.53,33.54,96865,0
PKO,60,20230530,140000,33.55,33.65,33.49,33.56,101673,0
PKO,60,20230530,150000,33.56,33.59,33.47,33.49,118967,0
PKO,60,20230530,160000,33.51,33.53,33.36,33.4,181508,0
PKO,60,20230530,170000,33.4,33.4,33.13,33.13,382980,0
PKO,60,20230531,100000,32.76,32.92,32.26,32.52,477997,0
PKO,60,20230531,110000,32.52,32.57,32.23,32.38,244920,0
PKO,60,20230531,120000,32.39,32.66,32.39,32.6,197690,0
PKO,60,20230531,130000,32.59,32.82,32.57,32.77,154808,0
PKO,60,20230531,140000,32.76,32.84,32.62,32.62,129945,0
PKO,60,20230531,150000,32.61,32.62,32.44,32.49,209608,0
PKO,60,20230531,160000,32.49,32.65,32.43,32.46,246476,0
PKO,60,20230531,170000,32.46,32.47,31.91,32.08,2628985,0
