<TICKER>,<PER>,<DATE>,<TIME>,<OPEN>,<HIGH>,<LOW>,<CLOSE>,<VOL>,<OPENINT>
PLW,60,20220804,100000,317,318,312.5,316,103,0
PLW,60,20220804,110000,317,317,316,316,15,0
PLW,60,20220804,120000,316,321,316,318,216,0
PLW,60,20220804,130000,320,324.5,320,321.5,125,0
PLW,60,20220804,140000,323.5,329.5,322.5,328.5,158,0
PLW,60,20220804,150000,328,331,327,330,398,0
PLW,60,20220804,160000,328.5,330,326.5,326.5,92,0
PLW,60,20220804,170000,326.5,329,325,329,509,0
PLW,60,20220805,100000,330,339,328.5,339,1209,0
PLW,60,20220805,110000,338,339.5,331,335,219,0
PLW,60,20220805,120000,332,337.5,331,337,321,0
PLW,60,20220805,130000,336,336,332,334,72,0
PLW,60,20220805,140000,332.5,332.5,330,331.5,157,0
PLW,60,20220805,150000,330,330,327,328,158,0
PLW,60,20220805,160000,329,329,329,329,20,0
PLW,60,20220805,170000,329.5,334,329.5,333,199,0
PLW,60,20220808,100000,337,337,329,330,265,0
PLW,60,20220808,110000,327,333,327,329,118,0
PLW,60,20220808,120000,329,329,323.5,327,221,0
PLW,60,20220808,130000,330,331.5,329,331.5,79,0
PLW,60,20220808,140000,330.5,331.5,330,331,78,0
PLW,60,20220808,150000,329.5,331.5,329,329,157,0
PLW,60,20220808,160000,329,331,327.5,331,95,0
PLW,60,20220808,170000,330,331.5,326,329.5,259,0
PLW,60,20220809,100000,331,331,325.5,325.5,68,0
PLW,60,20220809,110000,324,329,324,329,46,0
PLW,60,20220809,120000,329,329,329,329,49,0
PLW,60,20220809,130000,326.5,328.5,323,327.5,103,0
PLW,60,20220809,140000,327,328.5,321,327,157,0
PLW,60,20220809,150000,327.5,327.5,318,323.5,888,0
PLW,60,20220809,160000,323.5,327,319,327,495,0
PLW,60,20220809,170000,324,326.5,321,326.5,189,0
PLW,60,20220810,100000,326,326,321,321,97,0
PLW,60,20220810,110000,323.5,324,323.5,324,7,0
PLW,60,20220810,120000,320,323.5,319.5,323.5,77,0
PLW,60,20220810,130000,323.5,324,320,324,12,0
PLW,60,20220810,150000,320,324,317.5,322,281,0
PLW,60,20220810,160000,324,324,321.5,323,75,0
PLW,60,20220810,170000,323,325.5,321.5,325.5,161,0
PLW,60,20220811,100000,326.5,326.5,325,325,56,0
PLW,60,20220811,110000,325.5,326.5,325.5,326.5,38,0
PLW,60,20220811,120000,326.5,326.5,324.5,326,16,0
PLW,60,20220811,130000,326,326.5,326,326,29,0
PLW,60,20220811,140000,324,326.5,324,326.5,43,0
PLW,60,20220811,150000,326.5,327,325,327,465,0
PLW,60,20220811,170000,325,327,321.5,325.5,153,0
PLW,60,20220812,100000,325.5,327.5,322.5,325.5,112,0
PLW,60,20220812,110000,325,325,325,325,1,0
PLW,60,20220812,120000,326,327.5,326,327.5,12,0
PLW,60,20220812,140000,325.5,325.5,324,324,32,0
PLW,60,20220812,150000,324,327.5,324,327.5,25,0
PLW,60,20220812,160000,327.5,327.5,327.5,327.5,14,0
PLW,60,20220812,170000,327.5,327.5,324,327.5,186,0
PLW,60,20220816,100000,329,329,318.5,324,629,0
PLW,60,20220816,110000,324,324,319.5,320.5,209,0
PLW,60,20220816,120000,320,321,319,320,56,0
PLW,60,20220816,130000,321,323,320,323,381,0
PLW,60,20220816,140000,320,325.5,319,325,375,0
PLW,60,20220816,150000,321.5,323.5,320,321,181,0
PLW,60,20220816,160000,319.5,319.5,319,319,319,0
PLW,60,20220816,170000,320,320,318.5,319,100,0
PLW,60,20220817,100000,321,322,320,320,26,0
PLW,60,20220817,110000,320,320,319.5,320,111,0
PLW,60,20220817,120000,319.5,320,318.5,320,249,0
PLW,60,20220817,130000,321.5,322.5,321.5,322.5,25,0
PLW,60,20220817,140000,323,323,320,320,44,0
PLW,60,20220817,150000,320,320,320,320,44,0
PLW,60,20220817,160000,320,320,319,319,52,0
PLW,60,20220817,170000,319,320,318,318,192,0
PLW,60,20220818,100000,318,325.5,318,323,357,0
PLW,60,20220818,110000,323,323.5,320.5,320.5,36,0
PLW,60,20220818,120000,324,324,324,324,21,0
PLW,60,20220818,130000,321,321,321,321,11,0
PLW,60,20220818,140000,323,323,323,323,2,0
PLW,60,20220818,150000,322,323,321.5,323,41,0
PLW,60,20220818,160000,323,327,323,325,210,0
PLW,60,20220818,170000,322.5,328,321.5,321.5,129,0
PLW,60,20220819,100000,327,327,319,319,196,0
PLW,60,20220819,110000,319,321.5,318,321.5,227,0
PLW,60,20220819,120000,322,322,322,322,17,0
PLW,60,20220819,130000,321,322,321,321,50,0
PLW,60,20220819,140000,322,322,321,321,56,0
PLW,60,20220819,150000,321,321,317,317,529,0
PLW,60,20220819,160000,317,320,316.5,320,14,0
PLW,60,20220819,170000,316.5,320.5,315.5,315.5,182,0
PLW,60,20220822,100000,315.5,319.5,315,318.5,99,0
PLW,60,20220822,110000,315,315,312.5,312.5,149,0
PLW,60,20220822,120000,312,313,305,309,523,0
PLW,60,20220822,130000,309,310,306.5,308,241,0
PLW,60,20220822,140000,308,311.5,306,311.5,128,0
PLW,60,20220822,150000,311,313.5,308.5,312,149,0
PLW,60,20220822,160000,310,311.5,305,309,162,0
PLW,60,20220822,170000,309.5,309.5,304,306.5,305,0
PLW,60,20220823,100000,306,311.5,304.5,305,348,0
PLW,60,20220823,110000,310,312,305,310.5,76,0
PLW,60,20220823,120000,310,310,310,310,5,0
PLW,60,20220823,130000,310,310,305,310,80,0
PLW,60,20220823,140000,308.5,310,305.5,309.5,39,0
PLW,60,20220823,160000,305,309.5,304,309.5,99,0
PLW,60,20220823,170000,305,305.5,304,304,148,0
PLW,60,20220824,100000,304,309.5,301,306,325,0
PLW,60,20220824,110000,305.5,306,302,306,43,0
PLW,60,20220824,120000,303,306,302,302,105,0
PLW,60,20220824,130000,306,306,306,306,16,0
PLW,60,20220824,140000,305,307,304,304,82,0
PLW,60,20220824,150000,308,309,306,309,64,0
PLW,60,20220824,160000,306,307.5,304,307.5,26,0
PLW,60,20220824,170000,307,310,304,310,144,0
PLW,60,20220825,100000,307,309,305,309,157,0
PLW,60,20220825,110000,308,308,308,308,3,0
PLW,60,20220825,120000,304.5,308,304,304,76,0
PLW,60,20220825,130000,304,307.5,303,307.5,99,0
PLW,60,20220825,140000,303.5,306.5,303.5,306.5,13,0
PLW,60,20220825,150000,306.5,306.5,306.5,306.5,10,0
PLW,60,20220825,160000,303.5,303.5,303.5,303.5,12,0
PLW,60,20220825,170000,304,307,303.5,304,71,0
PLW,60,20220826,100000,305,305,303,303,29,0
PLW,60,20220826,110000,307.5,307.5,306,307.5,60,0
PLW,60,20220826,120000,309,310,309,310,170,0
PLW,60,20220826,130000,309.5,310,309.5,310,22,0
PLW,60,20220826,140000,306,310,306,310,44,0
PLW,60,20220826,150000,310,311,307.5,311,154,0
PLW,60,20220826,160000,311,311,311,311,83,0
PLW,60,20220826,170000,307,307,305,305,63,0
PLW,60,20220829,100000,305,308,288,294,1732,0
PLW,60,20220829,110000,295,299.5,290,291,338,0
PLW,60,20220829,120000,295.5,296,292,292,30,0
PLW,60,20220829,130000,296,296,291.5,291.5,15,0
PLW,60,20220829,140000,296,296,292,296,71,0
PLW,60,20220829,150000,295.5,295.5,294,295.5,30,0
PLW,60,20220829,160000,295.5,296,294,296,108,0
PLW,60,20220829,170000,294,299,294,294,175,0
PLW,60,20220830,100000,295.5,297,295.5,296,20,0
PLW,60,20220830,110000,297,300,295,296,176,0
PLW,60,20220830,120000,296,298.5,292,298.5,231,0
PLW,60,20220830,130000,296.5,300,295.5,300,53,0
PLW,60,20220830,140000,300,300,299,300,5,0
PLW,60,20220830,150000,299,299,297,297,58,0
PLW,60,20220830,160000,299,299,297,298.5,29,0
PLW,60,20220830,170000,297,299,292.5,293,114,0
PLW,60,20220831,100000,293,298,292.5,292.5,35,0
PLW,60,20220831,110000,294,299,294,299,63,0
PLW,60,20220831,120000,296,303,294.5,301.5,361,0
PLW,60,20220831,130000,297,303,297,303,67,0
PLW,60,20220831,140000,303,308.5,300.5,305,196,0
PLW,60,20220831,150000,303,308,301,307,157,0
PLW,60,20220831,160000,302,306,302,306,17,0
PLW,60,20220831,170000,302,305.5,302,305.5,50,0
PLW,60,20220901,100000,297,310,297,307.5,166,0
PLW,60,20220901,110000,305,308,305,305,473,0
PLW,60,20220901,120000,305,306,298,305.5,411,0
PLW,60,20220901,130000,304.5,305.5,296,302.5,250,0
PLW,60,20220901,140000,297.5,305,297.5,304.5,43,0
PLW,60,20220901,150000,300,304,300,304,10,0
PLW,60,20220901,160000,299.5,306,299.5,306,26,0
PLW,60,20220901,170000,300.5,307,299,307,262,0
PLW,60,20220902,100000,305,306,300,306,92,0
PLW,60,20220902,110000,304,306,304,306,7,0
PLW,60,20220902,120000,306,308,304,308,34,0
PLW,60,20220902,130000,304,307.5,303.5,303.5,38,0
PLW,60,20220902,140000,307,307.5,303,307.5,98,0
PLW,60,20220902,150000,307,308,307,308,29,0
PLW,60,20220902,160000,306,308,303.5,308,18,0
PLW,60,20220902,170000,303,305.5,298.5,303,174,0
PLW,60,20220905,100000,298,300,298,298,35,0
PLW,60,20220905,110000,300,300,298,298,15,0
PLW,60,20220905,120000,298,300,294,298,209,0
PLW,60,20220905,130000,298,300,298,300,26,0
PLW,60,20220905,140000,300,302.5,298,302.5,31,0
PLW,60,20220905,150000,302.5,303,298.5,303,26,0
PLW,60,20220905,170000,302.5,303,298.5,303,124,0
PLW,60,20220906,100000,296.5,307.5,296.5,305,235,0
PLW,60,20220906,110000,307,307,302,302,18,0
PLW,60,20220906,120000,305,305,301,304.5,114,0
PLW,60,20220906,130000,304.5,304.5,302,302,35,0
PLW,60,20220906,150000,302.5,302.5,300,300,63,0
PLW,60,20220906,160000,303,305,300.5,303,70,0
PLW,60,20220906,170000,300,305.5,298.5,305.5,164,0
PLW,60,20220907,100000,306,306,298,298,184,0
PLW,60,20220907,110000,299.5,301.5,298,300,244,0
PLW,60,20220907,120000,301.5,304,301.5,304,3,0
PLW,60,20220907,130000,301,301,301,301,2,0
PLW,60,20220907,150000,301.5,303,298,298,92,0
PLW,60,20220907,160000,298,302,296.5,299,178,0
PLW,60,20220907,170000,297.5,298.5,295,295.5,204,0
PLW,60,20220908,100000,297,302,296,301,422,0
PLW,60,20220908,110000,298,303,298,300,134,0
PLW,60,20220908,120000,300,300,297.5,297.5,82,0
PLW,60,20220908,130000,298,298,298,298,20,0
PLW,60,20220908,140000,299,299,297.5,297.5,28,0
PLW,60,20220908,150000,297,299.5,296.5,296.5,43,0
PLW,60,20220908,160000,296.5,296.5,289,295,983,0
PLW,60,20220908,170000,295,298.5,291,297,239,0
PLW,60,20220909,100000,297,298.5,293.5,294,356,0
PLW,60,20220909,110000,293.5,295.5,293,294,79,0
PLW,60,20220909,120000,294,296,293,294.5,144,0
PLW,60,20220909,130000,294,295,294,295,28,0
PLW,60,20220909,140000,294,295,292.5,292.5,91,0
PLW,60,20220909,150000,294.5,298,292,294,175,0
PLW,60,20220909,160000,292,294,292,293.5,71,0
PLW,60,20220909,170000,295,298.5,293,293,210,0
PLW,60,20220912,100000,299,299,292,294,98,0
PLW,60,20220912,110000,292,294.5,291,294.5,44,0
PLW,60,20220912,120000,294,294,294,294,11,0
PLW,60,20220912,130000,292,294,290,294,257,0
PLW,60,20220912,140000,292,294.5,290.5,294.5,79,0
PLW,60,20220912,150000,294.5,294.5,289.5,290,72,0
PLW,60,20220912,160000,293.5,295.5,289,289,442,0
PLW,60,20220912,170000,290,294,289.5,289.5,114,0
PLW,60,20220913,100000,290,293.5,290,290,28,0
PLW,60,20220913,110000,293.5,294,285,289,626,0
PLW,60,20220913,120000,289,289.5,284,289.5,227,0
PLW,60,20220913,130000,289.5,290,289.5,290,46,0
PLW,60,20220913,140000,285.5,290,281.5,286,575,0
PLW,60,20220913,150000,282,286,280,283,754,0
PLW,60,20220913,160000,280,283,280,283,54,0
PLW,60,20220913,170000,283,286,275.5,286,687,0
PLW,60,20220914,100000,285.5,285.5,275,276,970,0
PLW,60,20220914,110000,277,280,276.5,280,112,0
PLW,60,20220914,120000,277,284,275,278.5,1074,0
PLW,60,20220914,130000,275,278.5,274.5,277,164,0
PLW,60,20220914,140000,277,278,274,274,184,0
PLW,60,20220914,150000,275,278,274,277,321,0
PLW,60,20220914,160000,277,278.5,275,278.5,244,0
PLW,60,20220914,170000,276,286,272.5,285,1506,0
PLW,60,20220915,100000,275.5,286,275.5,282,491,0
PLW,60,20220915,110000,284.5,285,273.5,274.5,1771,0
PLW,60,20220915,120000,274.5,278,273,278,475,0
PLW,60,20220915,130000,274.5,278,273.5,278,247,0
PLW,60,20220915,140000,278,278,275.5,277,84,0
PLW,60,20220915,150000,275,279,274,279,135,0
PLW,60,20220915,160000,276.5,278,276,278,69,0
PLW,60,20220915,170000,278,280,276,279.5,844,0
PLW,60,20220916,100000,279.5,279.5,276,276.5,201,0
PLW,60,20220916,110000,278,278,276,277,28,0
PLW,60,20220916,120000,275.5,276,274.5,274.5,59,0
PLW,60,20220916,130000,274,275.5,262,269,3037,0
PLW,60,20220916,140000,266.5,268.5,264,268.5,395,0
PLW,60,20220916,150000,268.5,269,264.5,266,413,0
PLW,60,20220916,160000,266,267,263.5,263.5,437,0
PLW,60,20220916,170000,265.5,269.5,262,262,2806,0
PLW,60,20220919,100000,262,270,262,269.5,960,0
PLW,60,20220919,110000,269,270,265.5,270,59,0
PLW,60,20220919,120000,271.5,271.5,270,271,31,0
PLW,60,20220919,130000,271,271,264.5,269.5,301,0
PLW,60,20220919,140000,269.5,269.5,265,265,220,0
PLW,60,20220919,150000,265,266.5,261.5,265,187,0
PLW,60,20220919,160000,266.5,266.5,264,264,13,0
PLW,60,20220919,170000,264,269,264,269,294,0
PLW,60,20220920,100000,270.5,270.5,269,270,103,0
PLW,60,20220920,110000,271,271,271,271,1,0
PLW,60,20220920,120000,268,269.5,268,269.5,15,0
PLW,60,20220920,130000,269.5,271,267,267,81,0
PLW,60,20220920,140000,269.5,269.5,268,268,20,0
PLW,60,20220920,150000,268,270,267,267,24,0
PLW,60,20220920,160000,267,269,265.5,269,87,0
PLW,60,20220920,170000,268,269.5,265.5,269,183,0
PLW,60,20220921,100000,269,269,265.5,267,119,0
PLW,60,20220921,110000,265.5,265.5,265.5,265.5,36,0
PLW,60,20220921,120000,265,265.5,264.5,265.5,160,0
PLW,60,20220921,130000,265,265.5,264,265,134,0
PLW,60,20220921,140000,265,266.5,264,266.5,393,0
PLW,60,20220921,150000,267,269.5,266.5,269.5,125,0
PLW,60,20220921,160000,271.5,271.5,268,270,46,0
PLW,60,20220921,170000,270,271,268.5,270,130,0
PLW,60,20220922,100000,265,270.5,265,270.5,201,0
PLW,60,20220922,110000,270.5,275,270.5,275,245,0
PLW,60,20220922,120000,275,275.5,273.5,273.5,228,0
PLW,60,20220922,130000,275.5,277,275.5,277,47,0
PLW,60,20220922,140000,277,277,273.5,273.5,196,0
PLW,60,20220922,150000,274,274,274,274,50,0
PLW,60,20220922,160000,275,275.5,273.5,275,182,0
PLW,60,20220922,170000,275,275.5,275,275,158,0
PLW,60,20220923,100000,275,283,275,283,311,0
PLW,60,20220923,110000,279.5,279.5,278,278,723,0
PLW,60,20220923,120000,278,279.5,274,276.5,842,0
PLW,60,20220923,130000,274.5,274.5,274.5,274.5,32,0
PLW,60,20220923,140000,274.5,274.5,274,274,103,0
PLW,60,20220923,150000,277.5,280,276,276,58,0
PLW,60,20220923,160000,276,278,276,278,253,0
PLW,60,20220923,170000,277,280.5,277,277,315,0
PLW,60,20220926,100000,275.5,285.5,275.5,281.5,407,0
PLW,60,20220926,110000,281.5,283.5,280.5,283.5,115,0
PLW,60,20220926,120000,282,283.5,280.5,280.5,39,0
PLW,60,20220926,130000,280.5,284,279.5,284,274,0
PLW,60,20220926,140000,281,281,278.5,278.5,83,0
PLW,60,20220926,150000,278.5,282,278,280,245,0
PLW,60,20220926,160000,282.5,285.5,279,285.5,574,0
PLW,60,20220926,170000,285,287,282,287,412,0
PLW,60,20220927,100000,286.5,290,285,288.5,243,0
PLW,60,20220927,110000,287,290,287,290,44,0
PLW,60,20220927,120000,290,291,287.5,291,163,0
PLW,60,20220927,130000,288.5,293,288.5,290,152,0
PLW,60,20220927,140000,290,292.5,290,291,11,0
PLW,60,20220927,150000,291,291,290,290,84,0
PLW,60,20220927,160000,292.5,293,287.5,287.5,182,0
PLW,60,20220927,170000,292,292,284.5,289,197,0
PLW,60,20220928,100000,287,288,286.5,287.5,57,0
PLW,60,20220928,110000,287,287.5,286,287.5,16,0
PLW,60,20220928,120000,285.5,285.5,281,281,158,0
PLW,60,20220928,130000,283.5,285.5,281.5,285.5,112,0
PLW,60,20220928,140000,285.5,286.5,285,285,44,0
PLW,60,20220928,150000,285,287,285,287,36,0
PLW,60,20220928,160000,287,287,284,284,166,0
PLW,60,20220928,170000,285,285,281.5,285,177,0
PLW,60,20220929,100000,287,292.5,285.5,289,87,0
PLW,60,20220929,110000,289,289,282,282,105,0
PLW,60,20220929,120000,282,284,282,284,64,0
PLW,60,20220929,130000,284.5,285,284.5,285,123,0
PLW,60,20220929,140000,285,285,285,285,28,0
PLW,60,20220929,150000,282.5,282.5,282,282,105,0
PLW,60,20220929,160000,282,282,277,278,1400,0
PLW,60,20220929,170000,277,284.5,276,284.5,561,0
PLW,60,20220930,100000,284.5,284.5,280,280,208,0
PLW,60,20220930,110000,283,283,279.5,282,260,0
PLW,60,20220930,120000,279.5,279.5,279.5,279.5,179,0
PLW,60,20220930,130000,282,284.5,279.5,284.5,175,0
PLW,60,20220930,140000,284.5,285,284.5,285,48,0
PLW,60,20220930,150000,282.5,284,280,280,185,0
PLW,60,20220930,160000,281.5,282.5,279,282.5,410,0
PLW,60,20220930,170000,282,282,278.5,280,1171,0
PLW,60,20221003,100000,281,284,276.5,279,214,0
PLW,60,20221003,110000,275.5,278.5,275.5,277,168,0
PLW,60,20221003,120000,275.5,276.5,270.5,270.5,714,0
PLW,60,20221003,130000,271,271.5,267,268,540,0
PLW,60,20221003,140000,269.5,270,266,266,757,0
PLW,60,20221003,150000,266,269,266,268.5,189,0
PLW,60,20221003,160000,269,271,267.5,271,246,0
PLW,60,20221003,170000,273,276,270.5,276,479,0
PLW,60,20221004,100000,276,280,276,279,578,0
PLW,60,20221004,110000,279.5,279.5,279,279,1583,0
PLW,60,20221004,120000,279,280,278.5,279,52,0
PLW,60,20221004,130000,279,282.5,273.5,273.5,1356,0
PLW,60,20221004,140000,273.5,274.5,272,272.5,220,0
PLW,60,20221004,150000,273,276.5,272.5,276.5,99,0
PLW,60,20221004,160000,275.5,278,275.5,278,21,0
PLW,60,20221004,170000,278.5,279.5,277,277,121,0
PLW,60,20221005,100000,281.5,284,280,284,526,0
PLW,60,20221005,110000,285,285,277,281,533,0
PLW,60,20221005,120000,278,279,275,278.5,413,0
PLW,60,20221005,130000,274.5,278.5,274.5,278.5,19,0
PLW,60,20221005,140000,277,277,277,277,1,0
PLW,60,20221005,150000,277,278.5,275,275.5,60,0
PLW,60,20221005,160000,278.5,278.5,275,278,124,0
PLW,60,20221005,170000,278,278,273,273,239,0
PLW,60,20221006,100000,281,281,280.5,281,177,0
PLW,60,20221006,110000,281,282,277,279,194,0
PLW,60,20221006,120000,279,279,276.5,276.5,12,0
PLW,60,20221006,130000,276,276,271.5,275,452,0
PLW,60,20221006,140000,274.5,274.5,271.5,274,314,0
PLW,60,20221006,150000,273.5,274,271.5,271.5,68,0
PLW,60,20221006,160000,274,277.5,274,274,254,0
PLW,60,20221006,170000,273,275,272,275,240,0
PLW,60,20221007,100000,279.5,279.5,274.5,274.5,24,0
PLW,60,20221007,110000,276.5,276.5,272,272,127,0
PLW,60,20221007,120000,271.5,274,271,272,68,0
PLW,60,20221007,130000,275,275,271.5,271.5,48,0
PLW,60,20221007,140000,273,274.5,271.5,271.5,112,0
PLW,60,20221007,150000,271.5,272,269,269,384,0
PLW,60,20221007,160000,271.5,271.5,268.5,268.5,317,0
PLW,60,20221007,170000,268.5,275,268.5,275,700,0
PLW,60,20221010,100000,275,278,271,275,275,0
PLW,60,20221010,110000,273.5,275,269.5,270,218,0
PLW,60,20221010,120000,270,270,267.5,269.5,668,0
PLW,60,20221010,130000,267.5,269.5,267.5,269,64,0
PLW,60,20221010,140000,268,270,268,269.5,200,0
PLW,60,20221010,150000,270,270,268,268,230,0
PLW,60,20221010,160000,269,269,265,265,342,0
PLW,60,20221010,170000,266,269,263.5,264.5,1131,0
PLW,60,20221011,100000,269.5,269.5,248,252.5,3207,0
PLW,60,20221011,110000,252,252,249,250,2582,0
PLW,60,20221011,120000,249,250,247.5,250,1030,0
PLW,60,20221011,130000,250,253.5,249,253,1637,0
PLW,60,20221011,140000,253,253.5,248.5,253,586,0
PLW,60,20221011,150000,250,253,249,252,1901,0
PLW,60,20221011,160000,252,252.5,250,250,2000,0
PLW,60,20221011,170000,250,251.5,248,248,1755,0
PLW,60,20221012,100000,249.5,251.5,249.5,251,368,0
PLW,60,20221012,110000,249,249,246,246,279,0
PLW,60,20221012,120000,246,248.5,245,248,672,0
PLW,60,20221012,130000,248,248,240,246,1495,0
PLW,60,20221012,140000,245,246,243.5,243.5,173,0
PLW,60,20221012,150000,243.5,244.5,242.5,244,140,0
PLW,60,20221012,160000,244.5,247,241.5,247,367,0
PLW,60,20221012,170000,244,248.5,243,243.5,408,0
PLW,60,20221013,100000,242,248.5,242,245.5,731,0
PLW,60,20221013,110000,247.5,248,244.5,247.5,237,0
PLW,60,20221013,120000,248,248,233.5,234,2401,0
PLW,60,20221013,130000,235.5,238,234,236.5,1553,0
PLW,60,20221013,140000,236.5,240,234.5,240,830,0
PLW,60,20221013,150000,239,240,236,236,288,0
PLW,60,20221013,160000,238,239,235.5,237,129,0
PLW,60,20221013,170000,238,243,235.5,243,738,0
PLW,60,20221014,100000,247.5,248,242,244,401,0
PLW,60,20221014,110000,242.5,243,235.5,241.5,2538,0
PLW,60,20221014,120000,239,244.5,239,244.5,446,0
PLW,60,20221014,130000,241,246.5,241,244,180,0
PLW,60,20221014,140000,246,246,244,244,284,0
PLW,60,20221014,150000,243.5,248,243,248,501,0
PLW,60,20221014,160000,248,255.5,248,254.5,602,0
PLW,60,20221014,170000,253.5,254.5,251,252.5,446,0
PLW,60,20221017,100000,253.5,256.5,252,253.5,302,0
PLW,60,20221017,110000,253.5,254,251.5,253,76,0
PLW,60,20221017,120000,251,251,248,248,707,0
PLW,60,20221017,130000,250.5,250.5,247,248,375,0
PLW,60,20221017,140000,248,248,246,248,146,0
PLW,60,20221017,150000,249.5,250.5,249,250.5,79,0
PLW,60,20221017,160000,252,253,250,252.5,355,0
PLW,60,20221017,170000,252.5,256.5,250.5,253,1066,0
PLW,60,20221018,100000,253,264,251.5,255,1016,0
PLW,60,20221018,110000,255,257.5,255,256,200,0
PLW,60,20221018,120000,256,256,255.5,255.5,33,0
PLW,60,20221018,130000,255,255.5,252,253.5,155,0
PLW,60,20221018,140000,253.5,255,252,255,92,0
PLW,60,20221018,150000,252.5,257.5,252.5,257.5,213,0
PLW,60,20221018,160000,255.5,258.5,255.5,258,43,0
PLW,60,20221018,170000,255.5,259,255,258.5,448,0
PLW,60,20221019,100000,258,261,247.5,253.5,1241,0
PLW,60,20221019,110000,252,252.5,250,251.5,102,0
PLW,60,20221019,120000,251.5,253.5,251.5,252,80,0
PLW,60,20221019,130000,253.5,253.5,252,252,65,0
PLW,60,20221019,140000,252,252.5,251,251,155,0
PLW,60,20221019,150000,252,252,248,248,280,0
PLW,60,20221019,160000,249.5,256,248,256,814,0
PLW,60,20221019,170000,255,258.5,253,258,313,0
PLW,60,20221020,100000,258.5,260,253.5,260,2126,0
PLW,60,20221020,110000,260,260.5,256.5,259,151,0
PLW,60,20221020,120000,259,259,257.5,257.5,32,0
PLW,60,20221020,130000,259,259,252,255,163,0
PLW,60,20221020,140000,255,258,255,257,104,0
PLW,60,20221020,150000,255.5,256.5,253,256.5,82,0
PLW,60,20221020,160000,253.5,255,253,254.5,186,0
PLW,60,20221020,170000,254.5,260,254.5,260,291,0
PLW,60,20221021,100000,258,258.5,253.5,253.5,48,0
PLW,60,20221021,110000,253.5,256,253.5,256,102,0
PLW,60,20221021,120000,256,256.5,255,255,87,0
PLW,60,20221021,130000,256.5,256.5,255,255,34,0
PLW,60,20221021,140000,255,255,255,255,44,0
PLW,60,20221021,150000,256.5,256.5,254.5,254.5,72,0
PLW,60,20221021,160000,256,256.5,256,256.5,71,0
PLW,60,20221021,170000,255.5,257,254.5,257,543,0
PLW,60,20221024,100000,259,262,255,256,357,0
PLW,60,20221024,110000,256,256.5,255,255,163,0
PLW,60,20221024,120000,254.5,256,253,256,764,0
PLW,60,20221024,130000,256,260,255,260,933,0
PLW,60,20221024,140000,260,262,259.5,261.5,520,0
PLW,60,20221024,150000,261.5,262.5,259.5,259.5,272,0
PLW,60,20221024,160000,262,263,261,262.5,156,0
PLW,60,20221024,170000,261,267,259,267,1887,0
PLW,60,20221025,100000,264.5,269.5,264.5,269.5,246,0
PLW,60,20221025,110000,269,269,266,268,180,0
PLW,60,20221025,120000,268.5,269,266.5,267,573,0
PLW,60,20221025,130000,267,268.5,267,267,120,0
PLW,60,20221025,140000,269,271,267,271,161,0
PLW,60,20221025,150000,268,271.5,266,266,224,0
PLW,60,20221025,160000,269.5,272.5,268,270,594,0
PLW,60,20221025,170000,268.5,275,268.5,274,1006,0
PLW,60,20221026,100000,275,277.5,275,277.5,294,0
PLW,60,20221026,110000,277.5,278,277,278,117,0
PLW,60,20221026,120000,278,279.5,277,279.5,94,0
PLW,60,20221026,130000,277,278,272.5,275,568,0
PLW,60,20221026,140000,274,276,272.5,275.5,133,0
PLW,60,20221026,160000,274.5,275.5,272.5,275.5,98,0
PLW,60,20221026,170000,275,277.5,274,277.5,191,0
PLW,60,20221027,100000,277.5,277.5,274.5,277,135,0
PLW,60,20221027,110000,275.5,277,275.5,277,18,0
PLW,60,20221027,120000,277,277,277,277,44,0
PLW,60,20221027,130000,277.5,277.5,275,277.5,15,0
PLW,60,20221027,140000,277,277,277,277,29,0
PLW,60,20221027,150000,277,277.5,277,277,145,0
PLW,60,20221027,160000,277,277.5,277,277.5,53,0
PLW,60,20221027,170000,277,282,277,282,412,0
PLW,60,20221028,100000,280,280,273,273,562,0
PLW,60,20221028,110000,273,284,272,280,1223,0
PLW,60,20221028,120000,282.5,282.5,278.5,281,59,0
PLW,60,20221028,130000,279,282,278.5,282,167,0
PLW,60,20221028,140000,281.5,282,279.5,282,91,0
PLW,60,20221028,150000,282,282,282,282,6,0
PLW,60,20221028,160000,279,281,279,279,33,0
PLW,60,20221028,170000,281,283.5,279,282,379,0
PLW,60,20221031,100000,281.5,281.5,274,274,405,0
PLW,60,20221031,110000,275,278,275,278,538,0
PLW,60,20221031,120000,278,280,276,280,842,0
PLW,60,20221031,130000,277.5,278,276,278,924,0
PLW,60,20221031,140000,279,280,279,280,734,0
PLW,60,20221031,150000,280.5,281,279,280,111,0
PLW,60,20221031,160000,281,281,280,280,85,0
PLW,60,20221031,170000,280,283,280,282.5,244,0
PLW,60,20221102,100000,284.5,284.5,278,278,312,0
PLW,60,20221102,110000,277.5,279,276,276,290,0
PLW,60,20221102,120000,279,279,275.5,278.5,344,0
PLW,60,20221102,130000,278.5,280,277.5,279.5,155,0
PLW,60,20221102,140000,278,280,278,280,49,0
PLW,60,20221102,150000,280,280,278,278,142,0
PLW,60,20221102,160000,277.5,279.5,276.5,276.5,203,0
PLW,60,20221102,170000,278,281.5,276.5,277,627,0
PLW,60,20221103,100000,275.5,279.5,272.5,279.5,547,0
PLW,60,20221103,110000,280,280,280,280,30,0
PLW,60,20221103,120000,282.5,284,280.5,284,28,0
PLW,60,20221103,130000,284,285,281,283.5,220,0
PLW,60,20221103,140000,281,284,281,284,44,0
PLW,60,20221103,150000,281,284,279.5,284,94,0
PLW,60,20221103,160000,283.5,285,283.5,285,159,0
PLW,60,20221103,170000,285,287,284,287,243,0
PLW,60,20221104,100000,282,287,277,287,947,0
PLW,60,20221104,110000,285,288,285,287.5,125,0
PLW,60,20221104,120000,287.5,288.5,286,288.5,174,0
PLW,60,20221104,130000,288.5,288.5,285.5,287,173,0
PLW,60,20221104,140000,287,288,287,288,139,0
PLW,60,20221104,150000,285.5,287,284,287,123,0
PLW,60,20221104,160000,284,286.5,284,286.5,36,0
PLW,60,20221104,170000,285,288.5,285,288.5,382,0
PLW,60,20221107,100000,288.5,289,284.5,289,397,0
PLW,60,20221107,110000,289,291.5,288,288,163,0
PLW,60,20221107,120000,289.5,289.5,285,287,181,0
PLW,60,20221107,130000,285,288,285,288,68,0
PLW,60,20221107,140000,287,287,285,285.5,150,0
PLW,60,20221107,150000,286.5,289,283.5,283.5,349,0
PLW,60,20221107,160000,283.5,285.5,281.5,283.5,295,0
PLW,60,20221107,170000,283.5,288,283.5,288,176,0
PLW,60,20221108,100000,285,289,285,289,61,0
PLW,60,20221108,110000,289.5,291,288,291,52,0
PLW,60,20221108,120000,289.5,292,286,291.5,915,0
PLW,60,20221108,130000,292,293.5,290,293,192,0
PLW,60,20221108,140000,290.5,293,290,293,222,0
PLW,60,20221108,150000,292.5,292.5,292.5,292.5,10,0
PLW,60,20221108,160000,290,292.5,290,292,82,0
PLW,60,20221108,170000,293,301,291,301,1365,0
PLW,60,20221109,100000,302.5,302.5,296.5,296.5,234,0
PLW,60,20221109,110000,297,299,296,299,253,0
PLW,60,20221109,120000,296.5,304,296.5,303,210,0
PLW,60,20221109,130000,303,304,299.5,302,132,0
PLW,60,20221109,140000,299.5,299.5,299,299,31,0
PLW,60,20221109,150000,299.5,299.5,299.5,299.5,9,0
PLW,60,20221109,160000,300.5,302.5,300,302,42,0
PLW,60,20221109,170000,302,304,300,303,216,0
PLW,60,20221110,100000,302,302,296,297,141,0
PLW,60,20221110,110000,296,298,294,297,240,0
PLW,60,20221110,120000,297,299,297,299,74,0
PLW,60,20221110,130000,299.5,300.5,297.5,300.5,48,0
PLW,60,20221110,140000,298,300,297,297,7,0
PLW,60,20221110,150000,298.5,304.5,298.5,304.5,266,0
PLW,60,20221110,160000,301.5,304.5,301,304,38,0
PLW,60,20221110,170000,304,306.5,297,297.5,999,0
PLW,60,20221114,100000,300,305,300,303.5,392,0
PLW,60,20221114,110000,301,303.5,301,302.5,87,0
PLW,60,20221114,120000,300,302,299.5,299.5,349,0
PLW,60,20221114,130000,299.5,301.5,298,301,115,0
PLW,60,20221114,140000,297.5,298,293,295,570,0
PLW,60,20221114,150000,295.5,296.5,294,294,88,0
PLW,60,20221114,160000,296.5,298,291,293.5,319,0
PLW,60,20221114,170000,292.5,301.5,290,296,638,0
PLW,60,20221115,100000,296,299.5,292.5,294,169,0
PLW,60,20221115,110000,295,295,290,294,40,0
PLW,60,20221115,120000,292,294,292,294,15,0
PLW,60,20221115,130000,295.5,295.5,295.5,295.5,1,0
PLW,60,20221115,140000,292,296.5,292,296.5,11,0
PLW,60,20221115,150000,294,299,294,298,125,0
PLW,60,20221115,160000,298,298.5,295.5,298.5,17,0
PLW,60,20221115,170000,295.5,298,292.5,293,361,0
PLW,60,20221116,100000,295,300.5,294.5,298,264,0
PLW,60,20221116,110000,298,299,294.5,294.5,85,0
PLW,60,20221116,120000,294,295,293,293,42,0
PLW,60,20221116,130000,294,295.5,292.5,294,249,0
PLW,60,20221116,140000,294,295,294,295,20,0
PLW,60,20221116,150000,294,295,293.5,295,12,0
PLW,60,20221116,160000,293,298.5,293,298,482,0
PLW,60,20221116,170000,294,299,294,299,172,0
PLW,60,20221117,100000,294,299,294,294.5,44,0
PLW,60,20221117,110000,297.5,298,295,295,69,0
PLW,60,20221117,120000,294.5,298,294.5,298,63,0
PLW,60,20221117,130000,296,298,294.5,297.5,80,0
PLW,60,20221117,140000,298,298,295,295,28,0
PLW,60,20221117,150000,294.5,297.5,294.5,294.5,284,0
PLW,60,20221117,160000,298,298,295,296,7,0
PLW,60,20221117,170000,298,298,294,297,123,0
PLW,60,20221118,100000,297,297,294.5,296.5,47,0
PLW,60,20221118,110000,295.5,296.5,294.5,295.5,74,0
PLW,60,20221118,120000,294.5,296,294,294,94,0
PLW,60,20221118,130000,293,294,293,293,7,0
PLW,60,20221118,140000,294,294,294,294,21,0
PLW,60,20221118,150000,293,295,292.5,295,51,0
PLW,60,20221118,160000,293,295,293,293,33,0
PLW,60,20221118,170000,293.5,295,293,293,49,0
PLW,60,20221121,100000,293,295,290.5,293,206,0
PLW,60,20221121,110000,293,294,290.5,290.5,45,0
PLW,60,20221121,120000,294.5,294.5,293.5,293.5,13,0
PLW,60,20221121,130000,294,295,294,295,7,0
PLW,60,20221121,140000,295,295,295,295,3,0
PLW,60,20221121,150000,292,295,292,295,41,0
PLW,60,20221121,160000,292.5,295,292.5,294.5,12,0
PLW,60,20221121,170000,294.5,294.5,291,294.5,95,0
PLW,60,20221122,100000,295,295.5,292.5,293.5,81,0
PLW,60,20221122,110000,294.5,298.5,289.5,291,766,0
PLW,60,20221122,120000,292,292,290.5,292,72,0
PLW,60,20221122,130000,291,293,291,293,46,0
PLW,60,20221122,140000,293,293,291,291.5,17,0
PLW,60,20221122,150000,293,293.5,291.5,293.5,32,0
PLW,60,20221122,160000,293,293,291.5,291.5,42,0
PLW,60,20221122,170000,291,294,291,291,84,0
PLW,60,20221123,100000,294.5,294.5,294,294.5,27,0
PLW,60,20221123,110000,291.5,291.5,291,291,19,0
PLW,60,20221123,120000,294,294,292,293,26,0
PLW,60,20221123,130000,293,293,289,289,170,0
PLW,60,20221123,140000,289,291.5,288.5,289,54,0
PLW,60,20221123,150000,288.5,289,285.5,288,74,0
PLW,60,20221123,160000,287.5,288.5,286,288.5,36,0
PLW,60,20221123,170000,287,289,286.5,289,89,0
PLW,60,20221124,100000,292,294.5,285,286.5,289,0
PLW,60,20221124,110000,285.5,286,285,285,95,0
PLW,60,20221124,120000,286.5,286.5,285.5,286.5,14,0
PLW,60,20221124,130000,285.5,286.5,284,284,170,0
PLW,60,20221124,140000,286,286.5,284,286.5,42,0
PLW,60,20221124,150000,284,286.5,283,286.5,49,0
PLW,60,20221124,160000,283.5,288.5,283.5,284,227,0
PLW,60,20221124,170000,287,289,285.5,289,153,0
PLW,60,20221125,100000,289,289,284,288,248,0
PLW,60,20221125,110000,285,287.5,284.5,287,74,0
PLW,60,20221125,120000,287,297,287,297,1138,0
PLW,60,20221125,130000,295,295,292,294.5,106,0
PLW,60,20221125,140000,293,293,292.5,292.5,6,0
PLW,60,20221125,150000,292.5,292.5,292,292,11,0
PLW,60,20221125,160000,293,295.5,293,295.5,48,0
PLW,60,20221125,170000,295.5,295.5,291.5,291.5,77,0
PLW,60,20221128,100000,291,297,291,295,132,0
PLW,60,20221128,110000,297,297,294,294.5,19,0
PLW,60,20221128,120000,293.5,294.5,292,294.5,92,0
PLW,60,20221128,130000,294.5,299.5,294.5,296.5,203,0
PLW,60,20221128,140000,297,299,295,295,75,0
PLW,60,20221128,150000,295.5,297,293,296,55,0
PLW,60,20221128,160000,295,295,294,294,51,0
PLW,60,20221128,170000,295,299,291,299,255,0
PLW,60,20221129,100000,300,301,295.5,300,335,0
PLW,60,20221129,110000,299,300,296,296,102,0
PLW,60,20221129,120000,298,298,294,294,246,0
PLW,60,20221129,130000,293.5,297,293.5,295,15,0
PLW,60,20221129,140000,295,295,292,292,60,0
PLW,60,20221129,150000,292,297,292,297,149,0
PLW,60,20221129,160000,294.5,297,294,297,127,0
PLW,60,20221129,170000,297,300,296,300,849,0
PLW,60,20221130,100000,320,326,316,319,2800,0
PLW,60,20221130,110000,318.5,320,316,316,403,0
PLW,60,20221130,120000,317,319.5,316,319.5,211,0
PLW,60,20221130,130000,317,319,316,317,118,0
PLW,60,20221130,140000,318,320,316,320,572,0
PLW,60,20221130,150000,320,320,319,320,394,0
PLW,60,20221130,160000,320,320,318,318,642,0
PLW,60,20221130,170000,318,325,318,324,1342,0
PLW,60,20221201,100000,328.5,332,322,331,1903,0
PLW,60,20221201,110000,330,331,330,330,163,0
PLW,60,20221201,120000,331,331,329,330,551,0
PLW,60,20221201,130000,330,331.5,330,331.5,260,0
PLW,60,20221201,140000,331,331.5,329.5,330,426,0
PLW,60,20221201,150000,329.5,333,329.5,333,1553,0
PLW,60,20221201,160000,333,333,332,332,121,0
PLW,60,20221201,170000,330.5,332,330.5,331,413,0
PLW,60,20221202,100000,331,338,331,334,1831,0
PLW,60,20221202,110000,334,334,331,332.5,643,0
PLW,60,20221202,120000,333,333,332,332,155,0
PLW,60,20221202,130000,333,333,332.5,333,498,0
PLW,60,20221202,140000,332,337,332,336,1888,0
PLW,60,20221202,150000,335,339,334,339,677,0
PLW,60,20221202,160000,339,342.5,338.5,339.5,662,0
PLW,60,20221202,170000,339.5,345,339,345,644,0
PLW,60,20221205,100000,348,375.5,347.5,368,4418,0
PLW,60,20221205,110000,367,368,346.5,358,2075,0
PLW,60,20221205,120000,361.5,364.5,356,363,184,0
PLW,60,20221205,130000,364.5,366,363.5,366,86,0
PLW,60,20221205,140000,363.5,365,362,364.5,70,0
PLW,60,20221205,150000,364.5,365,361,361,304,0
PLW,60,20221205,160000,361,365,357,365,656,0
PLW,60,20221205,170000,364,365.5,360,365,423,0
PLW,60,20221206,100000,364.5,364.5,359,361,182,0
PLW,60,20221206,110000,361,361,355,355,495,0
PLW,60,20221206,120000,354,356,352,353.5,410,0
PLW,60,20221206,130000,354,356,352.5,354.5,233,0
PLW,60,20221206,140000,352.5,355,352,355,107,0
PLW,60,20221206,150000,355,361,352,359.5,486,0
PLW,60,20221206,160000,359.5,359.5,355,356,66,0
PLW,60,20221206,170000,355,355.5,351,352,449,0
PLW,60,20221207,100000,350,352,348.5,349.5,197,0
PLW,60,20221207,110000,351.5,351.5,348.5,350,50,0
PLW,60,20221207,120000,350,350,344.5,346,195,0
PLW,60,20221207,130000,347,349.5,345.5,349,79,0
PLW,60,20221207,140000,348,348.5,348,348.5,7,0
PLW,60,20221207,150000,348,349,348,348,24,0
PLW,60,20221207,160000,349,350,346.5,346.5,277,0
PLW,60,20221207,170000,346,349,346,349,156,0
PLW,60,20221208,100000,349,349,345.5,348,180,0
PLW,60,20221208,110000,348,354.5,348,353.5,164,0
PLW,60,20221208,120000,353.5,357,350.5,352,148,0
PLW,60,20221208,130000,352,358.5,352,355.5,166,0
PLW,60,20221208,140000,355,355,354,354,22,0
PLW,60,20221208,150000,353.5,353.5,350,351,164,0
PLW,60,20221208,160000,351,351,346,346,191,0
PLW,60,20221208,170000,347.5,353.5,347.5,350,433,0
PLW,60,20221209,100000,347.5,351.5,346.5,346.5,132,0
PLW,60,20221209,110000,348,348,346.5,346.5,18,0
PLW,60,20221209,120000,347.5,352.5,347,352.5,282,0
PLW,60,20221209,130000,350,352,348.5,352,8,0
PLW,60,20221209,140000,351.5,351.5,350,350,69,0
PLW,60,20221209,150000,349,349.5,347.5,349,59,0
PLW,60,20221209,160000,347,349,345.5,346.5,148,0
PLW,60,20221209,170000,345.5,347.5,342,347.5,493,0
PLW,60,20221212,100000,347.5,349,345,345,238,0
PLW,60,20221212,110000,345,345,341.5,344,337,0
PLW,60,20221212,120000,344,345,343,345,148,0
PLW,60,20221212,130000,344,345.5,343,345,306,0
PLW,60,20221212,140000,345,345,344.5,344.5,22,0
PLW,60,20221212,150000,346,346,344.5,346,71,0
PLW,60,20221212,160000,344.5,346.5,343.5,344.5,373,0
PLW,60,20221212,170000,344.5,346.5,343.5,343.5,188,0
PLW,60,20221213,100000,344,352.5,344,352.5,354,0
PLW,60,20221213,110000,352.5,352.5,349.5,349.5,43,0
PLW,60,20221213,120000,349,351,346,350,3424,0
PLW,60,20221213,130000,351,355,351,355,362,0
PLW,60,20221213,140000,355,359,354.5,358,517,0
PLW,60,20221213,150000,358,363,355.5,363,455,0
PLW,60,20221213,160000,363,363,356.5,360.5,622,0
PLW,60,20221213,170000,360.5,363.5,357,363,1103,0
PLW,60,20221214,100000,360,363,356,356,212,0
PLW,60,20221214,110000,356.5,364,356.5,364,468,0
PLW,60,20221214,120000,362.5,362.5,355.5,360,464,0
PLW,60,20221214,130000,357.5,360,355,357.5,196,0
PLW,60,20221214,140000,357.5,360,356.5,360,202,0
PLW,60,20221214,150000,361,363.5,357,363.5,390,0
PLW,60,20221214,160000,360,363,359.5,360,90,0
PLW,60,20221214,170000,359.5,364,358,363,601,0
PLW,60,20221215,100000,355.5,362,355.5,358.5,138,0
PLW,60,20221215,110000,358,358,355.5,357,502,0
PLW,60,20221215,120000,357,359,353,353,231,0
PLW,60,20221215,130000,353,353,352,352.5,43,0
PLW,60,20221215,140000,351.5,352.5,351.5,352.5,17,0
PLW,60,20221215,150000,351,353,348,351,380,0
PLW,60,20221215,160000,351,351,347,351,252,0
PLW,60,20221215,170000,350,352,348,352,195,0
PLW,60,20221216,100000,346,353,346,351,93,0
PLW,60,20221216,110000,350,351,346.5,351,320,0
PLW,60,20221216,120000,350,350,346.5,346.5,148,0
PLW,60,20221216,130000,348,348,345.5,348,213,0
PLW,60,20221216,140000,349,349,345,345,123,0
PLW,60,20221216,150000,347,349,344.5,348.5,64,0
PLW,60,20221216,160000,347,348,345,348,108,0
PLW,60,20221216,170000,347,349,344.5,349,1375,0
PLW,60,20221219,100000,346,349.5,340.5,343,129,0
PLW,60,20221219,110000,343.5,343.5,341.5,342.5,51,0
PLW,60,20221219,120000,342,344.5,341.5,343,163,0
PLW,60,20221219,130000,344.5,345,344.5,345,24,0
PLW,60,20221219,140000,345,345,345,345,12,0
PLW,60,20221219,150000,345,345,343.5,343.5,7,0
PLW,60,20221219,160000,345,345,343.5,343.5,29,0
PLW,60,20221219,170000,343.5,343.5,342,342,89,0
PLW,60,20221220,100000,342.5,343,336,337,557,0
PLW,60,20221220,110000,338,339.5,338,339.5,73,0
PLW,60,20221220,120000,339,340,337.5,340,35,0
PLW,60,20221220,130000,340,340,337.5,339.5,227,0
PLW,60,20221220,140000,339.5,340,338.5,338.5,102,0
PLW,60,20221220,150000,338,338,336,336,82,0
PLW,60,20221220,160000,336,338,335,335,55,0
PLW,60,20221220,170000,338,338,335.5,338,294,0
PLW,60,20221221,100000,334.5,335.5,334,335.5,278,0
PLW,60,20221221,110000,335.5,335.5,332.5,334.5,334,0
PLW,60,20221221,120000,332,335,331,334.5,120,0
PLW,60,20221221,130000,333,333,332.5,332.5,34,0
PLW,60,20221221,140000,335,335,328,331.5,437,0
PLW,60,20221221,150000,332,335.5,329.5,335.5,291,0
PLW,60,20221221,160000,335.5,335.5,331.5,332.5,72,0
PLW,60,20221221,170000,333.5,340,333.5,339,778,0
PLW,60,20221222,100000,338.5,340,335,338.5,207,0
PLW,60,20221222,110000,335,335,333,335,76,0
PLW,60,20221222,120000,335,335,334,334,15,0
PLW,60,20221222,130000,334.5,334.5,330,333.5,324,0
PLW,60,20221222,140000,332.5,333.5,332.5,333.5,36,0
PLW,60,20221222,150000,333.5,335,333.5,335,48,0
PLW,60,20221222,160000,332,335,330.5,333.5,211,0
PLW,60,20221222,170000,333,335,330,334.5,409,0
PLW,60,20221223,100000,335,337,335,337,287,0
PLW,60,20221223,110000,337,338,336.5,338,158,0
PLW,60,20221223,120000,339,341,339,341,203,0
PLW,60,20221223,130000,339.5,340,339,340,46,0
PLW,60,20221223,140000,340,341,338,341,52,0
PLW,60,20221223,150000,340.5,341,339.5,341,80,0
PLW,60,20221223,160000,341,341,340,340,102,0
PLW,60,20221223,170000,341,341,340,341,315,0
PLW,60,20221227,100000,341,342,335.5,336.5,338,0
PLW,60,20221227,110000,337,337,333,333,115,0
PLW,60,20221227,120000,334,334.5,333,334.5,78,0
PLW,60,20221227,130000,334.5,337.5,333.5,336.5,353,0
PLW,60,20221227,140000,336.5,337,335,335,78,0
PLW,60,20221227,150000,335.5,335.5,332,333,284,0
PLW,60,20221227,160000,333,334.5,332,334.5,225,0
PLW,60,20221227,170000,332.5,337,331.5,337,302,0
PLW,60,20221228,100000,341.5,342,332,336.5,231,0
PLW,60,20221228,110000,336.5,336.5,334.5,336,208,0
PLW,60,20221228,120000,334.5,336,334,334,177,0
PLW,60,20221228,130000,334,338,334,335.5,99,0
PLW,60,20221228,140000,335,336,334,335.5,146,0
PLW,60,20221228,150000,336.5,338,333.5,335.5,302,0
PLW,60,20221228,160000,333.5,335.5,332,334,440,0
PLW,60,20221228,170000,333.5,334.5,332,334.5,649,0
PLW,60,20221229,100000,334.5,335.5,332,333,85,0
PLW,60,20221229,110000,335,340,333.5,340,158,0
PLW,60,20221229,120000,337,340,334,334.5,507,0
PLW,60,20221229,130000,334.5,335,332.5,332.5,251,0
PLW,60,20221229,140000,334,334,332.5,333,92,0
PLW,60,20221229,150000,333.5,333.5,325,325,988,0
PLW,60,20221229,160000,325.5,326,322.5,324.5,1364,0
PLW,60,20221229,170000,325,329.5,324,324,1056,0
PLW,60,20221230,100000,325,330,325,329,30,0
PLW,60,20221230,110000,329.5,331,329.5,330,453,0
PLW,60,20221230,120000,331.5,331.5,326.5,327,755,0
PLW,60,20221230,130000,328,328,325,325.5,953,0
PLW,60,20221230,140000,325.5,325.5,320,320,1143,0
PLW,60,20221230,150000,320,322,319.5,322,1336,0
PLW,60,20221230,160000,322,323,321.5,323,902,0
PLW,60,20221230,170000,323,323,310,310,4184,0
PLW,60,20230102,100000,313,320,313,320,846,0
PLW,60,20230102,110000,320,322,320,322,637,0
PLW,60,20230102,120000,321,322.5,320.5,322.5,260,0
PLW,60,20230102,130000,321.5,322,320,320,236,0
PLW,60,20230102,140000,321,321.5,320,320,66,0
PLW,60,20230102,150000,321,321.5,318,318,520,0
PLW,60,20230102,160000,321,321.5,319,320,141,0
PLW,60,20230102,170000,320,324.5,320,324.5,839,0
PLW,60,20230103,100000,335,337.5,325,335,480,0
PLW,60,20230103,110000,335,336,332,335,136,0
PLW,60,20230103,120000,335,336,334,335.5,69,0
PLW,60,20230103,130000,335.5,337,333.5,335,198,0
PLW,60,20230103,140000,337,337.5,334,336,217,0
PLW,60,20230103,150000,336,337,334,334,4136,0
PLW,60,20230103,160000,334.5,334.5,327,330,964,0
PLW,60,20230103,170000,329,332.5,329,329.5,271,0
PLW,60,20230104,100000,333,337,333,336.5,135,0
PLW,60,20230104,110000,336.5,340,334.5,340,348,0
PLW,60,20230104,120000,341,344,341,344,221,0
PLW,60,20230104,130000,344,347,343,344,448,0
PLW,60,20230104,140000,345.5,345.5,344.5,345,180,0
PLW,60,20230104,150000,346,346,345,345,137,0
PLW,60,20230104,160000,346,346,344.5,346,222,0
PLW,60,20230104,170000,346,347,344,346,525,0
PLW,60,20230105,100000,345,353.5,344,349.5,668,0
PLW,60,20230105,110000,349,354.5,349,350,336,0
PLW,60,20230105,120000,354.5,356,354,356,135,0
PLW,60,20230105,130000,356,359,355,355,188,0
PLW,60,20230105,140000,355,355.5,355,355.5,93,0
PLW,60,20230105,150000,355,358,353,355,306,0
PLW,60,20230105,160000,355,362,355,358,270,0
PLW,60,20230105,170000,358,361.5,355,361.5,245,0
PLW,60,20230109,100000,362,365,356.5,357,732,0
PLW,60,20230109,110000,360,361,357,361,110,0
PLW,60,20230109,120000,360,361,359,361,85,0
PLW,60,20230109,130000,361,361,360,361,45,0
PLW,60,20230109,140000,361,361.5,359.5,361.5,113,0
PLW,60,20230109,150000,359.5,361.5,359,359,170,0
PLW,60,20230109,160000,361,361,358.5,360,46,0
PLW,60,20230109,170000,360,361,359,359,383,0
PLW,60,20230110,100000,355,356,341.5,356,585,0
PLW,60,20230110,110000,355,359,355,359,253,0
PLW,60,20230110,120000,357,358.5,355.5,358.5,42,0
PLW,60,20230110,130000,358.5,359.5,358.5,358.5,55,0
PLW,60,20230110,140000,359,363.5,359,363.5,178,0
PLW,60,20230110,150000,363,364,360.5,364,190,0
PLW,60,20230110,160000,364,367,362,362,245,0
PLW,60,20230110,170000,364,369,360.5,369,1259,0
PLW,60,20230111,100000,372,379,372,378,1082,0
PLW,60,20230111,110000,378,382,378,382,718,0
PLW,60,20230111,120000,381,388,380,382.5,409,0
PLW,60,20230111,130000,382.5,385,381,385,370,0
PLW,60,20230111,140000,385,385,379,380.5,215,0
PLW,60,20230111,150000,381,381,380,380,68,0
PLW,60,20230111,160000,380,381.5,378,378.5,246,0
PLW,60,20230111,170000,380,380,369,369,1216,0
PLW,60,20230112,100000,369,375,368,369,157,0
PLW,60,20230112,110000,371.5,372,365,368,207,0
PLW,60,20230112,120000,365,371,365,370,193,0
PLW,60,20230112,130000,370,372.5,368,372.5,270,0
PLW,60,20230112,140000,375,376,375,376,41,0
PLW,60,20230112,150000,376,376,373,373,43,0
PLW,60,20230112,160000,375.5,379.5,374,379.5,265,0
PLW,60,20230112,170000,376,380,374,380,319,0
PLW,60,20230113,100000,382,383.5,381,382,296,0
PLW,60,20230113,110000,383.5,383.5,380,381,108,0
PLW,60,20230113,120000,380,383,380,382,90,0
PLW,60,20230113,130000,383,383,378,378,121,0
PLW,60,20230113,140000,377,381,375,377.5,238,0
PLW,60,20230113,150000,377,377,374.5,374.5,274,0
PLW,60,20230113,160000,374,374,370,371,395,0
PLW,60,20230113,170000,375,375,371,371,306,0
PLW,60,20230116,100000,378.5,382.5,376,378,378,0
PLW,60,20230116,110000,378,380,378,380,144,0
PLW,60,20230116,120000,378.5,379,378,379,68,0
PLW,60,20230116,130000,378,379.5,378,379,128,0
PLW,60,20230116,140000,379,379.5,376,376,207,0
PLW,60,20230116,150000,376,376,375,375,342,0
PLW,60,20230116,160000,375,376,374,376,275,0
PLW,60,20230116,170000,376,378,372,372,551,0
PLW,60,20230117,100000,376,377,375,377,259,0
PLW,60,20230117,110000,377,377,376,377,116,0
PLW,60,20230117,120000,377,377.5,374.5,374.5,154,0
PLW,60,20230117,130000,374.5,377,374,375,76,0
PLW,60,20230117,140000,377,377.5,374,375,100,0
PLW,60,20230117,150000,375,375,374,374.5,66,0
PLW,60,20230117,160000,375.5,375.5,374,375,39,0
PLW,60,20230117,170000,375,380,374.5,379,478,0
PLW,60,20230118,100000,378,378,374.5,376,137,0
PLW,60,20230118,110000,376,377.5,375,377.5,95,0
PLW,60,20230118,120000,378,378,375.5,375.5,86,0
PLW,60,20230118,130000,377,378,375.5,376,89,0
PLW,60,20230118,140000,378,379,377,379,145,0
PLW,60,20230118,150000,379.5,379.5,376.5,376.5,121,0
PLW,60,20230118,160000,376.5,380,376.5,380,90,0
PLW,60,20230118,170000,380,380,375,375,205,0
PLW,60,20230119,100000,375,379.5,375,375,232,0
PLW,60,20230119,110000,375,379,375,376,126,0
PLW,60,20230119,120000,375.5,377,375,377,182,0
PLW,60,20230119,130000,377,377,375,375,119,0
PLW,60,20230119,140000,375,375.5,369,371,1168,0
PLW,60,20230119,150000,371,374.5,371,374.5,99,0
PLW,60,20230119,160000,373.5,375.5,373.5,375.5,135,0
PLW,60,20230119,170000,375.5,380,375.5,380,320,0
PLW,60,20230120,100000,380,388,376,387.5,556,0
PLW,60,20230120,110000,387.5,395,387.5,390,504,0
PLW,60,20230120,120000,389,390,387.5,387.5,415,0
PLW,60,20230120,130000,387.5,387.5,379.5,379.5,563,0
PLW,60,20230120,140000,380,383.5,379,383.5,2574,0
PLW,60,20230120,150000,383.5,391.5,383.5,389.5,658,0
PLW,60,20230120,160000,389,396,389,392,459,0
PLW,60,20230120,170000,395.5,397.5,392,392,415,0
PLW,60,20230123,100000,395,397.5,384,387.5,560,0
PLW,60,20230123,110000,387.5,388,385,388,107,0
PLW,60,20230123,120000,386.5,386.5,381,381.5,404,0
PLW,60,20230123,130000,381.5,389.5,381,389.5,417,0
PLW,60,20230123,140000,387.5,392,387.5,392,220,0
PLW,60,20230123,150000,391.5,397,391,394.5,396,0
PLW,60,20230123,160000,395,396.5,392,392,280,0
PLW,60,20230123,170000,392,404,392,402.5,1573,0
PLW,60,20230124,100000,397,402,393,398.5,267,0
PLW,60,20230124,110000,400,400.5,396,400,347,0
PLW,60,20230124,120000,400,404,398.5,403.5,235,0
PLW,60,20230124,130000,404,404,400,400,171,0
PLW,60,20230124,140000,400.5,402,400,400,102,0
PLW,60,20230124,150000,400,400,399.5,400,350,0
PLW,60,20230124,160000,399.5,401,396,397,168,0
PLW,60,20230124,170000,399.5,399.5,396,398,336,0
PLW,60,20230125,100000,394.5,394.5,385,389,589,0
PLW,60,20230125,110000,389.5,391,388,390,88,0
PLW,60,20230125,120000,388,389.5,388,389.5,150,0
PLW,60,20230125,130000,388.5,388.5,386.5,387.5,350,0
PLW,60,20230125,140000,388.5,389,387,387.5,130,0
PLW,60,20230125,150000,387.5,389,387,387,477,0
PLW,60,20230125,160000,388,388,388,388,180,0
PLW,60,20230125,170000,388,388,383,384,425,0
PLW,60,20230126,100000,382,393,380,393,587,0
PLW,60,20230126,110000,392.5,392.5,388.5,391.5,128,0
PLW,60,20230126,120000,391.5,391.5,390,390,139,0
PLW,60,20230126,130000,390,391,390,390.5,27,0
PLW,60,20230126,140000,390.5,398,390,398,488,0
PLW,60,20230126,150000,394,400,394,397,315,0
PLW,60,20230126,160000,395.5,399.5,395.5,399,338,0
PLW,60,20230126,170000,399.5,400,396.5,400,338,0
PLW,60,20230127,100000,400,400,392.5,395.5,138,0
PLW,60,20230127,110000,396.5,405,396.5,400.5,557,0
PLW,60,20230127,120000,402,404.5,400,400.5,1292,0
PLW,60,20230127,130000,401.5,405.5,401,404,224,0
PLW,60,20230127,140000,403.5,405.5,400.5,400.5,173,0
PLW,60,20230127,150000,405,405,400.5,403,29,0
PLW,60,20230127,160000,403,403,401,403,43,0
PLW,60,20230127,170000,401,405,399.5,405,844,0
PLW,60,20230130,100000,406.5,408,402,406,336,0
PLW,60,20230130,110000,406,408,405,408,405,0
PLW,60,20230130,120000,408,408,405,406,223,0
PLW,60,20230130,130000,406,406,405,405.5,68,0
PLW,60,20230130,140000,407,407,404,404,30,0
PLW,60,20230130,150000,404,406,403.5,405,272,0
PLW,60,20230130,160000,405,406,404,404,751,0
PLW,60,20230130,170000,404,405,395.5,405,1353,0
PLW,60,20230131,100000,404.5,404.5,391.5,391.5,385,0
PLW,60,20230131,110000,391.5,396,391.5,395,142,0
PLW,60,20230131,120000,396,396,393.5,393.5,67,0
PLW,60,20230131,130000,393,394,391,391.5,445,0
PLW,60,20230131,140000,392,396.5,392,394.5,121,0
PLW,60,20230131,150000,395.5,400.5,395.5,400.5,343,0
PLW,60,20230131,160000,400,401,397.5,401,1143,0
PLW,60,20230131,170000,401.5,407,398.5,407,1876,0
PLW,60,20230201,100000,396,406,396,400,217,0
PLW,60,20230201,110000,400,401.5,396,398,121,0
PLW,60,20230201,120000,398,400,396,396,222,0
PLW,60,20230201,130000,395,400,395,396.5,115,0
PLW,60,20230201,140000,396.5,397.5,396,397,120,0
PLW,60,20230201,150000,397,398,394.5,398,132,0
PLW,60,20230201,160000,397,397,393,393,54,0
PLW,60,20230201,170000,393,394.5,386.5,394.5,561,0
PLW,60,20230202,100000,394.5,395,392,394,270,0
PLW,60,20230202,110000,394,395,390,395,102,0
PLW,60,20230202,120000,395,395,393.5,395,50,0
PLW,60,20230202,140000,394,400,394,398,212,0
PLW,60,20230202,150000,398,400,396.5,397,252,0
PLW,60,20230202,160000,397,399.5,395,395,309,0
PLW,60,20230202,170000,397.5,400,393,400,906,0
PLW,60,20230203,100000,396.5,398,396,398,49,0
PLW,60,20230203,110000,398,399,398,399,32,0
PLW,60,20230203,120000,398.5,400,398.5,399,425,0
PLW,60,20230203,130000,399,400,399,399,5,0
PLW,60,20230203,150000,399,404,399,404,522,0
PLW,60,20230203,160000,401.5,403,401.5,402,83,0
PLW,60,20230203,170000,401.5,405,400,405,1164,0
PLW,60,20230206,100000,406,412,400,404.5,1260,0
PLW,60,20230206,110000,404.5,404.5,395,399,198,0
PLW,60,20230206,120000,396.5,402,396.5,401,2444,0
PLW,60,20230206,130000,400,400,398,399,79,0
PLW,60,20230206,140000,398,398.5,395,395,131,0
PLW,60,20230206,150000,398.5,398.5,398,398.5,60,0
PLW,60,20230206,160000,397.5,397.5,394.5,394.5,52,0
PLW,60,20230206,170000,395,396,394,394,182,0
PLW,60,20230207,100000,395.5,398.5,392,395,248,0
PLW,60,20230207,110000,393.5,394.5,391.5,391.5,129,0
PLW,60,20230207,120000,393,393,390,390,66,0
PLW,60,20230207,130000,391,395.5,390,395.5,162,0
PLW,60,20230207,140000,394,394.5,394,394.5,28,0
PLW,60,20230207,150000,393,394,393,394,7,0
PLW,60,20230207,160000,391,391,391,391,14,0
PLW,60,20230207,170000,392.5,393,389,390,193,0
PLW,60,20230208,100000,391,394.5,390,392.5,222,0
PLW,60,20230208,110000,393.5,399,393.5,396.5,178,0
PLW,60,20230208,120000,396.5,398.5,396.5,398.5,67,0
PLW,60,20230208,130000,399,402,399,402,266,0
PLW,60,20230208,140000,401.5,401.5,399.5,400.5,167,0
PLW,60,20230208,150000,400.5,401,399.5,401,141,0
PLW,60,20230208,160000,400.5,401.5,399.5,400,191,0
PLW,60,20230208,170000,400,402,399.5,399.5,241,0
PLW,60,20230209,100000,399,402,396.5,398.5,746,0
PLW,60,20230209,110000,399,402,399,400,32,0
PLW,60,20230209,120000,400,406,400,403.5,242,0
PLW,60,20230209,130000,404,406,404,406,111,0
PLW,60,20230209,140000,407,408,405.5,405.5,56,0
PLW,60,20230209,150000,405,405.5,402,402,65,0
PLW,60,20230209,160000,403.5,403.5,401,403,12,0
PLW,60,20230209,170000,402,404,400,400,133,0
PLW,60,20230210,100000,399.5,400,394.5,398.5,391,0
PLW,60,20230210,110000,398.5,400.5,397.5,398,519,0
PLW,60,20230210,120000,397,397,391,393.5,44,0
PLW,60,20230210,130000,391,395,389,389,482,0
PLW,60,20230210,140000,389.5,392,389,390,110,0
PLW,60,20230210,150000,389,394,387,392,317,0
PLW,60,20230210,160000,389,392.5,389,392.5,47,0
PLW,60,20230210,170000,394,396.5,388,395,340,0
PLW,60,20230213,100000,395,398.5,386,389,278,0
PLW,60,20230213,110000,391.5,392,390.5,390.5,8,0
PLW,60,20230213,120000,390,390,386,388,128,0
PLW,60,20230213,130000,389,390.5,389,390.5,48,0
PLW,60,20230213,140000,390,390,390,390,10,0
PLW,60,20230213,150000,390,390,382,387,364,0
PLW,60,20230213,160000,387,391.5,385,390,192,0
PLW,60,20230213,170000,389,395.5,389,390,117,0
PLW,60,20230214,100000,390,391,387.5,388.5,67,0
PLW,60,20230214,110000,389,391,389,391,135,0
PLW,60,20230214,120000,393.5,394,392,394,84,0
PLW,60,20230214,130000,394,395.5,394,395.5,114,0
PLW,60,20230214,140000,395.5,396,394.5,395,214,0
PLW,60,20230214,150000,396,397,395.5,395.5,132,0
PLW,60,20230214,160000,393.5,398,393,398,105,0
PLW,60,20230214,170000,398,402.5,398,401,366,0
PLW,60,20230215,100000,400,403,398.5,403,327,0
PLW,60,20230215,110000,400.5,402,400.5,401,200,0
PLW,60,20230215,120000,402.5,402.5,402.5,402.5,5,0
PLW,60,20230215,130000,402,402.5,401.5,401.5,91,0
PLW,60,20230215,140000,403,403,403,403,14,0
PLW,60,20230215,150000,400.5,403,400,403,127,0
PLW,60,20230215,160000,403.5,405,403.5,405,68,0
PLW,60,20230215,170000,403.5,406,403,403,146,0
PLW,60,20230216,100000,405,407,403,407,75,0
PLW,60,20230216,110000,407,410,405,405,474,0
PLW,60,20230216,120000,405.5,408.5,405.5,408.5,29,0
PLW,60,20230216,130000,408,408,404.5,406,951,0
PLW,60,20230216,140000,406,406.5,405,405.5,1234,0
PLW,60,20230216,150000,405,407,405,406,2256,0
PLW,60,20230216,160000,408,409,408,408,158,0
PLW,60,20230216,170000,408,409,405,405,136,0
PLW,60,20230217,100000,409,409,405,408.5,275,0
PLW,60,20230217,110000,409,415,408,414,1199,0
PLW,60,20230217,120000,414,418.5,414,418.5,265,0
PLW,60,20230217,130000,418.5,419,415,415,192,0
PLW,60,20230217,140000,415,419,415,419,104,0
PLW,60,20230217,150000,419,420,417,420,236,0
PLW,60,20230217,160000,419,419,417,417,57,0
PLW,60,20230217,170000,420,420,417,419,266,0
PLW,60,20230220,100000,421,421,417,418,365,0
PLW,60,20230220,110000,417,418.5,411,412,228,0
PLW,60,20230220,120000,417,417,412,413,114,0
PLW,60,20230220,130000,414,414,412,412,38,0
PLW,60,20230220,140000,413,413,413,413,58,0
PLW,60,20230220,150000,413,415,411.5,414.5,80,0
PLW,60,20230220,160000,415,415,412,412,71,0
PLW,60,20230220,170000,413,413,410,410,664,0
PLW,60,20230221,100000,410,413.5,409,410,174,0
PLW,60,20230221,110000,410,412,410,412,256,0
PLW,60,20230221,120000,410,410,407,409,501,0
PLW,60,20230221,130000,410,412,408.5,408.5,403,0
PLW,60,20230221,140000,408,410,407,410,235,0
PLW,60,20230221,150000,408.5,408.5,408,408.5,70,0
PLW,60,20230221,160000,410.5,410.5,407,410,244,0
PLW,60,20230221,170000,410,410.5,407.5,407.5,248,0
PLW,60,20230222,100000,406.5,413.5,406.5,410,315,0
PLW,60,20230222,110000,410.5,413,410,410,199,0
PLW,60,20230222,120000,410,411.5,407,410,357,0
PLW,60,20230222,130000,410,411.5,406,406,526,0
PLW,60,20230222,140000,406,406,405,405.5,97,0
PLW,60,20230222,150000,408.5,410,408.5,410,84,0
PLW,60,20230222,160000,411,411.5,409,410.5,137,0
PLW,60,20230222,170000,411,412,410.5,412,138,0
PLW,60,20230223,100000,411.5,415,404,414.5,266,0
PLW,60,20230223,110000,414.5,424,414.5,420.5,418,0
PLW,60,20230223,120000,420.5,423,420.5,422,115,0
PLW,60,20230223,130000,421,422.5,421,422.5,14,0
PLW,60,20230223,140000,422,422.5,420,422.5,102,0
PLW,60,20230223,150000,422.5,422.5,419.5,422,176,0
PLW,60,20230223,160000,421,422.5,421,422.5,10,0
PLW,60,20230223,170000,421,422.5,419,422.5,243,0
PLW,60,20230224,100000,422.5,424,418,421,172,0
PLW,60,20230224,110000,418.5,422,418.5,422,87,0
PLW,60,20230224,120000,421,423,420.5,420.5,124,0
PLW,60,20230224,130000,419,419,418,418,59,0
PLW,60,20230224,140000,418.5,419.5,418.5,418.5,64,0
PLW,60,20230224,150000,420,421,416,416,275,0
PLW,60,20230224,160000,415.5,415.5,415.5,415.5,1,0
PLW,60,20230224,170000,416,418,414.5,418,270,0
PLW,60,20230227,100000,418,425,411.5,425,481,0
PLW,60,20230227,110000,421.5,425,421,422,190,0
PLW,60,20230227,120000,423,423,421.5,423,238,0
PLW,60,20230227,130000,423,427.5,423,427,270,0
PLW,60,20230227,140000,427,427.5,425,427,99,0
PLW,60,20230227,150000,426.5,429,426,429,112,0
PLW,60,20230227,160000,429,429,426,426,128,0
PLW,60,20230227,170000,428,428,422.5,427,292,0
PLW,60,20230228,100000,427,427,420,420.5,200,0
PLW,60,20230228,110000,421,424,420.5,423.5,65,0
PLW,60,20230228,120000,424,425,424,425,168,0
PLW,60,20230228,130000,425,429,424,429,470,0
PLW,60,20230228,140000,429.5,432.5,428,432.5,287,0
PLW,60,20230228,150000,429.5,431.5,428.5,428.5,76,0
PLW,60,20230228,160000,427.5,427.5,423.5,423.5,57,0
PLW,60,20230228,170000,424,427.5,424,427.5,145,0
PLW,60,20230301,100000,426.5,429,425,429,269,0
PLW,60,20230301,110000,428,429,428,429,307,0
PLW,60,20230301,120000,429,431,425,428.5,435,0
PLW,60,20230301,130000,428,428,427.5,427.5,14,0
PLW,60,20230301,140000,427.5,427.5,425.5,425.5,26,0
PLW,60,20230301,150000,426,427.5,426,427,74,0
PLW,60,20230301,160000,425.5,428,425,428,68,0
PLW,60,20230301,170000,425.5,428.5,425,425,278,0
PLW,60,20230302,100000,426,428.5,420,420,187,0
PLW,60,20230302,110000,423.5,424,420,420.5,294,0
PLW,60,20230302,120000,420.5,422,420.5,422,160,0
PLW,60,20230302,130000,423,423.5,422,423.5,35,0
PLW,60,20230302,140000,422,422,420.5,421.5,102,0
PLW,60,20230302,150000,420,422,420,421.5,83,0
PLW,60,20230302,160000,421.5,424,421.5,423.5,121,0
PLW,60,20230302,170000,425.5,426.5,423,423.5,276,0
PLW,60,20230303,100000,425,427,421,425.5,318,0
PLW,60,20230303,110000,424,432,424,430,255,0
PLW,60,20230303,120000,430,434.5,430,434.5,257,0
PLW,60,20230303,130000,434.5,435,433.5,435,55,0
PLW,60,20230303,140000,433.5,434.5,431,431,43,0
PLW,60,20230303,150000,433,435,433,434.5,44,0
PLW,60,20230303,160000,433,433,430.5,430.5,150,0
PLW,60,20230303,170000,431,431,427,430,448,0
PLW,60,20230306,100000,430,436,430,436,206,0
PLW,60,20230306,110000,436,438,432,435,187,0
PLW,60,20230306,120000,435.5,435.5,435,435,19,0
PLW,60,20230306,130000,436,437.5,433.5,433.5,266,0
PLW,60,20230306,140000,436.5,437,435,435,77,0
PLW,60,20230306,150000,436,437,435,437,87,0
PLW,60,20230306,160000,436,437,435,435,16,0
PLW,60,20230306,170000,434.5,440,433,438,983,0
PLW,60,20230307,100000,437.5,437.5,432,436.5,233,0
PLW,60,20230307,110000,433.5,433.5,429,429,247,0
PLW,60,20230307,120000,429,431,428,431,376,0
PLW,60,20230307,130000,430,434.5,430,431.5,130,0
PLW,60,20230307,140000,431.5,431.5,431.5,431.5,31,0
PLW,60,20230307,150000,431.5,432,430,431,194,0
PLW,60,20230307,160000,430,430,427,430,651,0
PLW,60,20230307,170000,426,429,425,429,562,0
PLW,60,20230308,100000,438,438,427,429,150,0
PLW,60,20230308,110000,426.5,427,420.5,423,522,0
PLW,60,20230308,120000,424,425,421.5,421.5,171,0
PLW,60,20230308,130000,421,422.5,418.5,418.5,609,0
PLW,60,20230308,140000,419.5,435,419.5,431,874,0
PLW,60,20230308,150000,431.5,436,429,429,432,0
PLW,60,20230308,160000,432,444,429.5,444,1286,0
PLW,60,20230308,170000,444,459,443.5,457,1478,0
PLW,60,20230309,100000,456,475,446,475,3403,0
PLW,60,20230309,110000,475,475,456,464,2449,0
PLW,60,20230309,120000,464.5,471,460,464.5,1376,0
PLW,60,20230309,130000,464.5,470,462.5,466.5,483,0
PLW,60,20230309,140000,466.5,466.5,461,464,281,0
PLW,60,20230309,150000,464,465,460,464.5,300,0
PLW,60,20230309,160000,464.5,465,453,453,482,0
PLW,60,20230309,170000,452,463,452,458.5,1098,0
PLW,60,20230310,100000,457,458.5,448.5,456,896,0
PLW,60,20230310,110000,456,456,451.5,453.5,204,0
PLW,60,20230310,120000,453.5,454.5,449.5,450,356,0
PLW,60,20230310,130000,450,450,446.5,449,398,0
PLW,60,20230310,140000,449,450,438,445.5,1329,0
PLW,60,20230310,150000,443.5,449,442,443.5,326,0
PLW,60,20230310,160000,444,446,442,443,177,0
PLW,60,20230310,170000,443,445.5,433.5,445.5,1405,0
PLW,60,20230313,100000,445.5,446,427,429,989,0
PLW,60,20230313,110000,429,434.5,425,434.5,641,0
PLW,60,20230313,120000,431,432,427,431,282,0
PLW,60,20230313,130000,431.5,435.5,430,435.5,189,0
PLW,60,20230313,140000,435,435,426,427.5,661,0
PLW,60,20230313,150000,429,434.5,428.5,428.5,116,0
PLW,60,20230313,160000,433.5,434,427,428.5,345,0
PLW,60,20230313,170000,429,436,429,436,307,0
PLW,60,20230314,100000,436,436,429,434,227,0
PLW,60,20230314,110000,431.5,434,430,434,90,0
PLW,60,20230314,120000,431,433.5,427,431,148,0
PLW,60,20230314,130000,432,437.5,432,434.5,237,0
PLW,60,20230314,140000,434.5,438,430,436,397,0
PLW,60,20230314,150000,437,439,437,439,126,0
PLW,60,20230314,160000,439,440,437,437,121,0
PLW,60,20230314,170000,437,439,435.5,439,97,0
PLW,60,20230315,100000,438,438,430,436.5,73,0
PLW,60,20230315,110000,436.5,436.5,432.5,432.5,30,0
PLW,60,20230315,120000,432,434.5,424.5,424.5,371,0
PLW,60,20230315,130000,422.5,427.5,420,422.5,241,0
PLW,60,20230315,140000,424,424.5,421,424,211,0
PLW,60,20230315,150000,423,423,420,421,206,0
PLW,60,20230315,160000,421,424,416,421,388,0
PLW,60,20230315,170000,419.5,423,416.5,416.5,152,0
PLW,60,20230316,100000,418.5,427,418.5,424,317,0
PLW,60,20230316,110000,422,423,418,421.5,146,0
PLW,60,20230316,120000,422,422,419,419,22,0
PLW,60,20230316,130000,419,421,419,421,78,0
PLW,60,20230316,140000,419.5,421.5,418,419.5,181,0
PLW,60,20230316,150000,420,421.5,419,419.5,135,0
PLW,60,20230316,160000,420.5,422,420,421.5,130,0
PLW,60,20230316,170000,422,423,420,423,171,0
PLW,60,20230317,100000,424,425.5,422.5,423,347,0
PLW,60,20230317,110000,423,425,423,425,48,0
PLW,60,20230317,120000,423,425,411,411,319,0
PLW,60,20230317,130000,415,416.5,413,416.5,196,0
PLW,60,20230317,140000,417,417,413.5,416,71,0
PLW,60,20230317,150000,416,416,412.5,414,225,0
PLW,60,20230317,160000,413,417,410,412,807,0
PLW,60,20230317,170000,409,414.5,406.5,412.5,1407,0
PLW,60,20230320,100000,413,415.5,404,415.5,578,0
PLW,60,20230320,110000,417,420,415.5,417.5,135,0
PLW,60,20230320,120000,418.5,420,416.5,418.5,88,0
PLW,60,20230320,130000,416.5,419,416.5,417,35,0
PLW,60,20230320,140000,418.5,419,414.5,418.5,198,0
PLW,60,20230320,150000,420,420,417,417,31,0
PLW,60,20230320,160000,420,420.5,418.5,420,61,0
PLW,60,20230320,170000,420,424,420,423.5,360,0
PLW,60,20230321,100000,423.5,429.5,423.5,425,292,0
PLW,60,20230321,110000,425,427,421,427,441,0
PLW,60,20230321,120000,427,427,425.5,425.5,49,0
PLW,60,20230321,130000,425.5,426.5,425,426.5,60,0
PLW,60,20230321,140000,426.5,427.5,426,426,98,0
PLW,60,20230321,150000,427.5,428.5,426.5,428.5,486,0
PLW,60,20230321,160000,429,434,428,428,359,0
PLW,60,20230321,170000,427,429,426.5,426.5,528,0
PLW,60,20230322,100000,427.5,428.5,424.5,426,295,0
PLW,60,20230322,110000,425.5,426.5,422,426.5,72,0
PLW,60,20230322,120000,425.5,425.5,424.5,424.5,72,0
PLW,60,20230322,130000,427,427.5,423,423,162,0
PLW,60,20230322,140000,423,426,423,424,24,0
PLW,60,20230322,150000,426,426,422.5,422.5,123,0
PLW,60,20230322,160000,426,426,422.5,422.5,144,0
PLW,60,20230322,170000,424.5,424.5,420,420,364,0
PLW,60,20230323,100000,420,427.5,413,419.5,442,0
PLW,60,20230323,110000,419,419.5,415,419.5,75,0
PLW,60,20230323,120000,418.5,418.5,413,416,98,0
PLW,60,20230323,130000,418,420,417,417,165,0
PLW,60,20230323,140000,417.5,419.5,417.5,418,73,0
PLW,60,20230323,150000,419.5,419.5,417.5,419,25,0
PLW,60,20230323,160000,419.5,419.5,417.5,419.5,46,0
PLW,60,20230323,170000,417.5,419.5,412,414,324,0
PLW,60,20230324,100000,421,422,411,411,194,0
PLW,60,20230324,110000,413,416.5,412,412,54,0
PLW,60,20230324,120000,412,415.5,412,415.5,3,0
PLW,60,20230324,130000,412,412,410,410,115,0
PLW,60,20230324,140000,410,414.5,410,414.5,70,0
PLW,60,20230324,150000,410.5,410.5,410.5,410.5,41,0
PLW,60,20230324,160000,410,413.5,409,409,31,0
PLW,60,20230324,170000,409,412,400.5,412,726,0
PLW,60,20230327,100000,413,413,398,405.5,782,0
PLW,60,20230327,110000,407,409,405.5,406,131,0
PLW,60,20230327,120000,409,417.5,409,412,571,0
PLW,60,20230327,130000,409,416.5,409,416.5,76,0
PLW,60,20230327,140000,417,417.5,408.5,410,523,0
PLW,60,20230327,150000,409,414.5,409,413,129,0
PLW,60,20230327,160000,415,417.5,413.5,416,80,0
PLW,60,20230327,170000,414,418.5,412,418.5,324,0
PLW,60,20230328,100000,416,416.5,411,415.5,207,0
PLW,60,20230328,110000,415.5,416,412.5,416,158,0
PLW,60,20230328,120000,416,416,413.5,413.5,54,0
PLW,60,20230328,130000,415.5,415.5,413,414,430,0
PLW,60,20230328,140000,415.5,426,415,426,854,0
PLW,60,20230328,150000,425,427,423,423.5,545,0
PLW,60,20230328,160000,423,423,420.5,420.5,135,0
PLW,60,20230328,170000,422,423.5,419.5,423.5,197,0
PLW,60,20230329,100000,423,423,416.5,416.5,142,0
PLW,60,20230329,110000,417,424.5,417,424.5,637,0
PLW,60,20230329,120000,425,426,423.5,423.5,193,0
PLW,60,20230329,130000,423.5,425,423.5,424,248,0
PLW,60,20230329,140000,424,424,423,424,97,0
PLW,60,20230329,150000,422.5,422.5,420.5,420.5,12,0
PLW,60,20230329,160000,420,421,419.5,420,26,0
PLW,60,20230329,170000,423.5,424,420.5,424,118,0
PLW,60,20230330,100000,424,424,418.5,423,260,0
PLW,60,20230330,110000,423.5,423.5,418.5,418.5,124,0
PLW,60,20230330,120000,417.5,420,414.5,416,161,0
PLW,60,20230330,130000,415,416.5,413.5,416.5,80,0
PLW,60,20230330,140000,416.5,417.5,415,415,110,0
PLW,60,20230330,150000,417.5,417.5,413,413,20,0
PLW,60,20230330,160000,417.5,417.5,414,415,46,0
PLW,60,20230330,170000,418,420,416.5,420,107,0
PLW,60,20230331,100000,418,418,409,418,626,0
PLW,60,20230331,110000,418,421,418,420,175,0
PLW,60,20230331,120000,421,425,420,423.5,266,0
PLW,60,20230331,130000,425,425,420,422,141,0
PLW,60,20230331,140000,423,425,421.5,421.5,175,0
PLW,60,20230331,150000,420.5,424,420.5,420.5,74,0
PLW,60,20230331,160000,423,424,421.5,421.5,65,0
PLW,60,20230331,170000,421.5,425,414,420,970,0
PLW,60,20230403,100000,424,430,423,425.5,397,0
PLW,60,20230403,110000,428,428,426,428,141,0
PLW,60,20230403,120000,425.5,428,423.5,425.5,218,0
PLW,60,20230403,130000,426,427,424,424.5,242,0
PLW,60,20230403,140000,423.5,423.5,419,419,154,0
PLW,60,20230403,150000,419,422,419,422,41,0
PLW,60,20230403,160000,422,422,418,419,149,0
PLW,60,20230403,170000,421.5,422,420,421,147,0
PLW,60,20230404,100000,421,438.5,421,436.5,862,0
PLW,60,20230404,110000,434,443,434,440,1260,0
PLW,60,20230404,120000,437,438.5,430,430,781,0
PLW,60,20230404,130000,429.5,432.5,429.5,432.5,133,0
PLW,60,20230404,140000,430,435,429.5,433,1091,0
PLW,60,20230404,150000,433.5,434.5,433,434.5,129,0
PLW,60,20230404,160000,434.5,437.5,432.5,432.5,86,0
PLW,60,20230404,170000,435,436.5,432,436.5,361,0
PLW,60,20230405,100000,437.5,437.5,431,433.5,166,0
PLW,60,20230405,120000,434.5,436,434,436,18,0
PLW,60,20230405,130000,434,435.5,431.5,431.5,138,0
PLW,60,20230405,140000,431.5,431.5,431.5,431.5,3,0
PLW,60,20230405,150000,431.5,431.5,426,430,187,0
PLW,60,20230405,160000,430.5,432,430.5,430.5,231,0
PLW,60,20230405,170000,431.5,432,431,432,157,0
PLW,60,20230406,100000,432,435.5,432,433,23,0
PLW,60,20230406,110000,432,435,432,435,26,0
PLW,60,20230406,120000,432,435,432,435,108,0
PLW,60,20230406,130000,435.5,440,435.5,440,104,0
PLW,60,20230406,140000,438,438,437.5,437.5,58,0
PLW,60,20230406,150000,437,437,435.5,437,21,0
PLW,60,20230406,160000,436,437,434.5,434.5,40,0
PLW,60,20230406,170000,435,437.5,434,437.5,95,0
PLW,60,20230411,100000,440,447,438,443,814,0
PLW,60,20230411,110000,443,449,443,445,856,0
PLW,60,20230411,120000,448.5,448.5,441,444,377,0
PLW,60,20230411,130000,445,445,441,441,147,0
PLW,60,20230411,140000,441,443,440,443,324,0
PLW,60,20230411,150000,440,441,438,440,195,0
PLW,60,20230411,160000,440,440.5,438.5,440.5,148,0
PLW,60,20230411,170000,440.5,443,438,443,269,0
PLW,60,20230412,100000,444,445,442,442,211,0
PLW,60,20230412,110000,443,443,440,443,52,0
PLW,60,20230412,120000,443,445,441.5,445,219,0
PLW,60,20230412,130000,445,445,443,444.5,62,0
PLW,60,20230412,140000,441.5,443,440,442,289,0
PLW,60,20230412,150000,441,443,441,443,38,0
PLW,60,20230412,160000,443.5,445,442,444,404,0
PLW,60,20230412,170000,444,444,440.5,443,227,0
PLW,60,20230413,100000,443,443,439.5,442,160,0
PLW,60,20230413,110000,442,442.5,435,437.5,1960,0
PLW,60,20230413,120000,435.5,437.5,435,435,150,0
PLW,60,20230413,130000,435,437,435,435,97,0
PLW,60,20230413,140000,435.5,435.5,434,435.5,47,0
PLW,60,20230413,150000,435.5,436.5,435.5,436.5,141,0
PLW,60,20230413,160000,437,439.5,436,438.5,301,0
PLW,60,20230413,170000,438.5,440,438,440,248,0
PLW,60,20230414,100000,443,447.5,442,443,495,0
PLW,60,20230414,110000,443,446.5,443,443,41,0
PLW,60,20230414,120000,442,442.5,440.5,442,113,0
PLW,60,20230414,130000,442,442.5,437,437,208,0
PLW,60,20230414,140000,438,440,437.5,439,19,0
PLW,60,20230414,150000,439,439.5,434.5,434.5,117,0
PLW,60,20230414,170000,438,438,436.5,437,79,0
PLW,60,20230417,100000,440,440,435,436,258,0
PLW,60,20230417,110000,435,436.5,433,434,453,0
PLW,60,20230417,120000,433.5,435,430.5,431,381,0
PLW,60,20230417,130000,431,432,426.5,428,510,0
PLW,60,20230417,140000,427.5,431,427,428.5,268,0
PLW,60,20230417,150000,429,430,427,427.5,315,0
PLW,60,20230417,160000,427.5,429.5,427,427.5,173,0
PLW,60,20230417,170000,427.5,432,427.5,432,366,0
PLW,60,20230418,100000,427,431,427,430,135,0
PLW,60,20230418,110000,429.5,433,429,432,253,0
PLW,60,20230418,120000,431,432,426.5,426.5,290,0
PLW,60,20230418,130000,427,431.5,426.5,429,341,0
PLW,60,20230418,140000,428.5,430,427,428,104,0
PLW,60,20230418,150000,429,431,427.5,427.5,110,0
PLW,60,20230418,160000,427,429,427,429,121,0
PLW,60,20230418,170000,428,431.5,427,427,537,0
PLW,60,20230419,100000,431.5,431.5,427.5,430.5,148,0
PLW,60,20230419,110000,430.5,430.5,427,429,455,0
PLW,60,20230419,120000,428,430,427,429.5,214,0
PLW,60,20230419,130000,428.5,429.5,427,427,110,0
PLW,60,20230419,140000,427.5,429.5,427.5,429.5,34,0
PLW,60,20230419,150000,429,430,428,429.5,80,0
PLW,60,20230419,160000,428.5,430,428,428,148,0
PLW,60,20230419,170000,428,428,427,427,394,0
PLW,60,20230420,100000,428.5,429.5,426.5,426.5,59,0
PLW,60,20230420,110000,427,428,426,427.5,231,0
PLW,60,20230420,120000,427.5,427.5,426,426,78,0
PLW,60,20230420,130000,426,430.5,426,428.5,720,0
PLW,60,20230420,140000,427,428,426,427,34,0
PLW,60,20230420,150000,429,432,429,432,733,0
PLW,60,20230420,160000,431,433.5,431,432,251,0
PLW,60,20230420,170000,431,433,431,433,660,0
PLW,60,20230421,100000,432,432,426.5,430,253,0
PLW,60,20230421,110000,431,432,431,432,24,0
PLW,60,20230421,120000,429.5,432,428,428,10217,0
PLW,60,20230421,130000,428.5,428.5,428.5,428.5,42,0
PLW,60,20230421,140000,428.5,428.5,427.5,427.5,51,0
PLW,60,20230421,150000,427,427,426.5,426.5,23,0
PLW,60,20230421,160000,427.5,428,427.5,428,23,0
PLW,60,20230421,170000,427,427,424,427,241,0
PLW,60,20230424,100000,427,428.5,425.5,427,136,0
PLW,60,20230424,110000,426.5,426.5,422.5,425.5,96,0
PLW,60,20230424,120000,425.5,425.5,420.5,421,359,0
PLW,60,20230424,130000,421.5,421.5,418,418,189,0
PLW,60,20230424,140000,419,422,414,420,330,0
PLW,60,20230424,150000,419.5,421.5,418.5,420,336,0
PLW,60,20230424,160000,418.5,420.5,418.5,419,168,0
PLW,60,20230424,170000,420.5,421.5,419.5,420.5,522,0
PLW,60,20230425,100000,420,422,417,419,737,0
PLW,60,20230425,110000,420,420,419.5,419.5,17,0
PLW,60,20230425,120000,419.5,422,419.5,422,402,0
PLW,60,20230425,130000,420,421,419,420,371,0
PLW,60,20230425,140000,420.5,420.5,419.5,420,202,0
PLW,60,20230425,150000,420,420.5,420,420,240,0
PLW,60,20230425,160000,420,420.5,416.5,418,1267,0
PLW,60,20230425,170000,418.5,419,415,415,407,0
PLW,60,20230426,100000,423,423,412,412,471,0
PLW,60,20230426,110000,411,413.5,410.5,412.5,237,0
PLW,60,20230426,120000,411,417.5,411,417.5,120,0
PLW,60,20230426,130000,417.5,419.5,417,419.5,118,0
PLW,60,20230426,140000,420,420,418.5,420,101,0
PLW,60,20230426,150000,419.5,420,418.5,418.5,45,0
PLW,60,20230426,160000,419.5,420,418.5,419.5,38,0
PLW,60,20230426,170000,419.5,421,418.5,421,199,0
PLW,60,20230427,100000,421,421,420,420,121,0
PLW,60,20230427,110000,418.5,420,417.5,420,191,0
PLW,60,20230427,120000,419.5,420,417,420,197,0
PLW,60,20230427,130000,419.5,420,417.5,419,360,0
PLW,60,20230427,140000,419.5,420,419,420,129,0
PLW,60,20230427,150000,419.5,420,418,418,49,0
PLW,60,20230427,160000,420,420,419.5,420,32,0
PLW,60,20230427,170000,420,421,418.5,418.5,257,0
PLW,60,20230428,100000,419,421.5,419,421.5,40,0
PLW,60,20230428,110000,423,423,418.5,420.5,51,0
PLW,60,20230428,120000,421,423,420,423,75,0
PLW,60,20230428,130000,423.5,428,421.5,423,95,0
PLW,60,20230428,140000,421.5,421.5,419.5,419.5,2,0
PLW,60,20230428,150000,419.5,419.5,416.5,416.5,181,0
PLW,60,20230428,160000,420,420,420,420,51,0
PLW,60,20230428,170000,418,420,417,420,142,0
PLW,60,20230502,100000,412,413,394,402,3065,0
PLW,60,20230502,110000,402,404,399,402,526,0
PLW,60,20230502,120000,402,403,400.5,403,190,0
PLW,60,20230502,130000,403,404.5,401.5,404.5,215,0
PLW,60,20230502,140000,405,405.5,403,403,337,0
PLW,60,20230502,150000,403.5,404.5,402,402,214,0
PLW,60,20230502,160000,402,404,402,404,128,0
PLW,60,20230502,170000,402,403,396.5,396.5,699,0
PLW,60,20230504,100000,397,404,397,403.5,568,0
PLW,60,20230504,110000,404,409,404,407,591,0
PLW,60,20230504,120000,407,407,399.5,403,448,0
PLW,60,20230504,130000,401,403,401,401.5,604,0
PLW,60,20230504,140000,402,403,401,403,208,0
PLW,60,20230504,150000,403.5,403.5,401.5,403,359,0
PLW,60,20230504,160000,403.5,404,403,403,154,0
PLW,60,20230504,170000,404,405,401,405,311,0
PLW,60,20230505,100000,408,408,400.5,405,240,0
PLW,60,20230505,110000,404.5,405,404,405,217,0
PLW,60,20230505,120000,405,405,404.5,405,121,0
PLW,60,20230505,130000,405,405,404,404,174,0
PLW,60,20230505,140000,404,404,400,400,207,0
PLW,60,20230505,150000,403.5,403.5,403.5,403.5,14,0
PLW,60,20230505,160000,403.5,404.5,403,404.5,294,0
PLW,60,20230505,170000,404.5,405.5,403,405.5,548,0
PLW,60,20230508,100000,405,410.5,403,405,492,0
PLW,60,20230508,110000,407.5,407.5,405,405.5,91,0
PLW,60,20230508,120000,405,405,403,405,92,0
PLW,60,20230508,130000,405,405,403,405,108,0
PLW,60,20230508,140000,404.5,404.5,402,402,101,0
PLW,60,20230508,150000,403,403,400.5,401,249,0
PLW,60,20230508,160000,402.5,403,400.5,401.5,466,0
PLW,60,20230508,170000,401.5,403,401,402.5,452,0
PLW,60,20230509,100000,401,402,398,399.5,480,0
PLW,60,20230509,110000,398.5,399.5,394,397.5,876,0
PLW,60,20230509,120000,397.5,398.5,395,396,308,0
PLW,60,20230509,130000,396,396.5,395,396,247,0
PLW,60,20230509,140000,396,397,391.5,393,746,0
PLW,60,20230509,150000,392,394.5,392,393,403,0
PLW,60,20230509,160000,392.5,395,392.5,394,133,0
PLW,60,20230509,170000,393.5,394,391,392.5,610,0
PLW,60,20230510,100000,392,392,386,387.5,709,0
PLW,60,20230510,110000,388,389.5,386,386.5,265,0
PLW,60,20230510,120000,386.5,388.5,386,388.5,747,0
PLW,60,20230510,130000,388,389,386.5,386.5,258,0
PLW,60,20230510,140000,386.5,388.5,386.5,388.5,148,0
PLW,60,20230510,150000,388.5,389,388,388,127,0
PLW,60,20230510,160000,388.5,390.5,387,388,348,0
PLW,60,20230510,170000,389,390,384,384,577,0
PLW,60,20230511,100000,380,380,360,369,4523,0
PLW,60,20230511,110000,369,369.5,366.5,368.5,1052,0
PLW,60,20230511,120000,368.5,369,365,367,1262,0
PLW,60,20230511,130000,366,367,361,364,1556,0
PLW,60,20230511,140000,365,366,363,365.5,689,0
PLW,60,20230511,150000,365,369.5,365,368,677,0
PLW,60,20230511,160000,368,373,364,371.5,5072,0
PLW,60,20230511,170000,369,380,369,379,715,0
PLW,60,20230512,100000,382.5,393.5,382.5,390,4873,0
PLW,60,20230512,110000,392,392.5,389,392.5,421,0
PLW,60,20230512,120000,392.5,392.5,387.5,387.5,347,0
PLW,60,20230512,130000,390,392.5,388.5,389,263,0
PLW,60,20230512,140000,390,391,389,390,112,0
PLW,60,20230512,150000,388,389.5,387,389.5,233,0
PLW,60,20230512,160000,389.5,389.5,385,388,419,0
PLW,60,20230512,170000,388,388,383,386,249,0
PLW,60,20230515,100000,386,394.5,385.5,388.5,5767,0
PLW,60,20230515,110000,390,391.5,388.5,390.5,1424,0
PLW,60,20230515,120000,391.5,391.5,388.5,390,772,0
PLW,60,20230515,130000,389,391.5,389,391.5,129,0
PLW,60,20230515,140000,391.5,397,391,394,460,0
PLW,60,20230515,150000,395,395,392,393.5,471,0
PLW,60,20230515,160000,393.5,393.5,390,393.5,4741,0
PLW,60,20230515,170000,393.5,397.5,393.5,396,198,0
PLW,60,20230516,100000,397.5,409,393,409,990,0
PLW,60,20230516,110000,409.5,415,408.5,414.5,754,0
PLW,60,20230516,120000,415,417,411,411,832,0
PLW,60,20230516,130000,414,416.5,412.5,416.5,355,0
PLW,60,20230516,140000,417,418,410.5,414,687,0
PLW,60,20230516,150000,414.5,419,414.5,418.5,480,0
PLW,60,20230516,160000,418.5,418.5,416.5,417.5,251,0
PLW,60,20230516,170000,418,420,416.5,420,289,0
PLW,60,20230517,100000,420,424,420,422,931,0
PLW,60,20230517,110000,421.5,428,420,426.5,1344,0
PLW,60,20230517,120000,424,424.5,415,416,465,0
PLW,60,20230517,130000,417,418,414.5,414.5,176,0
PLW,60,20230517,140000,415.5,416,414,416,99,0
PLW,60,20230517,150000,416,417.5,414,416,116,0
PLW,60,20230517,160000,415.5,417.5,413,417.5,232,0
PLW,60,20230517,170000,415,415,411.5,412.5,196,0
PLW,60,20230518,100000,410,419,407,415,94,0
PLW,60,20230518,110000,411,418.5,411,418,51,0
PLW,60,20230518,120000,416,416,416,416,51,0
PLW,60,20230518,130000,417.5,417.5,412,412,383,0
PLW,60,20230518,140000,412,414,410.5,410.5,19,0
PLW,60,20230518,150000,412,417,411,411,82,0
PLW,60,20230518,160000,412,413.5,412,412,36,0
PLW,60,20230518,170000,411.5,416,411,416,120,0
PLW,60,20230519,100000,415,415.5,412,415,79,0
PLW,60,20230519,110000,415,415,412.5,412.5,17,0
PLW,60,20230519,120000,413,417,412.5,415,407,0
PLW,60,20230519,130000,418,420,418,420,201,0
PLW,60,20230519,140000,420,420,418,418,272,0
PLW,60,20230519,150000,418,420,418,420,74,0
PLW,60,20230519,160000,420,420,417,418,244,0
PLW,60,20230519,170000,420,420,417,417,114,0
PLW,60,20230522,100000,416,416,411.5,413.5,93,0
PLW,60,20230522,110000,415,421,415,421,321,0
PLW,60,20230522,120000,423,423,419,421,337,0
PLW,60,20230522,130000,421,422,418,418,373,0
PLW,60,20230522,140000,419,419.5,419,419.5,57,0
PLW,60,20230522,150000,419.5,419.5,417.5,419,328,0
PLW,60,20230522,160000,419,422,419,420.5,266,0
PLW,60,20230522,170000,420.5,422.5,419,419,129,0
PLW,60,20230523,100000,423,423,419,420.5,51,0
PLW,60,20230523,110000,418,420,418,420,484,0
PLW,60,20230523,120000,420,420,419.5,419.5,85,0
PLW,60,20230523,130000,420,420,416.5,417,142,0
PLW,60,20230523,140000,416.5,416.5,410,410.5,696,0
PLW,60,20230523,150000,410.5,411.5,410,410,63,0
PLW,60,20230523,160000,410,410,406,406,811,0
PLW,60,20230523,170000,407,409.5,402,402,532,0
PLW,60,20230524,100000,403,408,399,402.5,525,0
PLW,60,20230524,110000,404.5,404.5,401.5,404.5,216,0
PLW,60,20230524,120000,403.5,403.5,401,401,106,0
PLW,60,20230524,130000,401,401.5,399.5,401.5,78,0
PLW,60,20230524,140000,402.5,402.5,401,401,30,0
PLW,60,20230524,150000,400,401.5,400,401.5,28,0
PLW,60,20230524,160000,402,402.5,399.5,399.5,152,0
PLW,60,20230524,170000,400,403.5,398.5,403.5,456,0
PLW,60,20230525,100000,406,412,400.5,402.5,424,0
PLW,60,20230525,110000,401,403,399.5,400,417,0
PLW,60,20230525,120000,400,400.5,397.5,399.5,335,0
PLW,60,20230525,130000,399,399.5,395.5,395.5,250,0
PLW,60,20230525,140000,395.5,397.5,395.5,397.5,119,0
PLW,60,20230525,150000,398.5,398.5,398,398.5,22,0
PLW,60,20230525,160000,400,400.5,397,398,165,0
PLW,60,20230525,170000,398,398,398,398,84,0
PLW,60,20230526,100000,398.5,404.5,398.5,400.5,129,0
PLW,60,20230526,110000,402,402,400.5,401.5,82,0
PLW,60,20230526,120000,402,402,398,399,181,0
PLW,60,20230526,130000,399,402,399,401.5,121,0
PLW,60,20230526,140000,402,402,401,402,87,0
PLW,60,20230526,150000,402,405.5,402,405.5,99,0
PLW,60,20230526,160000,405.5,405.5,404.5,404.5,32,0
PLW,60,20230526,170000,404.5,405,402,402.5,313,0
PLW,60,20230529,100000,405,405,401.5,404,111,0
PLW,60,20230529,110000,402,402,401,402,93,0
PLW,60,20230529,120000,401,401,400,400,108,0
PLW,60,20230529,130000,400,401,398,399.5,523,0
PLW,60,20230529,140000,400,400,399,399,28,0
PLW,60,20230529,150000,399,399.5,398.5,399.5,52,0
PLW,60,20230529,160000,399.5,401,399.5,400,196,0
PLW,60,20230529,170000,400.5,401,399,401,283,0
PLW,60,20230530,100000,398,404,390,403,886,0
PLW,60,20230530,110000,403,403.5,399.5,400.5,259,0
PLW,60,20230530,120000,400.5,402.5,400.5,401,134,0
PLW,60,20230530,130000,400.5,401,399,401,246,0
PLW,60,20230530,140000,403,404,403,404,45,0
PLW,60,20230530,150000,402,406.5,402,406,324,0
PLW,60,20230530,160000,407,410.5,406.5,410.5,567,0
PLW,60,20230530,170000,409.5,412,407.5,412,467,0
PLW,60,20230531,100000,399,400.5,387,396,4955,0
PLW,60,20230531,110000,395,397,390,391,1214,0
PLW,60,20230531,120000,391.5,392.5,389,392,1313,0
PLW,60,20230531,130000,392,394,391,392,330,0
PLW,60,20230531,140000,392,392.5,390,391,542,0
PLW,60,20230531,150000,392.5,392.5,388.5,388.5,646,0
PLW,60,20230531,160000,388,389,386,387,547,0
PLW,60,20230531,170000,387,388,382.5,386.5,1403,0
