<TICKER>,<PER>,<DATE>,<TIME>,<OPEN>,<HIGH>,<LOW>,<CLOSE>,<VOL>,<OPENINT>
PZU,60,20220804,100000,28.1524,28.2453,27.9944,28.1245,49858.575342366,0
PZU,60,20220804,110000,28.1245,28.1431,27.9107,27.92,46367.18395294,0
PZU,60,20220804,120000,27.9758,27.9851,27.7992,27.8829,40302.169080154,0
PZU,60,20220804,130000,27.8829,28.1431,27.8829,28.1431,72098.039138799,0
PZU,60,20220804,140000,28.1245,28.2082,28.0037,28.0502,71402.988649564,0
PZU,60,20220804,150000,28.078,28.0873,27.9015,27.9758,60045.476320819,0
PZU,60,20220804,160000,27.9665,27.9851,27.8829,27.9386,133485.19960834,0
PZU,60,20220804,170000,27.9479,27.9944,27.7435,27.9758,436674.61526331,0
PZU,60,20220805,100000,27.8829,28.1338,27.8736,28.0037,93402.520156369,0
PZU,60,20220805,110000,27.9851,28.0037,27.8364,27.8457,70264.655185769,0
PZU,60,20220805,120000,27.8364,27.9851,27.8085,27.8922,70201.175342325,0
PZU,60,20220805,130000,27.9015,27.9293,27.8457,27.8922,38666.756164306,0
PZU,60,20220805,140000,27.8922,28.0223,27.8643,27.9572,72048.546379504,0
PZU,60,20220805,150000,27.9386,27.9758,27.7899,27.8085,188200.52093896,0
PZU,60,20220805,160000,27.8085,27.8085,27.3996,27.6226,299069.6814084,0
PZU,60,20220805,170000,27.604,27.6412,27.4832,27.4832,336673.41917741,0
PZU,60,20220808,100000,27.8085,27.8457,27.539,27.5947,65558.539334507,0
PZU,60,20220808,110000,27.5947,27.7992,27.539,27.6598,59703.330723951,0
PZU,60,20220808,120000,27.6598,27.8922,27.5669,27.8085,87159.976907849,0
PZU,60,20220808,130000,27.8178,28.0688,27.7713,28.0409,103247.27553795,0
PZU,60,20220808,140000,28.0316,28.3383,28.0316,28.3011,111760.03013676,0
PZU,60,20220808,150000,28.2732,28.5428,28.2639,28.5242,269894.77573332,0
PZU,60,20220808,160000,28.487,28.5799,28.4777,28.5242,166851.92680984,0
PZU,60,20220808,170000,28.5242,28.6543,28.4591,28.6264,455317.24657443,0
PZU,60,20220809,100000,28.6171,28.7937,28.487,28.6171,74672.73855171,0
PZU,60,20220809,110000,28.6171,28.6264,28.2639,28.6264,140732.66105647,0
PZU,60,20220809,120000,28.6264,28.8123,28.6264,28.7472,86586.506457752,0
PZU,60,20220809,130000,28.7194,28.7286,28.5056,28.5428,73560.227397113,0
PZU,60,20220809,140000,28.5521,28.7101,28.4591,28.5613,98846.723678863,0
PZU,60,20220809,150000,28.5521,28.7194,28.5149,28.5335,89738.980038959,0
PZU,60,20220809,160000,28.5242,28.5892,28.4219,28.5892,112573.43287649,0
PZU,60,20220809,170000,28.5428,28.8588,28.487,28.645,372614.84579182,0
PZU,60,20220810,100000,28.7379,28.7379,27.8085,27.9758,218700.97181952,0
PZU,60,20220810,110000,27.9665,28.0502,27.8364,28.0223,147295.83131086,0
PZU,60,20220810,120000,28.0223,28.0873,27.9479,28.0223,62534.101369738,0
PZU,60,20220810,130000,28.0595,28.0595,27.8643,27.9572,81699.634442107,0
PZU,60,20220810,140000,27.9572,28.1524,27.9572,28.0223,51539.17729931,0
PZU,60,20220810,150000,28.0316,28.5428,27.9015,28.3662,148003.79295469,0
PZU,60,20220810,160000,28.3941,28.4126,28.1431,28.2732,155568.65362004,0
PZU,60,20220810,170000,28.2082,28.3011,28.1431,28.2268,268969.4763204,0
PZU,60,20220811,100000,28.6078,28.6078,28.3104,28.3755,45161.066927503,0
PZU,60,20220811,110000,28.3197,28.7472,28.2639,28.7101,133687.47436372,0
PZU,60,20220811,120000,28.7194,28.7194,28.5985,28.6915,61986.453228839,0
PZU,60,20220811,130000,28.7008,28.7751,28.6822,28.7008,110143.98395281,0
PZU,60,20220811,140000,28.7101,28.7844,28.7008,28.7565,83803.076712161,0
PZU,60,20220811,150000,28.7751,29.0911,28.7751,29.0261,200901.86927553,0
PZU,60,20220811,160000,29.0447,29.119,28.8495,29.0632,201845.45949079,0
PZU,60,20220811,170000,29.0911,29.2212,28.9982,29.1655,418217.04383478,0
PZU,60,20220812,100000,29.0911,29.277,28.7194,29.277,152897.12054764,0
PZU,60,20220812,110000,29.277,29.4722,29.2212,29.4257,140349.63013671,0
PZU,60,20220812,120000,29.4257,29.5001,29.3421,29.5001,74643.688453862,0
PZU,60,20220812,130000,29.4629,29.4629,29.3049,29.3142,70748.823483224,0
PZU,60,20220812,140000,29.3142,29.3328,29.1097,29.2027,68642.15342452,0
PZU,60,20220812,150000,29.1841,29.2863,29.0911,29.2584,41407.148727901,0
PZU,60,20220812,160000,29.2863,29.4722,29.277,29.3978,97774.021917613,0
PZU,60,20220812,170000,29.3885,29.3885,29.1283,29.2677,207759.84422659,0
PZU,60,20220816,100000,29.4071,29.4443,28.8402,29.1469,108426.80039117,0
PZU,60,20220816,110000,29.1469,29.435,29.1004,29.2027,153461.98356134,0
PZU,60,20220816,120000,29.2027,29.2584,28.9703,29.0168,103509.80234813,0
PZU,60,20220816,130000,28.9889,29.1097,28.9052,29.0632,66752.821134896,0
PZU,60,20220816,140000,29.0632,29.1841,28.645,28.7379,160491.03131083,0
PZU,60,20220816,150000,28.7101,28.8216,28.5149,28.6264,170463.82230886,0
PZU,60,20220816,160000,28.6357,28.7008,28.4498,28.6636,118790.15381581,0
PZU,60,20220816,170000,28.6543,28.7751,28.2268,28.3848,641226.0375721,0
PZU,60,20220817,100000,28.487,28.487,28.0037,28.013,217378.6544027,0
PZU,60,20220817,110000,28.0316,28.1245,27.9386,27.9758,181039.13385482,0
PZU,60,20220817,120000,27.9758,28.0037,27.8922,27.9479,185244.94246538,0
PZU,60,20220817,130000,27.9479,27.9572,27.7992,27.8178,211421.2324849,0
PZU,60,20220817,140000,27.8178,27.8736,27.5576,27.5854,141223.28493122,0
PZU,60,20220817,150000,27.604,27.7435,27.4925,27.5483,148920.48493121,0
PZU,60,20220817,160000,27.539,27.6877,27.4739,27.6598,151830.87436369,0
PZU,60,20220817,170000,27.6598,27.7527,27.5111,27.6319,494915.75772895,0
PZU,60,20220818,100000,27.6598,28.1338,27.6505,28.0223,153129.52133042,0
PZU,60,20220818,110000,28.0223,28.0966,27.697,27.7992,68224.692759159,0
PZU,60,20220818,120000,27.8643,28.1431,27.8364,28.1152,64843.046183823,0
PZU,60,20220818,130000,28.0595,28.1803,28.0409,28.1431,65867.331115328,0
PZU,60,20220818,140000,28.1431,28.1803,28.0316,28.1431,76839.660665208,0
PZU,60,20220818,150000,28.1524,28.2732,27.9944,28.078,118747.11663381,0
PZU,60,20220818,160000,28.0595,28.1431,27.9386,27.9665,167922.47671199,0
PZU,60,20220818,170000,27.9758,28.4312,27.8736,28.2918,504173.05557629,0
PZU,60,20220819,100000,27.9386,28.2082,27.9015,28.1152,70757.430919624,0
PZU,60,20220819,110000,28.1431,28.1617,27.762,27.8736,318251.35342402,0
PZU,60,20220819,120000,27.8736,28.0688,27.7992,27.9665,183935.53620315,0
PZU,60,20220819,130000,27.9665,28.2639,27.9107,28.0873,246817.16281751,0
PZU,60,20220819,140000,28.0873,28.2732,27.9944,28.0409,268272.27397207,0
PZU,60,20220819,150000,28.0316,28.3011,28.0037,28.2268,186872.82387438,0
PZU,60,20220819,160000,28.2268,28.4777,28.1524,28.4684,208041.73776866,0
PZU,60,20220819,170000,28.4405,28.6078,28.1059,28.1152,445377.80939246,0
PZU,60,20220822,100000,28.1152,28.1524,27.8457,27.9293,56031.183170142,0
PZU,60,20220822,110000,27.9015,27.9293,27.7527,27.8829,85102.79960844,0
PZU,60,20220822,120000,27.855,27.855,27.6505,27.7899,117003.03483343,0
PZU,60,20220822,130000,27.7899,27.8457,27.6784,27.7435,171494.56281766,0
PZU,60,20220822,140000,27.7527,27.8178,27.7156,27.7713,44217.47671224,0
PZU,60,20220822,150000,27.762,27.8271,27.7527,27.7899,65066.839530202,0
PZU,60,20220822,160000,27.7713,27.8364,27.697,27.7249,111148.90215242,0
PZU,60,20220822,170000,27.7249,27.855,27.5762,27.5762,714820.69471481,0
PZU,60,20220823,100000,27.5762,27.7435,27.3252,27.6691,163811.34990182,0
PZU,60,20220823,110000,27.6691,27.8085,27.6226,27.7249,107829.65949098,0
PZU,60,20220823,120000,27.7249,28.0223,27.7249,27.9572,184488.5639918,0
PZU,60,20220823,130000,27.9758,28.0688,27.7435,27.7435,206103.98864929,0
PZU,60,20220823,140000,27.7435,27.762,27.6319,27.6784,95825.513502744,0
PZU,60,20220823,150000,27.697,27.7806,27.6226,27.7156,97170.425440119,0
PZU,60,20220823,160000,27.6877,27.8178,27.6226,27.7527,136172.87162399,0
PZU,60,20220823,170000,27.7992,27.9851,27.7249,27.7249,617679.31937254,0
PZU,60,20220824,100000,27.7899,27.9293,27.4274,27.4646,126861.77729916,0
PZU,60,20220824,110000,27.4832,27.7899,27.4832,27.697,50624.637181895,0
PZU,60,20220824,120000,27.7063,27.7063,27.5111,27.6505,56478.769862901,0
PZU,60,20220824,130000,27.6505,27.7527,27.5576,27.7063,99788.162035025,0
PZU,60,20220824,140000,27.7156,27.7435,27.5669,27.7249,95823.361643644,0
PZU,60,20220824,150000,27.7156,27.7899,27.6319,27.7527,221699.58747509,0
PZU,60,20220824,160000,27.7527,27.7806,27.5669,27.697,203133.34716202,0
PZU,60,20220824,170000,27.697,27.7713,27.6598,27.7713,383991.72485246,0
PZU,60,20220825,100000,27.7713,28.1245,27.6598,27.9665,118402.81917785,0
PZU,60,20220825,110000,27.9572,28.0502,27.697,27.7156,76415.744422548,0
PZU,60,20220825,120000,27.7342,27.7342,27.0557,27.065,397905.64579177,0
PZU,60,20220825,130000,27.065,27.1114,26.8233,26.9906,237643.78747506,0
PZU,60,20220825,140000,27.0092,27.0929,26.8605,27.0092,196901.563209,0
PZU,60,20220825,150000,26.9906,27.1672,26.9441,27.0464,187148.26183916,0
PZU,60,20220825,160000,27.0557,27.1486,26.9163,27.0929,223459.80821873,0
PZU,60,20220825,170000,27.13,27.1951,26.9999,26.9999,455424.83952942,0
PZU,60,20220826,100000,26.9534,27.1579,26.4887,26.591,336792.84735745,0
PZU,60,20220826,110000,26.5817,26.591,26.3586,26.4701,198356.21996046,0
PZU,60,20220826,120000,26.4701,26.5352,26.3586,26.4051,118524.39921698,0
PZU,60,20220826,130000,26.4144,26.7583,26.4051,26.6188,95887.917416638,0
PZU,60,20220826,140000,26.5817,26.7768,26.5445,26.7768,71991.522113359,0
PZU,60,20220826,150000,26.7676,26.7676,26.3958,26.5259,147517.47279814,0
PZU,60,20220826,160000,26.5259,26.7768,26.5073,26.6003,158493.03013667,0
PZU,60,20220826,170000,26.5631,26.7118,26.3958,26.5073,433911.62817917,0
PZU,60,20220829,100000,26.2099,26.2192,25.6522,25.9589,367420.2579249,0
PZU,60,20220829,110000,25.9589,26.0891,25.866,26.024,168215.12954957,0
PZU,60,20220829,120000,26.0519,26.117,25.866,25.9311,122173.95225024,0
PZU,60,20220829,130000,25.9497,25.9868,25.7824,25.8102,106157.66497043,0
PZU,60,20220829,140000,25.8102,25.9775,25.7452,25.9497,155789.21917777,0
PZU,60,20220829,150000,25.9404,25.9682,25.7173,25.7638,194121.36125206,0
PZU,60,20220829,160000,25.7173,25.8753,25.708,25.8381,290129.78277828,0
PZU,60,20220829,170000,25.8195,25.8474,25.6708,25.6708,511400.07436297,0
PZU,60,20220830,100000,25.7452,26.0147,25.4849,25.8288,183619.21291548,0
PZU,60,20220830,110000,25.8288,26.1077,25.8288,25.9682,122318.12680993,0
PZU,60,20220830,120000,25.9682,26.0612,25.8195,26.0612,118491.04540094,0
PZU,60,20220830,130000,26.0426,26.182,25.9961,26.1541,140276.46692731,0
PZU,60,20220830,140000,26.1541,26.2192,26.0891,26.1727,110844.4140898,0
PZU,60,20220830,150000,26.1634,26.2378,25.9218,26.0054,185326.71311118,0
PZU,60,20220830,160000,25.9868,26.117,25.8567,26.0147,321593.19060601,0
PZU,60,20220830,170000,26.0147,26.117,25.9497,26.0054,676915.69667184,0
PZU,60,20220831,100000,26.2006,26.3958,26.0519,26.0519,166539.90724037,0
PZU,60,20220831,110000,26.0333,26.1541,25.8474,25.9961,151015.31976486,0
PZU,60,20220831,120000,25.9868,26.2006,25.9775,26.2006,92437.411350109,0
PZU,60,20220831,130000,26.2006,26.2471,26.0333,26.0612,75350.574168147,0
PZU,60,20220831,140000,26.0333,26.1727,25.9868,26.1355,93372.394128972,0
PZU,60,20220831,150000,26.1355,26.5352,26.0426,26.2935,527520.72680912,0
PZU,60,20220831,160000,26.3121,26.3679,26.0147,26.182,187650.72093896,0
PZU,60,20220831,170000,26.182,26.3958,26.1077,26.1727,1649607.6543998,0
PZU,60,20220901,100000,26.024,26.024,25.3919,25.4198,225315.266,0
PZU,60,20220901,110000,25.4384,25.4756,25.1317,25.2525,273855.65137,0
PZU,60,20220901,120000,25.2525,25.3734,24.8622,25.0388,427278.53135,0
PZU,60,20220901,130000,25.0295,25.8009,25.0202,25.7451,1430677.29059,0
PZU,60,20220901,140000,25.7451,25.9124,25.6429,25.8288,143145.70426,0
PZU,60,20220901,150000,25.8195,25.8195,25.6336,25.6522,203751.5822,0
PZU,60,20220901,160000,25.6522,25.6987,25.4105,25.4105,439982.64796,0
PZU,60,20220901,170000,25.4105,25.6057,25.1689,25.1875,1311557.71012,0
PZU,60,20220902,100000,25.3919,25.6336,25.1224,25.1503,356591.3547,0
PZU,60,20220902,110000,25.1503,25.773,25.0666,25.7172,307680.77268,0
PZU,60,20220902,120000,25.6894,25.8009,25.5314,25.5685,550893.9295,0
PZU,60,20220902,130000,25.5685,25.7451,25.5407,25.6243,137778.99163,0
PZU,60,20220902,140000,25.6429,25.6429,25.3269,25.3455,178399.44438,0
PZU,60,20220902,150000,25.3734,25.4105,25.1317,25.2804,264703.93742,0
PZU,60,20220902,160000,25.3083,25.5035,25.2804,25.5035,430333.40886,0
PZU,60,20220902,170000,25.5035,25.6801,25.3919,25.6243,1148756.29933,0
PZU,60,20220905,100000,25.5128,25.5128,25.1875,25.3734,146051.75532,0
PZU,60,20220905,110000,25.3269,25.3734,25.2618,25.299,92538.31758,0
PZU,60,20220905,120000,25.3176,25.3641,25.141,25.3176,323123.47152,0
PZU,60,20220905,130000,25.3176,25.3548,25.0574,25.1875,381816.27012,0
PZU,60,20220905,140000,25.1596,25.3083,25.1503,25.2525,478937.86316,0
PZU,60,20220905,150000,25.2525,25.5221,25.2339,25.4942,858094.27912,0
PZU,60,20220905,160000,25.5035,25.6801,25.4942,25.5314,158020.24676,0
PZU,60,20220905,170000,25.5221,25.7358,25.4849,25.6057,328752.82798,0
PZU,60,20220906,100000,25.6057,25.8938,25.4384,25.4756,124466.40068,0
PZU,60,20220906,110000,25.4663,25.5407,25.3083,25.4105,96894.80043,0
PZU,60,20220906,120000,25.4012,25.4849,25.2804,25.4105,89568.79087,0
PZU,60,20220906,130000,25.3919,25.4849,25.2711,25.299,151728.33435,0
PZU,60,20220906,140000,25.299,25.4291,25.2804,25.4012,96980.84732,0
PZU,60,20220906,150000,25.4012,25.4942,25.3455,25.3455,146300.27487,0
PZU,60,20220906,160000,25.3455,25.4198,25.0016,25.0388,205737.67117,0
PZU,60,20220906,170000,25.0388,25.0852,24.825,24.8715,1061075.49391,0
PZU,60,20220907,100000,24.7878,24.983,24.5369,24.7321,262138.88167,0
PZU,60,20220907,110000,24.7042,25.0574,24.6763,25.0202,222476.91509,0
PZU,60,20220907,120000,25.0016,25.0202,24.7042,24.9179,74815.63947,0
PZU,60,20220907,130000,24.9179,24.9179,24.6298,24.6856,127437.13038,0
PZU,60,20220907,140000,24.6856,24.8064,24.5926,24.7042,111322.97745,0
PZU,60,20220907,150000,24.7228,24.7321,24.509,24.6205,182973.23668,0
PZU,60,20220907,160000,24.6298,24.9644,24.5926,24.7785,167294.89952,0
PZU,60,20220907,170000,24.7413,25.0109,24.6856,24.9086,898666.75195,0
PZU,60,20220908,100000,25.3176,25.4198,25.1968,25.2897,250227.23963,0
PZU,60,20220908,110000,25.3083,25.4942,25.0202,25.0295,345998.81588,0
PZU,60,20220908,120000,25.0295,25.0295,24.7785,24.8622,202024.64678,0
PZU,60,20220908,130000,24.8622,24.9737,24.6298,24.9737,517818.80438,0
PZU,60,20220908,140000,24.9458,25.141,24.8808,25.1131,176243.32961,0
PZU,60,20220908,150000,25.1038,25.1782,24.9272,24.9644,316868.03352,0
PZU,60,20220908,160000,24.9644,25.0109,24.6763,24.7228,239294.80827,0
PZU,60,20220908,170000,24.7135,24.9458,24.7042,24.7321,761489.58605,0
PZU,60,20220909,100000,25.0666,25.615,24.9551,25.5407,392621.91627,0
PZU,60,20220909,110000,25.5128,25.6894,25.457,25.615,231956.91038,0
PZU,60,20220909,120000,25.6429,25.6429,25.4477,25.4942,147705.4243,0
PZU,60,20220909,130000,25.5128,25.5592,25.4477,25.4942,226292.17652,0
PZU,60,20220909,140000,25.4942,25.5407,25.4198,25.457,212443.91488,0
PZU,60,20220909,150000,25.4663,25.5778,25.4198,25.4849,263082.38389,0
PZU,60,20220909,160000,25.5035,25.5592,25.4198,25.5314,214008.26354,0
PZU,60,20220909,170000,25.5314,25.7823,25.5314,25.773,499742.13661,0
PZU,60,20220912,100000,25.8381,26.1634,25.5128,26.1169,227491.90247,0
PZU,60,20220912,110000,26.1169,26.3493,26.0518,26.3121,110971.11494,0
PZU,60,20220912,120000,26.3307,26.3493,26.0797,26.0797,111219.68501,0
PZU,60,20220912,130000,26.0797,26.3586,26.0611,26.1262,76660.90891,0
PZU,60,20220912,140000,26.1262,26.6653,26.0333,26.4887,383333.67729,0
PZU,60,20220912,150000,26.4887,26.8233,26.4422,26.4887,335492.44347,0
PZU,60,20220912,160000,26.498,26.5444,26.3307,26.4608,268677.41138,0
PZU,60,20220912,170000,26.4887,26.563,26.1448,26.563,377673.06805,0
PZU,60,20220913,100000,26.7861,26.8047,26.0611,26.5537,212663.4934,0
PZU,60,20220913,110000,26.5816,26.7675,26.4701,26.6746,150534.03863,0
PZU,60,20220913,120000,26.6281,26.6931,26.5351,26.5909,105705.56692,0
PZU,60,20220913,130000,26.5909,26.7582,26.5909,26.7582,88118.3698,0
PZU,60,20220913,140000,26.7582,26.8976,26.7489,26.8512,90080.89007,0
PZU,60,20220913,150000,26.8512,26.9627,26.4236,26.4701,261319.03941,0
PZU,60,20220913,160000,26.4422,26.4887,26.2377,26.34,193770.26182,0
PZU,60,20220913,170000,26.34,26.3957,26.1448,26.2563,890028.39035,0
PZU,60,20220914,100000,26.1634,26.2006,25.8845,26.1448,123805.82906,0
PZU,60,20220914,110000,26.182,26.2935,26.0054,26.0704,105888.40961,0
PZU,60,20220914,120000,26.0425,26.1448,25.9496,26.0704,150194.03405,0
PZU,60,20220914,130000,26.1076,26.1355,25.9403,26.1355,58066.73546,0
PZU,60,20220914,140000,26.1355,26.1355,25.615,25.6522,170793.74006,0
PZU,60,20220914,150000,25.6522,26.1262,25.6522,26.089,1427452.67568,0
PZU,60,20220914,160000,26.089,26.3493,26.0704,26.2191,100515.28522,0
PZU,60,20220914,170000,26.2284,26.2563,26.0425,26.1076,811265.6233,0
PZU,60,20220915,100000,26.2098,26.3864,25.9124,26.1262,171921.38281,0
PZU,60,20220915,110000,26.1262,26.1541,25.9403,26.1169,139359.50177,0
PZU,60,20220915,120000,26.0611,26.2842,26.024,26.2098,108148.95139,0
PZU,60,20220915,130000,26.2191,26.3214,26.1355,26.1913,57458.818,0
PZU,60,20220915,140000,26.182,26.2935,26.1355,26.2191,44017.26119,0
PZU,60,20220915,150000,26.1913,26.247,26.0425,26.1169,121219.26691,0
PZU,60,20220915,160000,26.1355,26.3957,25.9589,26.3307,211975.8894,0
PZU,60,20220915,170000,26.3493,26.4887,26.2842,26.3493,473006.63661,0
PZU,60,20220916,100000,26.024,26.1169,25.7916,26.024,205809.84157,0
PZU,60,20220916,110000,25.9961,26.0797,25.8567,25.9403,103510.65881,0
PZU,60,20220916,120000,25.9403,25.9589,25.8195,25.8381,128184.87924,0
PZU,60,20220916,130000,25.8381,25.9961,25.8288,25.931,56008.43725,0
PZU,60,20220916,140000,25.8938,25.931,25.7916,25.8102,37166.83538,0
PZU,60,20220916,150000,25.8009,25.8381,25.6708,25.6987,67004.43354,0
PZU,60,20220916,160000,25.6894,25.7916,25.3919,25.5871,523568.63117,0
PZU,60,20220916,170000,25.5778,25.8753,25.5314,25.6243,2932905.60194,0
PZU,60,20220919,100000,25.5592,26.1076,25.4849,25.9031,145508.37785,0
PZU,60,20220919,110000,25.9031,26.1169,25.7823,25.931,160108.79064,0
PZU,60,20220919,120000,25.9682,26.0147,25.7637,26.0147,73270.67314,0
PZU,60,20220919,130000,26.0147,26.089,25.866,26.0425,60917.93939,0
PZU,60,20220919,140000,26.0704,26.1076,25.931,25.9775,55323.13103,0
PZU,60,20220919,150000,25.9961,26.1169,25.9403,26.024,78158.58993,0
PZU,60,20220919,160000,26.0425,26.1913,25.9775,26.1076,117438.55324,0
PZU,60,20220919,170000,26.1076,26.2006,26.089,26.1727,318380.94424,0
PZU,60,20220920,100000,26.3307,26.6281,26.2749,26.4887,145599.8523,0
PZU,60,20220920,110000,26.4794,26.4887,26.2098,26.3957,124201.88953,0
PZU,60,20220920,120000,26.3957,26.4143,26.0704,26.1076,135976.82178,0
PZU,60,20220920,130000,26.0983,26.247,26.0425,26.0797,88761.89277,0
PZU,60,20220920,140000,26.1169,26.3864,26.0611,26.2098,139584.40938,0
PZU,60,20220920,150000,26.2098,26.34,25.9775,26.0797,163490.48091,0
PZU,60,20220920,160000,26.0797,26.0797,25.8567,25.8753,154669.98758,0
PZU,60,20220920,170000,25.866,25.9403,25.6987,25.6987,668602.79019,0
PZU,60,20220921,100000,25.8845,26.1076,25.5685,25.9775,142589.3865,0
PZU,60,20220921,110000,25.931,25.9868,25.6894,25.6987,123872.61506,0
PZU,60,20220921,120000,25.7358,25.9403,25.6894,25.9124,108449.23022,0
PZU,60,20220921,130000,25.9124,26.089,25.7823,26.0147,143694.43669,0
PZU,60,20220921,140000,26.0054,26.024,25.773,25.8102,108133.97043,0
PZU,60,20220921,150000,25.8102,25.8474,25.7637,25.8195,101535.30946,0
PZU,60,20220921,160000,25.8288,25.8381,25.6801,25.8381,228948.73385,0
PZU,60,20220921,170000,25.8381,26.0983,25.8102,25.8381,557104.39336,0
PZU,60,20220922,100000,25.5592,25.9868,25.3827,25.9868,194913.83321,0
PZU,60,20220922,110000,25.9961,26.3957,25.9868,26.3028,172525.99369,0
PZU,60,20220922,120000,26.2656,26.3678,26.1634,26.2749,126644.21254,0
PZU,60,20220922,130000,26.2935,26.3771,26.2377,26.2656,121508.8334,0
PZU,60,20220922,140000,26.2563,26.2842,26.1541,26.2749,127092.8767,0
PZU,60,20220922,150000,26.2749,26.4329,26.2656,26.405,154579.59425,0
PZU,60,20220922,160000,26.4236,26.4236,26.1727,26.2563,188812.36861,0
PZU,60,20220922,170000,26.2284,26.3678,26.2098,26.2935,483480.95881,0
PZU,60,20220923,100000,26.2935,26.3864,25.7637,25.9124,219001.68405,0
PZU,60,20220923,110000,25.9124,26.0054,25.7265,25.7916,151467.96172,0
PZU,60,20220923,120000,25.7823,25.8288,25.5685,25.6243,221254.57249,0
PZU,60,20220923,130000,25.6243,25.7823,25.4849,25.55,283051.73239,0
PZU,60,20220923,140000,25.5035,25.5685,25.4105,25.5128,137636.92757,0
PZU,60,20220923,150000,25.5314,25.6429,25.4198,25.4942,145817.18771,0
PZU,60,20220923,160000,25.4756,25.6615,25.3827,25.3827,202493.69852,0
PZU,60,20220923,170000,25.3827,25.6336,25.2804,25.5035,549133.69304,0
PZU,60,20220926,100000,25.5035,25.5035,24.7506,24.8715,622496.92875,0
PZU,60,20220926,110000,24.8808,25.1224,24.8808,24.9644,175896.88139,0
PZU,60,20220926,120000,24.9644,25.1317,24.9272,25.0016,210329.76147,0
PZU,60,20220926,130000,25.0202,25.0759,24.9272,24.9365,193887.49366,0
PZU,60,20220926,140000,24.9272,24.9551,24.509,24.6019,406355.10207,0
PZU,60,20220926,150000,24.6019,24.9179,24.5833,24.9179,202195.78431,0
PZU,60,20220926,160000,24.8993,25.0016,24.7135,24.9551,235912.17388,0
PZU,60,20220926,170000,24.9551,25.141,24.7971,24.8715,880043.97511,0
PZU,60,20220927,100000,25.1875,25.5778,25.0016,25.5592,294862.23121,0
PZU,60,20220927,110000,25.5592,25.6057,25.4198,25.5128,201333.99017,0
PZU,60,20220927,120000,25.5314,25.55,25.4012,25.4291,231842.98677,0
PZU,60,20220927,130000,25.4477,25.8567,25.4105,25.8102,419548.18727,0
PZU,60,20220927,140000,25.8102,25.9031,25.6708,25.7637,170093.39592,0
PZU,60,20220927,150000,25.7637,25.8567,25.6708,25.7451,280378.03803,0
PZU,60,20220927,160000,25.7451,25.7637,25.615,25.6429,269790.96146,0
PZU,60,20220927,170000,25.6429,25.6801,25.4849,25.55,892902.35742,0
PZU,60,20220928,100000,25.6,25.94,25.39,25.68,1008015,0
PZU,60,20220928,110000,25.68,25.8,25.43,25.57,195608,0
PZU,60,20220928,120000,25.51,25.55,25.06,25.16,430328,0
PZU,60,20220928,130000,25.12,25.61,25.1,25.48,150445,0
PZU,60,20220928,140000,25.48,25.66,25.38,25.66,166207,0
PZU,60,20220928,150000,25.66,25.85,25.62,25.66,197563,0
PZU,60,20220928,160000,25.71,25.75,25.47,25.75,230273,0
PZU,60,20220928,170000,25.75,26,25.75,25.89,1156812,0
PZU,60,20220929,100000,26.2,26.2,25.39,25.56,162799,0
PZU,60,20220929,110000,25.5,25.59,25.13,25.19,287852,0
PZU,60,20220929,120000,25.2,25.3,24.91,24.97,284399,0
PZU,60,20220929,130000,24.98,25,24.84,24.95,79704,0
PZU,60,20220929,140000,24.91,25,24.77,24.84,144594,0
PZU,60,20220929,150000,24.78,24.83,24.46,24.56,174788,0
PZU,60,20220929,160000,24.56,24.66,24.33,24.41,146796,0
PZU,60,20220929,170000,24.41,24.43,24.12,24.18,547948,0
PZU,60,20220930,100000,24.2,24.35,23.5,23.73,600976,0
PZU,60,20220930,110000,23.73,23.81,23.25,23.51,412910,0
PZU,60,20220930,120000,23.51,23.74,23.36,23.7,201978,0
PZU,60,20220930,130000,23.7,23.8,23.52,23.52,135381,0
PZU,60,20220930,140000,23.56,23.6,23.13,23.22,166976,0
PZU,60,20220930,150000,23.22,23.34,23.05,23.3,182737,0
PZU,60,20220930,160000,23.31,23.47,23.2,23.38,218646,0
PZU,60,20220930,170000,23.37,23.46,23.12,23.16,661494,0
PZU,60,20221003,100000,23.26,23.55,22.9,23.03,200287,0
PZU,60,20221003,110000,23.02,23.09,22.8,23.08,137280,0
PZU,60,20221003,120000,23.05,23.1,22.87,23.03,119926,0
PZU,60,20221003,130000,23.03,23.12,22.92,22.94,116854,0
PZU,60,20221003,140000,22.93,22.95,22.73,22.92,257734,0
PZU,60,20221003,150000,22.92,23.29,22.83,23.25,247216,0
PZU,60,20221003,160000,23.27,23.43,22.92,22.96,258149,0
PZU,60,20221003,170000,23,23.6,23,23.59,405796,0
PZU,60,20221004,100000,24,24.5,23.71,24.42,414105,0
PZU,60,20221004,110000,24.46,24.58,24.37,24.5,199690,0
PZU,60,20221004,120000,24.51,24.59,24.26,24.42,357039,0
PZU,60,20221004,130000,24.41,24.65,24.38,24.42,261383,0
PZU,60,20221004,140000,24.43,24.54,24.35,24.4,122802,0
PZU,60,20221004,150000,24.4,24.64,24.37,24.61,190667,0
PZU,60,20221004,160000,24.6,24.79,24.59,24.77,190027,0
PZU,60,20221004,170000,24.76,24.92,24.72,24.92,415892,0
PZU,60,20221005,100000,24.98,24.99,24.6,24.84,299900,0
PZU,60,20221005,110000,24.82,24.94,24.76,24.84,139714,0
PZU,60,20221005,120000,24.84,24.88,24.71,24.77,135765,0
PZU,60,20221005,130000,24.78,24.85,24.74,24.85,143734,0
PZU,60,20221005,140000,24.85,24.85,24.51,24.51,146844,0
PZU,60,20221005,150000,24.54,24.65,24.47,24.63,110667,0
PZU,60,20221005,160000,24.63,24.63,24.33,24.46,158106,0
PZU,60,20221005,170000,24.44,24.44,24.05,24.1,560213,0
PZU,60,20221006,100000,24.32,24.68,24.31,24.68,105070,0
PZU,60,20221006,110000,24.66,24.67,24.54,24.63,150698,0
PZU,60,20221006,120000,24.62,24.76,24.55,24.55,169708,0
PZU,60,20221006,130000,24.56,24.57,24.31,24.36,132933,0
PZU,60,20221006,140000,24.38,24.42,24.22,24.3,161227,0
PZU,60,20221006,150000,24.3,24.44,24.24,24.32,175998,0
PZU,60,20221006,160000,24.32,24.35,24.15,24.17,175885,0
PZU,60,20221006,170000,24.17,24.2,24.03,24.1,414391,0
PZU,60,20221007,100000,24.23,24.5,24,24.18,139679,0
PZU,60,20221007,110000,24.18,24.25,24.01,24.01,104214,0
PZU,60,20221007,120000,24.09,24.15,24,24.12,79638,0
PZU,60,20221007,130000,24.1,24.18,24.02,24.08,74357,0
PZU,60,20221007,140000,24.06,24.14,23.97,23.97,61111,0
PZU,60,20221007,150000,23.97,24.15,23.86,23.89,78150,0
PZU,60,20221007,160000,23.92,24.03,23.77,23.83,71085,0
PZU,60,20221007,170000,23.84,23.86,23.68,23.71,494822,0
PZU,60,20221010,100000,23.71,23.74,23.48,23.59,138205,0
PZU,60,20221010,110000,23.61,23.75,23.55,23.7,66857,0
PZU,60,20221010,120000,23.7,23.91,23.67,23.67,79075,0
PZU,60,20221010,130000,23.7,23.73,23.5,23.55,71709,0
PZU,60,20221010,140000,23.54,23.59,23.49,23.5,48451,0
PZU,60,20221010,150000,23.52,23.8,23.48,23.75,122033,0
PZU,60,20221010,160000,23.75,23.83,23.6,23.74,168025,0
PZU,60,20221010,170000,23.77,23.8,23.55,23.55,311500,0
PZU,60,20221011,100000,23.5,23.52,23.18,23.46,172789,0
PZU,60,20221011,110000,23.47,23.58,23.44,23.53,102151,0
PZU,60,20221011,120000,23.51,23.64,23.4,23.48,96735,0
PZU,60,20221011,130000,23.51,23.82,23.47,23.77,99915,0
PZU,60,20221011,140000,23.8,24.05,23.76,23.9,211335,0
PZU,60,20221011,150000,23.9,24.19,23.88,24.1,159886,0
PZU,60,20221011,160000,24.1,24.1,23.8,23.88,339647,0
PZU,60,20221011,170000,23.85,23.97,23.7,23.97,774435,0
PZU,60,20221012,100000,24,24.16,23.76,23.91,182754,0
PZU,60,20221012,110000,23.91,24.11,23.91,24.04,181642,0
PZU,60,20221012,120000,24.02,24.28,24,24.22,116036,0
PZU,60,20221012,130000,24.22,24.33,24.13,24.22,144488,0
PZU,60,20221012,140000,24.23,24.27,24.02,24.12,111866,0
PZU,60,20221012,150000,24.13,24.29,24.01,24.2,222714,0
PZU,60,20221012,160000,24.17,24.62,24.1,24.58,434377,0
PZU,60,20221012,170000,24.58,24.63,24.42,24.49,732152,0
PZU,60,20221013,100000,24.4,24.53,24.1,24.5,128224,0
PZU,60,20221013,110000,24.5,24.57,24.42,24.46,172056,0
PZU,60,20221013,120000,24.46,24.46,24.29,24.4,125290,0
PZU,60,20221013,130000,24.38,24.4,24.22,24.24,157473,0
PZU,60,20221013,140000,24.21,24.47,24.15,24.38,150549,0
PZU,60,20221013,150000,24.35,24.4,23.49,23.66,348993,0
PZU,60,20221013,160000,23.66,23.79,23.5,23.66,235413,0
PZU,60,20221013,170000,23.7,23.78,23.56,23.57,854417,0
PZU,60,20221014,100000,24.2,24.3,23.86,24.08,301622,0
PZU,60,20221014,110000,24.08,24.26,24.05,24.18,239233,0
PZU,60,20221014,120000,24.14,24.36,24.04,24.34,169830,0
PZU,60,20221014,130000,24.36,24.58,24.34,24.38,283329,0
PZU,60,20221014,140000,24.35,24.38,24.05,24.14,186698,0
PZU,60,20221014,150000,24.16,24.35,24.1,24.3,476382,0
PZU,60,20221014,160000,24.3,24.6,24.3,24.36,310941,0
PZU,60,20221014,170000,24.35,24.36,24.19,24.32,498160,0
PZU,60,20221017,100000,24.4,24.45,24.06,24.24,115694,0
PZU,60,20221017,110000,24.21,24.25,23.65,23.71,642719,0
PZU,60,20221017,120000,23.74,23.85,23.69,23.71,192520,0
PZU,60,20221017,130000,23.71,23.76,23.45,23.49,392712,0
PZU,60,20221017,140000,23.5,23.63,23.43,23.62,181680,0
PZU,60,20221017,150000,23.62,23.74,23.52,23.71,343236,0
PZU,60,20221017,160000,23.71,24.15,23.67,23.95,667213,0
PZU,60,20221017,170000,23.95,24.28,23.95,24.21,495754,0
PZU,60,20221018,100000,24.45,24.7,24.3,24.6,459245,0
PZU,60,20221018,110000,24.58,25.18,24.58,25.05,548228,0
PZU,60,20221018,120000,25.05,25.14,24.86,24.9,175142,0
PZU,60,20221018,130000,24.9,25.11,24.85,24.91,184732,0
PZU,60,20221018,140000,24.96,25.12,24.91,24.97,332743,0
PZU,60,20221018,150000,24.96,25.02,24.79,24.95,255576,0
PZU,60,20221018,160000,24.97,25.03,24.77,24.79,339923,0
PZU,60,20221018,170000,24.78,24.87,24.56,24.75,604060,0
PZU,60,20221019,100000,24.8,24.91,24.6,24.82,137079,0
PZU,60,20221019,110000,24.86,24.96,24.58,24.76,162834,0
PZU,60,20221019,120000,24.76,24.76,24.63,24.69,342828,0
PZU,60,20221019,130000,24.7,24.7,24.59,24.65,142315,0
PZU,60,20221019,140000,24.65,24.7,24.47,24.57,127822,0
PZU,60,20221019,150000,24.58,24.64,24.39,24.44,172334,0
PZU,60,20221019,160000,24.46,24.5,24.32,24.45,266233,0
PZU,60,20221019,170000,24.41,24.61,24.37,24.6,422091,0
PZU,60,20221020,100000,24.63,24.63,24.21,24.44,81213,0
PZU,60,20221020,110000,24.44,24.67,24.42,24.56,81969,0
PZU,60,20221020,120000,24.55,24.63,24.45,24.5,65349,0
PZU,60,20221020,130000,24.5,24.66,24.41,24.66,72151,0
PZU,60,20221020,140000,24.65,24.78,24.6,24.75,89143,0
PZU,60,20221020,150000,24.75,24.79,24.56,24.57,101166,0
PZU,60,20221020,160000,24.57,24.73,24.5,24.68,95845,0
PZU,60,20221020,170000,24.67,24.88,24.66,24.79,1224575,0
PZU,60,20221021,100000,24.75,24.95,24.5,24.73,144063,0
PZU,60,20221021,110000,24.72,24.76,24.35,24.48,127490,0
PZU,60,20221021,120000,24.48,24.6,24.4,24.46,59382,0
PZU,60,20221021,130000,24.46,24.57,24.45,24.56,36974,0
PZU,60,20221021,140000,24.56,24.59,24.44,24.5,23836,0
PZU,60,20221021,150000,24.5,24.5,24.32,24.43,57642,0
PZU,60,20221021,160000,24.43,24.82,24.43,24.7,117180,0
PZU,60,20221021,170000,24.7,24.83,24.57,24.7,273503,0
PZU,60,20221024,100000,24.85,25.16,24.8,24.93,105988,0
PZU,60,20221024,110000,24.93,25.08,24.84,24.99,66604,0
PZU,60,20221024,120000,25,25.3,24.98,25.3,167056,0
PZU,60,20221024,130000,25.3,25.31,25.16,25.16,89343,0
PZU,60,20221024,140000,25.19,25.21,25.1,25.19,106594,0
PZU,60,20221024,150000,25.19,25.31,25.1,25.27,86698,0
PZU,60,20221024,160000,25.28,25.45,25.21,25.44,148776,0
PZU,60,20221024,170000,25.44,25.44,25.07,25.17,409134,0
PZU,60,20221025,100000,25.49,25.54,25.22,25.45,110466,0
PZU,60,20221025,110000,25.45,25.55,25.38,25.54,135538,0
PZU,60,20221025,120000,25.54,25.57,25.24,25.25,151408,0
PZU,60,20221025,130000,25.28,25.28,25.07,25.13,62562,0
PZU,60,20221025,140000,25.12,25.12,25.02,25.06,40908,0
PZU,60,20221025,150000,25.06,25.11,24.87,24.93,115750,0
PZU,60,20221025,160000,24.96,25.08,24.87,25.05,47988,0
PZU,60,20221025,170000,25.05,25.2,24.89,25.2,686581,0
PZU,60,20221026,100000,25.2,25.34,24.8,25.23,137229,0
PZU,60,20221026,110000,25.23,25.39,25.2,25.37,64703,0
PZU,60,20221026,120000,25.39,25.47,25.22,25.38,98692,0
PZU,60,20221026,130000,25.38,25.4,25.3,25.35,55979,0
PZU,60,20221026,140000,25.32,25.39,25.23,25.25,57638,0
PZU,60,20221026,150000,25.24,25.24,25.06,25.21,118826,0
PZU,60,20221026,160000,25.21,25.42,25.21,25.37,187859,0
PZU,60,20221026,170000,25.4,25.58,25.37,25.56,369103,0
PZU,60,20221027,100000,25.6,25.86,25.5,25.85,186471,0
PZU,60,20221027,110000,25.86,26,25.73,25.8,146307,0
PZU,60,20221027,120000,25.8,25.8,25.46,25.59,325813,0
PZU,60,20221027,130000,25.56,25.64,25.55,25.58,110239,0
PZU,60,20221027,140000,25.59,25.65,25.51,25.54,92322,0
PZU,60,20221027,150000,25.54,25.7,25.53,25.61,159885,0
PZU,60,20221027,160000,25.61,25.68,25.45,25.54,201535,0
PZU,60,20221027,170000,25.54,25.77,25.49,25.71,627948,0
PZU,60,20221028,100000,25.59,25.59,25.26,25.5,106950,0
PZU,60,20221028,110000,25.51,25.59,25.4,25.49,98177,0
PZU,60,20221028,120000,25.51,25.6,25.42,25.6,79634,0
PZU,60,20221028,130000,25.58,25.63,25.45,25.58,102733,0
PZU,60,20221028,140000,25.59,25.98,25.59,25.85,129806,0
PZU,60,20221028,150000,25.88,26.16,25.84,26.03,134349,0
PZU,60,20221028,160000,26.01,26.18,25.9,26.05,180357,0
PZU,60,20221028,170000,26.03,26.24,25.91,25.91,578137,0
PZU,60,20221031,100000,26,26.2,25.81,25.91,91845,0
PZU,60,20221031,110000,25.9,26.34,25.9,26.25,123388,0
PZU,60,20221031,120000,26.26,26.3,26.1,26.16,164042,0
PZU,60,20221031,130000,26.14,26.5,26.1,26.45,164764,0
PZU,60,20221031,140000,26.4,26.62,26.4,26.58,90146,0
PZU,60,20221031,150000,26.58,26.69,26.54,26.54,108219,0
PZU,60,20221031,160000,26.56,26.75,26.56,26.75,128845,0
PZU,60,20221031,170000,26.75,26.82,26.67,26.8,559145,0
PZU,60,20221102,100000,26.9,27.18,26.75,26.83,420414,0
PZU,60,20221102,110000,26.83,27.06,26.73,26.9,283711,0
PZU,60,20221102,120000,26.91,26.97,26.68,26.75,152324,0
PZU,60,20221102,130000,26.75,26.86,26.57,26.57,253275,0
PZU,60,20221102,140000,26.56,26.58,26.42,26.55,137250,0
PZU,60,20221102,150000,26.55,26.65,26.46,26.6,145503,0
PZU,60,20221102,160000,26.6,26.65,26.43,26.52,158464,0
PZU,60,20221102,170000,26.52,26.87,26.52,26.86,657977,0
PZU,60,20221103,100000,26.21,26.43,26.12,26.29,133548,0
PZU,60,20221103,110000,26.32,26.45,26.26,26.32,67760,0
PZU,60,20221103,120000,26.32,26.39,26.16,26.23,61231,0
PZU,60,20221103,130000,26.26,26.29,26.2,26.24,23649,0
PZU,60,20221103,140000,26.24,26.36,26.23,26.23,36343,0
PZU,60,20221103,150000,26.24,26.34,26.02,26.07,114950,0
PZU,60,20221103,160000,26.08,26.35,25.94,26.28,136958,0
PZU,60,20221103,170000,26.3,26.35,26.19,26.35,233777,0
PZU,60,20221104,100000,26.6,26.8,26.46,26.71,165400,0
PZU,60,20221104,110000,26.71,26.84,26.66,26.79,70509,0
PZU,60,20221104,120000,26.76,26.79,26.71,26.76,110583,0
PZU,60,20221104,130000,26.76,26.76,26.55,26.64,62081,0
PZU,60,20221104,140000,26.65,26.72,26.51,26.7,67310,0
PZU,60,20221104,150000,26.69,26.76,26.61,26.74,89888,0
PZU,60,20221104,160000,26.75,26.77,26.67,26.69,243191,0
PZU,60,20221104,170000,26.7,26.7,26.4,26.44,409793,0
PZU,60,20221107,100000,26.5,27.05,26.4,26.97,191284,0
PZU,60,20221107,110000,26.99,27.14,26.93,26.95,106975,0
PZU,60,20221107,120000,26.95,27.13,26.9,27.06,135522,0
PZU,60,20221107,130000,27.06,27.17,26.92,27.02,106746,0
PZU,60,20221107,140000,27.03,27.1,26.86,27.07,59480,0
PZU,60,20221107,150000,27.07,27.09,26.92,26.99,71069,0
PZU,60,20221107,160000,27.02,27.19,26.96,27.04,144718,0
PZU,60,20221107,170000,27.04,27.27,27.02,27.27,618935,0
PZU,60,20221108,100000,27.3,27.3,26.8,27.23,238093,0
PZU,60,20221108,110000,27.22,27.39,27.12,27.23,104303,0
PZU,60,20221108,120000,27.23,27.23,27.03,27.1,85986,0
PZU,60,20221108,130000,27.1,27.18,27.05,27.13,44853,0
PZU,60,20221108,140000,27.1,27.13,27,27.13,46242,0
PZU,60,20221108,150000,27.14,27.21,27.06,27.17,54066,0
PZU,60,20221108,160000,27.17,27.47,27.17,27.43,193182,0
PZU,60,20221108,170000,27.44,27.79,27.44,27.75,576622,0
PZU,60,20221109,100000,27.65,28.16,27.6,27.83,246343,0
PZU,60,20221109,110000,27.88,28.1,27.81,27.97,188354,0
PZU,60,20221109,120000,27.99,28,27.9,27.95,150960,0
PZU,60,20221109,130000,28,28,27.7,27.73,60851,0
PZU,60,20221109,140000,27.73,27.79,27.59,27.7,68770,0
PZU,60,20221109,150000,27.7,27.75,27.65,27.69,51977,0
PZU,60,20221109,160000,27.69,27.93,27.69,27.8,148502,0
PZU,60,20221109,170000,27.8,28.05,27.77,27.9,595431,0
PZU,60,20221110,100000,27.7,27.85,27.45,27.61,252075,0
PZU,60,20221110,110000,27.61,27.64,27.49,27.62,123097,0
PZU,60,20221110,120000,27.62,27.7,27.57,27.65,127730,0
PZU,60,20221110,130000,27.6,27.7,27.56,27.57,119368,0
PZU,60,20221110,140000,27.56,27.71,27.55,27.7,132014,0
PZU,60,20221110,150000,27.7,28.48,27.67,28.3,711553,0
PZU,60,20221110,160000,28.34,28.8,28.34,28.69,613944,0
PZU,60,20221110,170000,28.64,28.66,28.39,28.54,677584,0
PZU,60,20221114,100000,28.7,29.09,28.61,28.68,599861,0
PZU,60,20221114,110000,28.68,28.8,28.36,28.39,314283,0
PZU,60,20221114,120000,28.4,28.75,28.34,28.65,177947,0
PZU,60,20221114,130000,28.65,28.78,28.62,28.73,87735,0
PZU,60,20221114,140000,28.73,29.1,28.72,29.08,210622,0
PZU,60,20221114,150000,29.08,29.19,28.98,29,289881,0
PZU,60,20221114,160000,29,29.16,28.91,29.14,250858,0
PZU,60,20221114,170000,29.14,29.3,28.67,29.01,899905,0
PZU,60,20221115,100000,29.01,29.3,28.78,29.27,302095,0
PZU,60,20221115,110000,29.27,29.39,29.11,29.34,150887,0
PZU,60,20221115,120000,29.31,29.45,29.2,29.41,67372,0
PZU,60,20221115,130000,29.45,29.5,29.25,29.38,69665,0
PZU,60,20221115,140000,29.38,29.62,29.34,29.62,82003,0
PZU,60,20221115,150000,29.63,30.09,29.43,29.94,372148,0
PZU,60,20221115,160000,29.88,30.01,29.7,29.86,229236,0
PZU,60,20221115,170000,29.91,29.94,29.73,29.88,477661,0
PZU,60,20221116,100000,29.2,29.83,29.17,29.5,406195,0
PZU,60,20221116,110000,29.53,29.69,29.37,29.48,209366,0
PZU,60,20221116,120000,29.46,29.75,29.46,29.67,122225,0
PZU,60,20221116,130000,29.67,29.82,29.49,29.75,140661,0
PZU,60,20221116,140000,29.75,29.8,29.49,29.6,151030,0
PZU,60,20221116,150000,29.6,29.75,29.53,29.71,107116,0
PZU,60,20221116,160000,29.72,30,29.72,29.84,241717,0
PZU,60,20221116,170000,29.86,29.97,29.62,29.62,444923,0
PZU,60,20221117,100000,29.62,29.74,29.42,29.58,181939,0
PZU,60,20221117,110000,29.58,29.59,29.02,29.05,178305,0
PZU,60,20221117,120000,29.09,29.31,28.9,29.05,87392,0
PZU,60,20221117,130000,29.01,29.08,28.91,29.02,77812,0
PZU,60,20221117,140000,29.05,29.05,28.89,29,58394,0
PZU,60,20221117,150000,28.97,29.28,28.87,29.22,103643,0
PZU,60,20221117,160000,29.22,29.42,29.17,29.25,112645,0
PZU,60,20221117,170000,29.31,29.45,29.09,29.25,345310,0
PZU,60,20221118,100000,29.3,29.5,28.87,29.35,171349,0
PZU,60,20221118,110000,29.34,29.51,29.28,29.3,228155,0
PZU,60,20221118,120000,29.35,29.53,29.28,29.53,122576,0
PZU,60,20221118,130000,29.51,29.62,29.43,29.51,95444,0
PZU,60,20221118,140000,29.5,29.6,29.46,29.5,94726,0
PZU,60,20221118,150000,29.52,29.58,29.47,29.47,84285,0
PZU,60,20221118,160000,29.49,29.59,29.41,29.54,109437,0
PZU,60,20221118,170000,29.5,29.65,29.4,29.59,454720,0
PZU,60,20221121,100000,29.4,29.67,29.14,29.52,347103,0
PZU,60,20221121,110000,29.51,29.57,29.38,29.44,63647,0
PZU,60,20221121,120000,29.46,29.6,29.43,29.43,72156,0
PZU,60,20221121,130000,29.43,29.55,29.3,29.3,84431,0
PZU,60,20221121,140000,29.3,29.4,29.23,29.37,66684,0
PZU,60,20221121,150000,29.41,29.72,29.35,29.67,107856,0
PZU,60,20221121,160000,29.67,29.92,29.67,29.86,295742,0
PZU,60,20221121,170000,29.89,29.9,29.45,29.53,325751,0
PZU,60,20221122,100000,29.41,29.61,29.25,29.52,158428,0
PZU,60,20221122,110000,29.52,29.71,29.51,29.7,95063,0
PZU,60,20221122,120000,29.69,29.86,29.62,29.83,71157,0
PZU,60,20221122,130000,29.86,29.94,29.72,29.92,95262,0
PZU,60,20221122,140000,29.92,30.06,29.89,29.98,112062,0
PZU,60,20221122,150000,29.98,30.3,29.98,30.14,396815,0
PZU,60,20221122,160000,30.14,30.3,30.07,30.25,110609,0
PZU,60,20221122,170000,30.22,30.22,30.03,30.05,350842,0
PZU,60,20221123,100000,30.26,30.52,30.13,30.21,142328,0
PZU,60,20221123,110000,30.2,30.58,30.18,30.53,86875,0
PZU,60,20221123,120000,30.5,30.54,30.23,30.24,102970,0
PZU,60,20221123,130000,30.24,30.25,30.14,30.25,74214,0
PZU,60,20221123,140000,30.25,30.32,30.21,30.27,64724,0
PZU,60,20221123,150000,30.29,30.31,30.05,30.17,110972,0
PZU,60,20221123,160000,30.15,30.23,30.09,30.1,135211,0
PZU,60,20221123,170000,30.1,30.19,29.98,30.02,483653,0
PZU,60,20221124,100000,30.42,31.58,29.86,31.11,658346,0
PZU,60,20221124,110000,31.15,31.54,31.12,31.39,300149,0
PZU,60,20221124,120000,31.41,31.57,31.27,31.33,171666,0
PZU,60,20221124,130000,31.31,31.45,31.27,31.36,112826,0
PZU,60,20221124,140000,31.38,31.8,31.38,31.71,332885,0
PZU,60,20221124,150000,31.7,31.99,31.68,31.98,261740,0
PZU,60,20221124,160000,31.99,31.99,31.67,31.9,220844,0
PZU,60,20221124,170000,31.9,32.3,31.75,32,1025705,0
PZU,60,20221125,100000,32,32,31.26,31.39,229188,0
PZU,60,20221125,110000,31.38,31.7,31.35,31.64,106561,0
PZU,60,20221125,120000,31.65,32.02,31.61,31.94,168180,0
PZU,60,20221125,130000,31.91,31.93,31.53,31.59,120806,0
PZU,60,20221125,140000,31.54,31.7,31.45,31.64,66623,0
PZU,60,20221125,150000,31.65,31.69,31.5,31.59,93471,0
PZU,60,20221125,160000,31.57,31.83,31.52,31.82,175585,0
PZU,60,20221125,170000,31.83,31.96,31.73,31.74,266108,0
PZU,60,20221128,100000,31.67,31.88,31.52,31.72,129020,0
PZU,60,20221128,110000,31.7,32,31.67,31.82,158978,0
PZU,60,20221128,120000,31.8,31.99,31.8,31.91,134828,0
PZU,60,20221128,130000,31.9,32.02,31.8,31.94,148869,0
PZU,60,20221128,140000,31.95,32.1,31.86,32.04,175326,0
PZU,60,20221128,150000,32.04,32.05,31.89,31.92,67845,0
PZU,60,20221128,160000,31.89,32.13,31.78,32.04,225084,0
PZU,60,20221128,170000,32.02,32.23,31.91,31.91,373577,0
PZU,60,20221129,100000,32.19,32.19,31.65,31.87,138683,0
PZU,60,20221129,110000,31.9,31.9,31.53,31.67,144291,0
PZU,60,20221129,120000,31.63,31.83,31.6,31.74,45099,0
PZU,60,20221129,130000,31.75,31.86,31.67,31.75,47424,0
PZU,60,20221129,140000,31.77,31.8,31.56,31.68,26485,0
PZU,60,20221129,150000,31.68,31.7,31.55,31.59,58765,0
PZU,60,20221129,160000,31.62,31.7,31.59,31.68,149216,0
PZU,60,20221129,170000,31.68,31.93,31.67,31.8,337541,0
PZU,60,20221130,100000,32,32,31.59,31.68,71727,0
PZU,60,20221130,110000,31.69,31.93,31.61,31.9,149286,0
PZU,60,20221130,120000,31.9,32,31.8,31.91,128011,0
PZU,60,20221130,130000,31.91,31.93,31.64,31.7,152702,0
PZU,60,20221130,140000,31.66,31.71,31.41,31.6,135184,0
PZU,60,20221130,150000,31.61,31.68,31.42,31.66,193029,0
PZU,60,20221130,160000,31.67,31.79,31.52,31.58,262977,0
PZU,60,20221130,170000,31.57,31.7,31.4,31.6,1727366,0
PZU,60,20221201,100000,31.85,32,31.34,31.4,127221,0
PZU,60,20221201,110000,31.4,31.61,31.4,31.53,67427,0
PZU,60,20221201,120000,31.53,31.66,31.43,31.52,46539,0
PZU,60,20221201,130000,31.55,31.66,31.45,31.6,66686,0
PZU,60,20221201,140000,31.62,31.72,31.51,31.69,96968,0
PZU,60,20221201,150000,31.65,31.85,31.61,31.77,179213,0
PZU,60,20221201,160000,31.76,31.87,31.73,31.8,95826,0
PZU,60,20221201,170000,31.76,31.94,31.54,31.94,397857,0
PZU,60,20221202,100000,31.94,31.94,31.34,31.6,244732,0
PZU,60,20221202,110000,31.65,31.86,31.58,31.81,107240,0
PZU,60,20221202,120000,31.85,31.89,31.82,31.86,155565,0
PZU,60,20221202,130000,31.83,31.92,31.73,31.75,111296,0
PZU,60,20221202,140000,31.74,31.85,31.73,31.83,53947,0
PZU,60,20221202,150000,31.84,31.92,31.57,31.73,158280,0
PZU,60,20221202,160000,31.75,31.83,31.56,31.72,188210,0
PZU,60,20221202,170000,31.76,31.83,31.6,31.62,430877,0
PZU,60,20221205,100000,31.6,31.85,31.56,31.77,67607,0
PZU,60,20221205,110000,31.8,31.95,31.73,31.9,53825,0
PZU,60,20221205,120000,31.92,31.97,31.78,31.8,38080,0
PZU,60,20221205,130000,31.83,31.89,31.73,31.82,32536,0
PZU,60,20221205,140000,31.87,31.92,31.8,31.9,16209,0
PZU,60,20221205,150000,31.88,32.1,31.73,31.76,185328,0
PZU,60,20221205,160000,31.76,31.85,31.61,31.79,99557,0
PZU,60,20221205,170000,31.78,31.88,31.67,31.78,237610,0
PZU,60,20221206,100000,31.8,31.82,31.57,31.8,122674,0
PZU,60,20221206,110000,31.82,31.94,31.79,31.91,76858,0
PZU,60,20221206,120000,31.85,31.91,31.74,31.79,135103,0
PZU,60,20221206,130000,31.79,31.81,31.76,31.79,85522,0
PZU,60,20221206,140000,31.8,31.88,31.8,31.83,54666,0
PZU,60,20221206,150000,31.83,32,31.83,31.87,94359,0
PZU,60,20221206,160000,31.89,31.96,31.81,31.82,194860,0
PZU,60,20221206,170000,31.82,31.9,31.78,31.9,503119,0
PZU,60,20221207,100000,31.82,31.86,31.51,31.79,164606,0
PZU,60,20221207,110000,31.8,31.88,31.7,31.78,233247,0
PZU,60,20221207,120000,31.75,31.84,31.71,31.79,54441,0
PZU,60,20221207,130000,31.81,31.9,31.75,31.78,77095,0
PZU,60,20221207,140000,31.78,31.81,31.67,31.69,87119,0
PZU,60,20221207,150000,31.67,31.84,31.67,31.78,47561,0
PZU,60,20221207,160000,31.79,31.91,31.76,31.82,139833,0
PZU,60,20221207,170000,31.85,32.01,31.82,32.01,846878,0
PZU,60,20221208,100000,32.04,32.25,31.78,32.25,177695,0
PZU,60,20221208,110000,32.28,32.44,32.22,32.38,145040,0
PZU,60,20221208,120000,32.38,32.7,32.38,32.52,197645,0
PZU,60,20221208,130000,32.49,32.6,32.46,32.5,104089,0
PZU,60,20221208,140000,32.54,32.61,32.45,32.45,102634,0
PZU,60,20221208,150000,32.45,32.52,32.43,32.46,53367,0
PZU,60,20221208,160000,32.46,32.62,32.41,32.62,273604,0
PZU,60,20221208,170000,32.6,32.7,32.57,32.67,432076,0
PZU,60,20221209,100000,32.64,32.66,32.25,32.45,147596,0
PZU,60,20221209,110000,32.41,32.45,32.36,32.43,60088,0
PZU,60,20221209,120000,32.45,32.57,32.45,32.53,62049,0
PZU,60,20221209,130000,32.53,32.64,32.52,32.61,54087,0
PZU,60,20221209,140000,32.64,32.64,32.56,32.58,39240,0
PZU,60,20221209,150000,32.6,32.6,32.36,32.5,157121,0
PZU,60,20221209,160000,32.5,32.56,32.43,32.49,97829,0
PZU,60,20221209,170000,32.5,32.6,32.47,32.47,281753,0
PZU,60,20221212,100000,32.45,32.45,32.11,32.23,62799,0
PZU,60,20221212,110000,32.26,32.63,32.26,32.62,106076,0
PZU,60,20221212,120000,32.58,32.79,32.58,32.75,148772,0
PZU,60,20221212,130000,32.75,32.76,32.63,32.67,91716,0
PZU,60,20221212,140000,32.66,32.83,32.66,32.8,112560,0
PZU,60,20221212,150000,32.8,32.89,32.79,32.84,123182,0
PZU,60,20221212,160000,32.84,32.85,32.8,32.8,96032,0
PZU,60,20221212,170000,32.8,32.86,32.78,32.82,406494,0
PZU,60,20221213,100000,32.9,33.65,32.76,33.6,495845,0
PZU,60,20221213,110000,33.6,33.63,33.3,33.43,137781,0
PZU,60,20221213,120000,33.42,33.62,33.28,33.54,125683,0
PZU,60,20221213,130000,33.55,33.65,33.5,33.57,143612,0
PZU,60,20221213,140000,33.57,33.7,33.55,33.7,103708,0
PZU,60,20221213,150000,33.69,34.07,33.56,33.97,285655,0
PZU,60,20221213,160000,34,34.18,33.88,34.03,174232,0
PZU,60,20221213,170000,34.02,34.1,33.78,33.91,498474,0
PZU,60,20221214,100000,33.91,33.91,33.38,33.62,136003,0
PZU,60,20221214,110000,33.61,33.61,33.42,33.5,90131,0
PZU,60,20221214,120000,33.51,33.56,33.46,33.51,104939,0
PZU,60,20221214,130000,33.52,33.63,33.4,33.5,160223,0
PZU,60,20221214,140000,33.5,33.6,33.32,33.37,142437,0
PZU,60,20221214,150000,33.4,33.5,33.35,33.45,150831,0
PZU,60,20221214,160000,33.46,33.59,33.45,33.59,177893,0
PZU,60,20221214,170000,33.57,33.73,33.49,33.65,692295,0
PZU,60,20221215,100000,33.65,33.65,33.12,33.32,187428,0
PZU,60,20221215,110000,33.3,33.6,33.3,33.55,61874,0
PZU,60,20221215,120000,33.53,33.83,33.51,33.64,65049,0
PZU,60,20221215,130000,33.64,33.89,33.61,33.85,95823,0
PZU,60,20221215,140000,33.89,33.93,33.8,33.8,78560,0
PZU,60,20221215,150000,33.8,33.86,33.57,33.7,129727,0
PZU,60,20221215,160000,33.63,33.74,33.33,33.34,142903,0
PZU,60,20221215,170000,33.39,33.71,33.37,33.71,933609,0
PZU,60,20221216,100000,33.5,33.69,33.38,33.47,135492,0
PZU,60,20221216,110000,33.47,33.7,33.35,33.63,98615,0
PZU,60,20221216,120000,33.62,33.67,33.21,33.41,248551,0
PZU,60,20221216,130000,33.41,33.61,33.31,33.54,65768,0
PZU,60,20221216,140000,33.55,33.68,33.54,33.64,80344,0
PZU,60,20221216,150000,33.66,33.76,33.63,33.74,194220,0
PZU,60,20221216,160000,33.75,33.9,33.36,33.51,365156,0
PZU,60,20221216,170000,33.51,33.52,33.22,33.49,2299256,0
PZU,60,20221219,100000,33.35,33.45,32.95,33.37,154430,0
PZU,60,20221219,110000,33.37,33.65,33.37,33.64,97286,0
PZU,60,20221219,120000,33.6,33.73,33.6,33.62,56662,0
PZU,60,20221219,130000,33.64,33.68,33.58,33.58,61648,0
PZU,60,20221219,140000,33.57,33.71,33.55,33.71,45370,0
PZU,60,20221219,150000,33.66,33.85,33.6,33.82,79354,0
PZU,60,20221219,160000,33.83,33.9,33.8,33.82,101189,0
PZU,60,20221219,170000,33.81,33.96,33.8,33.8,335096,0
PZU,60,20221220,100000,33.6,34.03,33.39,33.93,199556,0
PZU,60,20221220,110000,33.93,34.25,33.92,34.24,202487,0
PZU,60,20221220,120000,34.24,34.26,34.16,34.2,97981,0
PZU,60,20221220,130000,34.2,34.3,34.19,34.23,134521,0
PZU,60,20221220,140000,34.23,34.45,34.23,34.33,113865,0
PZU,60,20221220,150000,34.34,34.44,34.21,34.24,159540,0
PZU,60,20221220,160000,34.25,34.6,34.13,34.51,298385,0
PZU,60,20221220,170000,34.52,34.6,34.4,34.6,424189,0
PZU,60,20221221,100000,34.49,34.71,34.24,34.44,224822,0
PZU,60,20221221,110000,34.44,34.48,34.28,34.35,96234,0
PZU,60,20221221,120000,34.32,34.56,34.3,34.45,84878,0
PZU,60,20221221,130000,34.4,34.44,34.29,34.44,36626,0
PZU,60,20221221,140000,34.44,34.53,34.37,34.47,12836,0
PZU,60,20221221,150000,34.46,34.54,34.44,34.48,23517,0
PZU,60,20221221,160000,34.48,34.78,34.46,34.65,156612,0
PZU,60,20221221,170000,34.66,34.85,34.53,34.67,346633,0
PZU,60,20221222,100000,34.67,34.84,34.5,34.77,71047,0
PZU,60,20221222,110000,34.74,34.8,34.6,34.63,33841,0
PZU,60,20221222,120000,34.62,34.79,34.52,34.72,47128,0
PZU,60,20221222,130000,34.72,34.78,34.57,34.78,29499,0
PZU,60,20221222,140000,34.76,34.77,34.56,34.77,46396,0
PZU,60,20221222,150000,34.76,34.95,34.69,34.88,184064,0
PZU,60,20221222,160000,34.85,34.99,34.82,34.94,148661,0
PZU,60,20221222,170000,34.87,34.99,34.81,34.95,299526,0
PZU,60,20221223,100000,34.95,34.98,34.65,34.65,181064,0
PZU,60,20221223,110000,34.7,34.72,34.6,34.65,55920,0
PZU,60,20221223,120000,34.65,34.7,34.61,34.66,34055,0
PZU,60,20221223,130000,34.69,34.7,34.58,34.66,52453,0
PZU,60,20221223,140000,34.67,34.67,34.52,34.57,58935,0
PZU,60,20221223,150000,34.57,34.7,34.52,34.52,97127,0
PZU,60,20221223,160000,34.55,34.63,34.47,34.5,109472,0
PZU,60,20221223,170000,34.53,34.79,34.53,34.63,252947,0
PZU,60,20221227,100000,34.7,34.9,34.52,34.66,54480,0
PZU,60,20221227,110000,34.69,34.75,34.53,34.75,48002,0
PZU,60,20221227,120000,34.75,34.75,34.64,34.67,21299,0
PZU,60,20221227,130000,34.7,34.73,34.61,34.71,28606,0
PZU,60,20221227,140000,34.68,34.82,34.63,34.82,85568,0
PZU,60,20221227,150000,34.83,34.85,34.62,34.62,47704,0
PZU,60,20221227,160000,34.62,34.7,34.47,34.48,123206,0
PZU,60,20221227,170000,34.47,34.6,34.41,34.55,201062,0
PZU,60,20221228,100000,34.4,34.55,34.25,34.5,144457,0
PZU,60,20221228,110000,34.52,34.75,34.52,34.57,114906,0
PZU,60,20221228,120000,34.57,34.76,34.57,34.62,67669,0
PZU,60,20221228,130000,34.65,34.66,34.46,34.6,73292,0
PZU,60,20221228,140000,34.6,34.7,34.56,34.6,69656,0
PZU,60,20221228,150000,34.59,34.68,34.57,34.67,61567,0
PZU,60,20221228,160000,34.65,34.72,34.57,34.57,95478,0
PZU,60,20221228,170000,34.6,34.75,34.6,34.74,348333,0
PZU,60,20221229,100000,34.68,34.98,34.4,34.84,85788,0
PZU,60,20221229,110000,34.9,35.31,34.87,35.21,151301,0
PZU,60,20221229,120000,35.21,35.48,35.19,35.42,89524,0
PZU,60,20221229,130000,35.35,35.6,35.35,35.47,105536,0
PZU,60,20221229,140000,35.45,35.57,35.4,35.52,46774,0
PZU,60,20221229,150000,35.52,35.75,35.49,35.65,139774,0
PZU,60,20221229,160000,35.65,35.74,35.58,35.71,86897,0
PZU,60,20221229,170000,35.74,35.79,35.6,35.7,337986,0
PZU,60,20221230,100000,35.67,35.67,35.24,35.53,124163,0
PZU,60,20221230,110000,35.57,35.57,35.33,35.38,68518,0
PZU,60,20221230,120000,35.38,35.47,35.31,35.44,57952,0
PZU,60,20221230,130000,35.45,35.45,35.14,35.22,102891,0
PZU,60,20221230,140000,35.22,35.33,35.11,35.31,61675,0
PZU,60,20221230,150000,35.28,35.4,35.16,35.39,58840,0
PZU,60,20221230,160000,35.37,35.46,35.3,35.44,83541,0
PZU,60,20221230,170000,35.45,35.59,35.36,35.42,330570,0
PZU,60,20230102,100000,35.4,35.5,35.18,35.38,56735,0
PZU,60,20230102,110000,35.4,35.4,35.04,35.18,62102,0
PZU,60,20230102,120000,35.19,35.2,34.88,34.88,52884,0
PZU,60,20230102,130000,34.9,34.96,34.63,34.7,114215,0
PZU,60,20230102,140000,34.71,34.75,34.63,34.75,71361,0
PZU,60,20230102,150000,34.74,34.74,34.52,34.56,104751,0
PZU,60,20230102,160000,34.59,34.6,34.44,34.47,75007,0
PZU,60,20230102,170000,34.46,34.68,34.45,34.61,146766,0
PZU,60,20230103,100000,34.55,34.65,34.27,34.65,152049,0
PZU,60,20230103,110000,34.66,35.01,34.66,34.92,157754,0
PZU,60,20230103,120000,34.92,35.1,34.89,35.05,154003,0
PZU,60,20230103,130000,35.05,35.05,34.69,34.72,175955,0
PZU,60,20230103,140000,34.73,34.73,34.36,34.5,166396,0
PZU,60,20230103,150000,34.51,34.75,34.38,34.73,229331,0
PZU,60,20230103,160000,34.75,34.96,34.71,34.77,293739,0
PZU,60,20230103,170000,34.79,34.88,34.63,34.84,494692,0
PZU,60,20230104,100000,34.86,35.7,34.84,35.69,373907,0
PZU,60,20230104,110000,35.67,35.71,35.38,35.62,323889,0
PZU,60,20230104,120000,35.62,35.89,35.54,35.8,311515,0
PZU,60,20230104,130000,35.8,35.81,35.54,35.56,330840,0
PZU,60,20230104,140000,35.58,35.58,35.46,35.51,75093,0
PZU,60,20230104,150000,35.54,35.86,35.5,35.85,186010,0
PZU,60,20230104,160000,35.85,35.88,35.66,35.71,270067,0
PZU,60,20230104,170000,35.71,35.85,35.63,35.85,672027,0
PZU,60,20230105,100000,35.85,36.2,35.64,36,353457,0
PZU,60,20230105,110000,36,36.4,35.99,36.19,271709,0
PZU,60,20230105,120000,36.2,36.35,35.91,35.95,205325,0
PZU,60,20230105,130000,35.97,36.06,35.82,35.94,158149,0
PZU,60,20230105,140000,35.94,35.97,35.6,35.68,223195,0
PZU,60,20230105,150000,35.68,35.75,35.31,35.48,269745,0
PZU,60,20230105,160000,35.5,35.86,35.47,35.76,237210,0
PZU,60,20230105,170000,35.73,35.9,35.58,35.75,801617,0
PZU,60,20230109,100000,36.08,36.37,36.03,36.21,404876,0
PZU,60,20230109,110000,36.21,36.47,35.95,36,501893,0
PZU,60,20230109,120000,36.02,36.2,35.99,36.18,347312,0
PZU,60,20230109,130000,36.17,36.31,36.14,36.25,456393,0
PZU,60,20230109,140000,36.26,36.42,36.16,36.31,268980,0
PZU,60,20230109,150000,36.31,36.5,36.24,36.4,192135,0
PZU,60,20230109,160000,36.4,36.59,36.3,36.48,328273,0
PZU,60,20230109,170000,36.51,36.6,36.32,36.6,1589860,0
PZU,60,20230110,100000,36.6,36.74,36.21,36.74,402201,0
PZU,60,20230110,110000,36.72,36.74,36.41,36.47,115095,0
PZU,60,20230110,120000,36.47,36.9,36.46,36.87,204695,0
PZU,60,20230110,130000,36.89,36.97,36.7,36.76,222117,0
PZU,60,20230110,140000,36.71,36.76,36.58,36.68,97887,0
PZU,60,20230110,150000,36.65,36.76,36.45,36.69,181661,0
PZU,60,20230110,160000,36.69,36.85,36.56,36.81,304285,0
PZU,60,20230110,170000,36.82,37.02,36.75,36.92,925129,0
PZU,60,20230111,100000,37,37.24,36.87,36.94,222349,0
PZU,60,20230111,110000,36.98,37.05,36.62,36.95,92969,0
PZU,60,20230111,120000,36.96,37.1,36.83,36.96,174537,0
PZU,60,20230111,130000,36.96,37.24,36.91,37.15,206516,0
PZU,60,20230111,140000,37.14,37.43,37.14,37.42,216182,0
PZU,60,20230111,150000,37.41,37.5,37.1,37.28,252704,0
PZU,60,20230111,160000,37.29,37.3,36.93,36.97,473371,0
PZU,60,20230111,170000,36.97,37,36.67,36.8,701972,0
PZU,60,20230112,100000,36.73,37.52,36.73,37.47,382484,0
PZU,60,20230112,110000,37.48,37.5,37.19,37.47,299899,0
PZU,60,20230112,120000,37.46,37.5,37.27,37.44,246849,0
PZU,60,20230112,130000,37.44,37.54,37.43,37.48,464446,0
PZU,60,20230112,140000,37.47,37.52,37.15,37.25,202672,0
PZU,60,20230112,150000,37.25,37.35,36.96,37.09,219585,0
PZU,60,20230112,160000,37.14,37.14,36.5,36.63,373050,0
PZU,60,20230112,170000,36.63,36.68,36.37,36.52,950470,0
PZU,60,20230113,100000,36.5,36.76,36.21,36.32,272281,0
PZU,60,20230113,110000,36.32,36.36,36.22,36.24,304498,0
PZU,60,20230113,120000,36.23,36.41,36.12,36.41,200316,0
PZU,60,20230113,130000,36.4,36.41,36.28,36.33,95796,0
PZU,60,20230113,140000,36.3,36.37,36.1,36.15,127805,0
PZU,60,20230113,150000,36.14,36.2,35.97,36.08,137984,0
PZU,60,20230113,160000,36.08,36.31,36,36.21,242910,0
PZU,60,20230113,170000,36.22,36.33,36.18,36.24,502165,0
PZU,60,20230116,100000,36.14,36.19,35.75,36.11,236237,0
PZU,60,20230116,110000,36.15,36.15,35.86,35.93,158658,0
PZU,60,20230116,120000,35.94,36.03,35.82,35.99,117603,0
PZU,60,20230116,130000,36,36.18,35.91,36.18,178610,0
PZU,60,20230116,140000,36.17,36.2,35.95,36.2,547789,0
PZU,60,20230116,150000,36.2,36.39,36.03,36.16,291875,0
PZU,60,20230116,160000,36.2,36.41,36.13,36.25,427838,0
PZU,60,20230116,170000,36.22,36.31,36.01,36.21,1071997,0
PZU,60,20230117,100000,36.01,36.43,35.85,35.91,449750,0
PZU,60,20230117,110000,35.88,36.13,35.85,36.1,640707,0
PZU,60,20230117,120000,36.1,36.1,35.42,35.49,419415,0
PZU,60,20230117,130000,35.46,35.8,35.38,35.8,261132,0
PZU,60,20230117,140000,35.8,35.86,35.67,35.8,111740,0
PZU,60,20230117,150000,35.81,36.08,35.74,35.86,204433,0
PZU,60,20230117,160000,35.86,35.9,35.75,35.82,205324,0
PZU,60,20230117,170000,35.83,35.89,35.48,35.84,1189007,0
PZU,60,20230118,100000,35.8,36.21,35.78,36.08,985232,0
PZU,60,20230118,110000,36.09,36.2,35.68,35.78,353839,0
PZU,60,20230118,120000,35.8,36.06,35.73,36.05,368065,0
PZU,60,20230118,130000,36.03,36.07,35.91,35.95,131808,0
PZU,60,20230118,140000,35.96,35.97,35.74,35.92,242745,0
PZU,60,20230118,150000,35.92,36.06,35.82,35.99,295283,0
PZU,60,20230118,160000,35.99,36.29,35.85,35.86,802745,0
PZU,60,20230118,170000,35.86,35.93,35.53,35.65,799751,0
PZU,60,20230119,100000,35.6,35.88,35.27,35.64,183000,0
PZU,60,20230119,110000,35.65,35.8,35.54,35.63,186842,0
PZU,60,20230119,120000,35.65,35.79,35.59,35.76,227794,0
PZU,60,20230119,130000,35.76,35.88,35.74,35.78,51451,0
PZU,60,20230119,140000,35.8,36,35.8,35.9,180025,0
PZU,60,20230119,150000,35.87,36.22,35.83,36.06,177605,0
PZU,60,20230119,160000,36.07,36.36,36,36.27,361050,0
PZU,60,20230119,170000,36.26,36.38,36.14,36.3,879423,0
PZU,60,20230120,100000,36.4,36.79,36.25,36.58,234519,0
PZU,60,20230120,110000,36.58,36.76,36.47,36.68,105391,0
PZU,60,20230120,120000,36.67,36.74,36.36,36.5,117788,0
PZU,60,20230120,130000,36.51,36.56,36.14,36.35,97746,0
PZU,60,20230120,140000,36.35,36.75,36.32,36.7,67771,0
PZU,60,20230120,150000,36.71,36.78,36.68,36.72,76002,0
PZU,60,20230120,160000,36.7,36.79,36.6,36.75,96454,0
PZU,60,20230120,170000,36.74,36.82,36.73,36.75,423258,0
PZU,60,20230123,100000,36.9,37.21,36.82,36.95,313830,0
PZU,60,20230123,110000,36.94,36.94,36.42,36.7,168281,0
PZU,60,20230123,120000,36.69,37.05,36.67,37.05,104018,0
PZU,60,20230123,130000,37,37.15,36.87,37.04,105398,0
PZU,60,20230123,140000,37.05,37.19,37.02,37.09,133174,0
PZU,60,20230123,150000,37.11,37.17,36.86,36.91,154392,0
PZU,60,20230123,160000,36.91,36.95,36.72,36.75,145446,0
PZU,60,20230123,170000,36.76,37.1,36.76,37.05,337085,0
PZU,60,20230124,100000,37.19,37.19,36.91,37.05,53576,0
PZU,60,20230124,110000,37.03,37.17,37.01,37.03,95168,0
PZU,60,20230124,120000,37.05,37.06,36.79,36.88,80816,0
PZU,60,20230124,130000,36.88,36.94,36.7,36.85,53543,0
PZU,60,20230124,140000,36.86,36.91,36.73,36.74,68796,0
PZU,60,20230124,150000,36.73,36.76,36.53,36.54,88381,0
PZU,60,20230124,160000,36.53,36.64,36.45,36.5,83564,0
PZU,60,20230124,170000,36.52,36.72,36.48,36.63,267712,0
PZU,60,20230125,100000,36.5,36.77,36.22,36.25,204954,0
PZU,60,20230125,110000,36.24,36.34,35.9,35.99,246717,0
PZU,60,20230125,120000,35.99,36.24,35.97,36.1,151303,0
PZU,60,20230125,130000,36.14,36.36,36.06,36.3,224767,0
PZU,60,20230125,140000,36.28,36.41,36.2,36.33,215480,0
PZU,60,20230125,150000,36.33,36.62,36.29,36.38,71502,0
PZU,60,20230125,160000,36.38,36.63,36.36,36.58,74446,0
PZU,60,20230125,170000,36.58,36.58,36.08,36.28,332379,0
PZU,60,20230126,100000,36.5,36.77,36.5,36.53,81872,0
PZU,60,20230126,110000,36.52,36.77,36.47,36.74,59197,0
PZU,60,20230126,120000,36.74,36.87,36.7,36.75,31904,0
PZU,60,20230126,130000,36.73,36.77,36.6,36.68,41999,0
PZU,60,20230126,140000,36.67,36.9,36.6,36.82,75075,0
PZU,60,20230126,150000,36.81,36.96,36.65,36.89,131979,0
PZU,60,20230126,160000,36.88,36.92,36.8,36.81,84361,0
PZU,60,20230126,170000,36.84,36.98,36.81,36.81,291828,0
PZU,60,20230127,100000,36.94,36.99,36.28,36.37,192935,0
PZU,60,20230127,110000,36.39,36.52,36.2,36.4,198123,0
PZU,60,20230127,120000,36.38,36.6,36.36,36.59,165765,0
PZU,60,20230127,130000,36.57,36.67,36.46,36.56,121336,0
PZU,60,20230127,140000,36.53,36.58,36.4,36.52,94074,0
PZU,60,20230127,150000,36.55,36.73,36.5,36.61,137871,0
PZU,60,20230127,160000,36.64,36.83,36.61,36.66,170063,0
PZU,60,20230127,170000,36.66,36.7,36.44,36.51,328583,0
PZU,60,20230130,100000,36.5,36.5,35.94,36.4,231654,0
PZU,60,20230130,110000,36.39,36.5,36.2,36.25,201235,0
PZU,60,20230130,120000,36.22,36.35,36.12,36.29,106030,0
PZU,60,20230130,130000,36.27,36.43,36.25,36.36,99287,0
PZU,60,20230130,140000,36.36,36.44,36.31,36.35,87171,0
PZU,60,20230130,150000,36.39,36.53,36.39,36.47,120786,0
PZU,60,20230130,160000,36.48,36.56,36.36,36.46,148423,0
PZU,60,20230130,170000,36.46,36.55,36.32,36.51,489685,0
PZU,60,20230131,100000,36.4,36.56,36.13,36.49,121849,0
PZU,60,20230131,110000,36.49,36.64,36.43,36.57,131759,0
PZU,60,20230131,120000,36.55,36.55,36.38,36.46,120402,0
PZU,60,20230131,130000,36.48,36.5,36.32,36.49,66224,0
PZU,60,20230131,140000,36.5,36.59,36.4,36.42,73991,0
PZU,60,20230131,150000,36.41,36.56,36.4,36.52,162608,0
PZU,60,20230131,160000,36.51,36.7,36.51,36.67,196546,0
PZU,60,20230131,170000,36.65,36.79,36.63,36.72,928224,0
PZU,60,20230201,100000,36.8,37.11,36.44,36.77,244303,0
PZU,60,20230201,110000,36.78,36.98,36.66,36.69,137990,0
PZU,60,20230201,120000,36.69,36.95,36.57,36.95,352386,0
PZU,60,20230201,130000,36.96,37.04,36.74,36.84,110978,0
PZU,60,20230201,140000,36.83,37.03,36.82,36.91,140528,0
PZU,60,20230201,150000,36.92,37.1,36.9,37.04,239151,0
PZU,60,20230201,160000,37,37.03,36.8,36.82,147149,0
PZU,60,20230201,170000,36.83,36.83,36.53,36.67,667218,0
PZU,60,20230202,100000,36.91,37.4,36.89,36.98,270391,0
PZU,60,20230202,110000,37.01,37.11,36.67,36.85,202596,0
PZU,60,20230202,120000,36.85,37.05,36.73,36.87,223066,0
PZU,60,20230202,130000,36.87,36.89,36.79,36.89,185171,0
PZU,60,20230202,140000,36.89,37.15,36.84,37.13,149291,0
PZU,60,20230202,150000,37.11,37.45,37.07,37.39,297639,0
PZU,60,20230202,160000,37.4,37.48,37.21,37.25,243449,0
PZU,60,20230202,170000,37.26,37.44,37.17,37.17,612439,0
PZU,60,20230203,100000,37.2,37.46,37.13,37.32,168761,0
PZU,60,20230203,110000,37.33,37.48,37.26,37.45,86995,0
PZU,60,20230203,120000,37.45,37.47,37.23,37.32,118860,0
PZU,60,20230203,130000,37.32,37.35,37.14,37.2,98874,0
PZU,60,20230203,140000,37.21,37.25,37.08,37.08,44847,0
PZU,60,20230203,150000,37.06,37.14,36.89,37.12,99761,0
PZU,60,20230203,160000,37.07,37.15,36.88,36.96,87587,0
PZU,60,20230203,170000,37,37.2,36.96,37.2,293213,0
PZU,60,20230206,100000,37.1,37.28,36.52,36.59,120158,0
PZU,60,20230206,110000,36.6,36.64,36.31,36.34,152151,0
PZU,60,20230206,120000,36.34,36.34,35.99,36.13,172526,0
PZU,60,20230206,130000,36.14,36.2,36.05,36.14,81979,0
PZU,60,20230206,140000,36.14,36.15,36.03,36.15,78079,0
PZU,60,20230206,150000,36.13,36.2,36.01,36.03,80486,0
PZU,60,20230206,160000,36.04,36.05,35.76,35.92,250766,0
PZU,60,20230206,170000,35.94,35.94,35.65,35.86,611164,0
PZU,60,20230207,100000,35.9,36.2,35.65,35.77,200328,0
PZU,60,20230207,110000,35.75,36.08,35.73,36.07,72679,0
PZU,60,20230207,120000,36.03,36.06,35.8,35.91,124615,0
PZU,60,20230207,130000,35.91,35.94,35.8,35.89,49205,0
PZU,60,20230207,140000,35.86,35.92,35.82,35.87,46881,0
PZU,60,20230207,150000,35.87,35.9,35.77,35.82,79246,0
PZU,60,20230207,160000,35.82,35.84,35.71,35.84,95461,0
PZU,60,20230207,170000,35.84,35.93,35.77,35.93,460221,0
PZU,60,20230208,100000,36.02,36.37,35.83,36,93858,0
PZU,60,20230208,110000,36,36.06,35.88,35.95,39216,0
PZU,60,20230208,120000,35.96,36.01,35.88,35.92,36797,0
PZU,60,20230208,130000,35.92,35.97,35.87,35.95,86833,0
PZU,60,20230208,140000,35.96,36.01,35.9,35.95,221204,0
PZU,60,20230208,150000,35.95,36.14,35.94,36.07,84803,0
PZU,60,20230208,160000,36.07,36.1,35.95,36.04,76599,0
PZU,60,20230208,170000,36.02,36.08,35.87,35.93,385897,0
PZU,60,20230209,100000,36.17,36.42,36.04,36.32,89865,0
PZU,60,20230209,110000,36.32,36.58,36.19,36.45,206106,0
PZU,60,20230209,120000,36.43,36.58,36.42,36.5,80611,0
PZU,60,20230209,130000,36.49,36.6,36.42,36.56,38372,0
PZU,60,20230209,140000,36.56,36.68,36.48,36.5,76804,0
PZU,60,20230209,150000,36.5,36.51,36.27,36.4,81984,0
PZU,60,20230209,160000,36.41,36.41,36.15,36.19,81321,0
PZU,60,20230209,170000,36.2,36.37,36.17,36.37,329134,0
PZU,60,20230210,100000,36.27,36.3,36.07,36.16,51637,0
PZU,60,20230210,110000,36.16,36.22,36,36.03,362551,0
PZU,60,20230210,120000,36.03,36.03,35.56,35.56,86382,0
PZU,60,20230210,130000,35.56,35.58,35.21,35.29,193845,0
PZU,60,20230210,140000,35.29,35.46,35.24,35.34,81315,0
PZU,60,20230210,150000,35.33,35.56,35.25,35.32,108611,0
PZU,60,20230210,160000,35.32,35.43,35.26,35.34,113610,0
PZU,60,20230210,170000,35.31,35.4,35.14,35.29,239890,0
PZU,60,20230213,100000,35.44,35.64,35.3,35.61,98427,0
PZU,60,20230213,110000,35.61,35.9,35.61,35.86,330080,0
PZU,60,20230213,120000,35.86,35.89,35.7,35.74,145280,0
PZU,60,20230213,130000,35.75,35.95,35.75,35.9,108924,0
PZU,60,20230213,140000,35.9,36.06,35.83,36.03,119241,0
PZU,60,20230213,150000,36.05,36.06,35.87,36.03,155345,0
PZU,60,20230213,160000,36.03,36.04,35.84,36.03,144400,0
PZU,60,20230213,170000,36.03,36.1,35.81,36.05,408368,0
PZU,60,20230214,100000,36.1,36.1,35.65,35.69,89684,0
PZU,60,20230214,110000,35.69,35.79,35.55,35.71,86461,0
PZU,60,20230214,120000,35.7,35.85,35.64,35.82,90323,0
PZU,60,20230214,130000,35.82,35.9,35.71,35.82,127019,0
PZU,60,20230214,140000,35.82,35.88,35.73,35.81,79922,0
PZU,60,20230214,150000,35.82,35.99,35.7,35.88,149788,0
PZU,60,20230214,160000,35.89,35.95,35.7,35.92,118804,0
PZU,60,20230214,170000,35.93,35.94,35.62,35.72,304305,0
PZU,60,20230215,100000,35.85,35.85,35.54,35.67,23057,0
PZU,60,20230215,110000,35.7,35.92,35.7,35.91,31624,0
PZU,60,20230215,120000,35.93,36.12,35.9,36.03,65989,0
PZU,60,20230215,130000,36.05,36.19,35.97,36.19,67818,0
PZU,60,20230215,140000,36.18,36.19,36.06,36.09,40306,0
PZU,60,20230215,150000,36.11,36.14,35.83,35.89,67108,0
PZU,60,20230215,160000,35.89,36.05,35.82,35.9,72924,0
PZU,60,20230215,170000,35.9,36.17,35.9,36.17,344810,0
PZU,60,20230216,100000,36.11,36.19,35.9,35.95,62898,0
PZU,60,20230216,110000,35.95,35.96,35.26,35.31,205103,0
PZU,60,20230216,120000,35.3,35.52,35.26,35.5,95308,0
PZU,60,20230216,130000,35.5,35.66,35.31,35.6,101537,0
PZU,60,20230216,140000,35.6,35.89,35.57,35.75,86709,0
PZU,60,20230216,150000,35.77,35.92,35.7,35.9,135011,0
PZU,60,20230216,160000,35.88,36.16,35.75,36.11,169639,0
PZU,60,20230216,170000,36.13,36.22,36.04,36.2,468783,0
PZU,60,20230217,100000,36.09,36.27,35.74,36.27,168541,0
PZU,60,20230217,110000,36.27,36.4,36.19,36.27,147102,0
PZU,60,20230217,120000,36.29,36.34,36.08,36.33,127167,0
PZU,60,20230217,130000,36.34,36.34,36.2,36.33,94843,0
PZU,60,20230217,140000,36.31,36.45,36.28,36.35,103512,0
PZU,60,20230217,150000,36.33,36.33,36.16,36.2,126852,0
PZU,60,20230217,160000,36.2,36.28,36.12,36.15,252796,0
PZU,60,20230217,170000,36.14,36.29,36.05,36.1,306494,0
PZU,60,20230220,100000,36,36.15,35.74,35.8,55133,0
PZU,60,20230220,110000,35.78,35.83,35.63,35.8,39778,0
PZU,60,20230220,120000,35.76,35.82,35.52,35.82,183178,0
PZU,60,20230220,130000,35.83,35.88,35.72,35.88,107282,0
PZU,60,20230220,140000,35.88,35.94,35.83,35.83,119083,0
PZU,60,20230220,150000,35.87,35.9,35.77,35.81,71289,0
PZU,60,20230220,160000,35.81,35.85,35.67,35.73,126233,0
PZU,60,20230220,170000,35.73,35.73,35.6,35.72,246504,0
PZU,60,20230221,100000,35.51,35.76,35.32,35.34,109357,0
PZU,60,20230221,110000,35.34,35.38,34.91,35.27,224823,0
PZU,60,20230221,120000,35.25,35.35,35.18,35.28,49933,0
PZU,60,20230221,130000,35.3,35.31,35.15,35.15,35312,0
PZU,60,20230221,140000,35.18,35.22,35.02,35.2,74112,0
PZU,60,20230221,150000,35.18,35.4,35.08,35.36,100850,0
PZU,60,20230221,160000,35.31,35.64,35.2,35.52,88271,0
PZU,60,20230221,170000,35.51,35.65,35.31,35.59,438181,0
PZU,60,20230222,100000,35.5,35.62,35.05,35.27,132894,0
PZU,60,20230222,110000,35.24,35.39,35.15,35.24,117320,0
PZU,60,20230222,120000,35.21,35.39,35.06,35.09,167536,0
PZU,60,20230222,130000,35.11,35.16,34.91,34.93,192918,0
PZU,60,20230222,140000,34.93,35.05,34.9,34.91,80678,0
PZU,60,20230222,150000,34.91,35,34.86,34.94,75673,0
PZU,60,20230222,160000,34.94,35.08,34.92,34.97,78776,0
PZU,60,20230222,170000,34.96,35.04,34.82,35.04,234288,0
PZU,60,20230223,100000,35.04,35.49,35,35.47,100201,0
PZU,60,20230223,110000,35.49,35.62,35.38,35.5,53594,0
PZU,60,20230223,120000,35.5,35.67,35.47,35.66,72305,0
PZU,60,20230223,130000,35.68,35.75,35.54,35.69,81638,0
PZU,60,20230223,140000,35.66,35.75,35.6,35.7,86781,0
PZU,60,20230223,150000,35.7,35.91,35.7,35.83,110146,0
PZU,60,20230223,160000,35.82,35.94,35.78,35.93,121536,0
PZU,60,20230223,170000,35.92,36.06,35.84,36.01,343217,0
PZU,60,20230224,100000,36.1,36.35,35.92,36.16,123306,0
PZU,60,20230224,110000,36.19,36.21,35.99,36.13,85266,0
PZU,60,20230224,120000,36.13,36.33,36.1,36.29,84600,0
PZU,60,20230224,130000,36.31,36.35,36.2,36.28,54053,0
PZU,60,20230224,140000,36.29,36.36,36.23,36.33,100120,0
PZU,60,20230224,150000,36.32,36.45,36.13,36.2,196146,0
PZU,60,20230224,160000,36.2,36.23,35.92,36.12,121527,0
PZU,60,20230224,170000,36.15,36.26,36.03,36.21,251800,0
PZU,60,20230227,100000,36.2,36.28,35.93,36.02,66121,0
PZU,60,20230227,110000,36.02,36.08,35.87,36,65778,0
PZU,60,20230227,120000,36.01,36.18,35.93,36.13,54987,0
PZU,60,20230227,130000,36.15,36.19,36.02,36.1,63154,0
PZU,60,20230227,140000,36.09,36.18,36.04,36.08,53200,0
PZU,60,20230227,150000,36.08,36.18,36,36.17,92743,0
PZU,60,20230227,160000,36.15,36.15,36,36.08,101942,0
PZU,60,20230227,170000,36.09,36.3,36,36.19,340689,0
PZU,60,20230228,100000,36.17,36.44,36,36.35,112799,0
PZU,60,20230228,110000,36.35,36.53,36.3,36.52,118572,0
PZU,60,20230228,120000,36.51,36.55,36.4,36.48,84330,0
PZU,60,20230228,130000,36.46,36.58,36.36,36.51,133905,0
PZU,60,20230228,140000,36.5,36.55,36.36,36.46,92820,0
PZU,60,20230228,150000,36.49,36.63,36.42,36.49,141513,0
PZU,60,20230228,160000,36.49,36.51,36.37,36.37,123479,0
PZU,60,20230228,170000,36.38,36.62,36.37,36.62,913918,0
PZU,60,20230301,100000,36.65,36.78,36.51,36.76,46698,0
PZU,60,20230301,110000,36.74,36.75,36.46,36.7,34374,0
PZU,60,20230301,120000,36.71,36.81,36.4,36.54,75671,0
PZU,60,20230301,130000,36.54,36.64,36.5,36.58,34430,0
PZU,60,20230301,140000,36.57,36.88,36.55,36.76,121795,0
PZU,60,20230301,150000,36.73,36.79,36.62,36.68,182374,0
PZU,60,20230301,160000,36.69,36.76,36.66,36.73,54417,0
PZU,60,20230301,170000,36.71,36.78,36.51,36.76,346250,0
PZU,60,20230302,100000,36.55,36.55,36.23,36.43,86590,0
PZU,60,20230302,110000,36.44,36.63,36.42,36.54,85879,0
PZU,60,20230302,120000,36.52,36.52,36.28,36.45,107479,0
PZU,60,20230302,130000,36.43,36.44,36.28,36.3,77600,0
PZU,60,20230302,140000,36.3,36.33,36.17,36.24,71078,0
PZU,60,20230302,150000,36.26,36.33,36.17,36.3,56196,0
PZU,60,20230302,160000,36.32,36.38,36.15,36.19,93702,0
PZU,60,20230302,170000,36.18,36.39,36.09,36.14,288632,0
PZU,60,20230303,100000,36.31,36.37,36.03,36.27,52982,0
PZU,60,20230303,110000,36.28,36.39,36.13,36.15,15489,0
PZU,60,20230303,120000,36.15,36.3,36.13,36.24,23675,0
PZU,60,20230303,130000,36.27,36.33,36.17,36.29,17996,0
PZU,60,20230303,140000,36.3,36.31,36.15,36.19,22920,0
PZU,60,20230303,150000,36.2,36.28,36.17,36.22,32841,0
PZU,60,20230303,160000,36.24,36.39,36.24,36.36,38997,0
PZU,60,20230303,170000,36.35,36.56,36.26,36.56,195953,0
PZU,60,20230306,100000,36.66,37.12,36.61,37.07,233725,0
PZU,60,20230306,110000,37.07,37.26,37.04,37.24,327141,0
PZU,60,20230306,120000,37.23,37.35,37.15,37.18,131444,0
PZU,60,20230306,130000,37.18,37.19,36.91,36.93,74231,0
PZU,60,20230306,140000,36.94,37.13,36.94,37.12,114849,0
PZU,60,20230306,150000,37.11,37.2,37.03,37.14,112747,0
PZU,60,20230306,160000,37.15,37.37,37.05,37.32,282693,0
PZU,60,20230306,170000,37.31,37.6,37.27,37.46,737633,0
PZU,60,20230307,100000,37.42,37.42,37.15,37.25,102200,0
PZU,60,20230307,110000,37.25,37.29,37.09,37.28,118076,0
PZU,60,20230307,120000,37.28,37.48,37.24,37.31,98232,0
PZU,60,20230307,130000,37.32,37.38,37.2,37.27,62912,0
PZU,60,20230307,140000,37.27,37.29,37.19,37.29,97903,0
PZU,60,20230307,150000,37.27,37.6,37.27,37.49,151752,0
PZU,60,20230307,160000,37.48,37.5,37.38,37.42,93652,0
PZU,60,20230307,170000,37.41,37.41,37.04,37.04,382669,0
PZU,60,20230308,100000,37.05,37.13,36.75,36.98,46972,0
PZU,60,20230308,110000,36.97,36.98,36.8,36.82,32702,0
PZU,60,20230308,120000,36.84,36.86,36.77,36.83,54096,0
PZU,60,20230308,130000,36.84,36.96,36.84,36.94,50446,0
PZU,60,20230308,140000,36.94,37.09,36.92,36.94,108880,0
PZU,60,20230308,150000,36.95,37.05,36.89,37.03,105809,0
PZU,60,20230308,160000,37.02,37.12,36.81,37.12,87376,0
PZU,60,20230308,170000,37.1,37.25,37,37.13,493614,0
PZU,60,20230309,100000,37.1,37.14,36.8,36.92,43127,0
PZU,60,20230309,110000,36.89,36.89,36.68,36.73,87567,0
PZU,60,20230309,120000,36.74,36.93,36.73,36.89,45020,0
PZU,60,20230309,130000,36.89,36.94,36.83,36.91,31459,0
PZU,60,20230309,140000,36.92,36.96,36.88,36.88,28584,0
PZU,60,20230309,150000,36.9,37,36.82,36.86,57594,0
PZU,60,20230309,160000,36.87,36.89,36.71,36.72,113756,0
PZU,60,20230309,170000,36.73,36.92,36.6,36.84,440217,0
PZU,60,20230310,100000,36.5,36.58,35.88,35.88,160011,0
PZU,60,20230310,110000,35.88,36.13,35.88,36.01,87838,0
PZU,60,20230310,120000,36,36.05,35.84,35.88,72769,0
PZU,60,20230310,130000,35.88,35.94,35.8,35.87,100708,0
PZU,60,20230310,140000,35.85,35.88,35.74,35.76,127889,0
PZU,60,20230310,150000,35.76,35.87,35.64,35.85,124014,0
PZU,60,20230310,160000,35.84,35.85,35.43,35.51,131683,0
PZU,60,20230310,170000,35.54,35.68,35.5,35.63,412464,0
PZU,60,20230313,100000,35.36,36,35.09,35.18,233536,0
PZU,60,20230313,110000,35.2,35.2,34.56,34.8,319729,0
PZU,60,20230313,120000,34.82,35.06,34.69,34.99,146256,0
PZU,60,20230313,130000,34.99,35.05,34.63,34.7,84813,0
PZU,60,20230313,140000,34.65,34.8,34.55,34.63,71919,0
PZU,60,20230313,150000,34.65,34.8,34.41,34.8,115722,0
PZU,60,20230313,160000,34.8,34.89,34.5,34.81,107565,0
PZU,60,20230313,170000,34.8,35.1,34.78,34.85,410963,0
PZU,60,20230314,100000,34.84,34.84,34.26,34.32,217523,0
PZU,60,20230314,110000,34.32,34.32,33.92,33.96,224840,0
PZU,60,20230314,120000,33.95,34.05,33.82,33.93,163046,0
PZU,60,20230314,130000,33.92,33.96,33.7,33.7,119511,0
PZU,60,20230314,140000,33.71,34.21,33.71,34.1,224045,0
PZU,60,20230314,150000,34.11,34.25,34,34.18,219315,0
PZU,60,20230314,160000,34.16,34.31,33.93,33.93,248040,0
PZU,60,20230314,170000,33.96,34.16,33.92,34.1,798663,0
PZU,60,20230315,100000,34.15,34.57,34.1,34.2,149433,0
PZU,60,20230315,110000,34.21,34.32,33.72,33.82,80989,0
PZU,60,20230315,120000,33.86,33.89,33.25,33.32,153386,0
PZU,60,20230315,130000,33.31,33.56,33.21,33.35,96306,0
PZU,60,20230315,140000,33.37,33.64,33.22,33.29,93790,0
PZU,60,20230315,150000,33.29,33.32,33.02,33.08,314102,0
PZU,60,20230315,160000,33.08,33.22,32.9,33.14,253070,0
PZU,60,20230315,170000,33.14,33.26,33.08,33.18,603874,0
PZU,60,20230316,100000,33.54,33.76,32.97,33.09,247848,0
PZU,60,20230316,110000,33.09,33.17,32.8,33.06,219058,0
PZU,60,20230316,120000,33.07,33.25,32.88,32.9,231302,0
PZU,60,20230316,130000,32.88,32.98,32.4,32.58,308765,0
PZU,60,20230316,140000,32.56,32.7,32.35,32.6,145796,0
PZU,60,20230316,150000,32.64,32.68,32.15,32.57,239131,0
PZU,60,20230316,160000,32.55,32.65,32.13,32.63,184431,0
PZU,60,20230316,170000,32.64,32.94,32.51,32.92,487694,0
PZU,60,20230317,100000,33.22,33.45,32.83,32.92,263395,0
PZU,60,20230317,110000,32.99,33.25,32.97,33.13,207127,0
PZU,60,20230317,120000,33.08,33.12,32.69,32.81,172387,0
PZU,60,20230317,130000,32.81,32.81,32.38,32.5,113960,0
PZU,60,20230317,140000,32.49,32.49,32.12,32.12,130977,0
PZU,60,20230317,150000,32.15,32.23,31.88,32.02,333606,0
PZU,60,20230317,160000,32.01,32.13,31.73,31.88,465958,0
PZU,60,20230317,170000,31.88,31.92,31.62,31.73,2287124,0
PZU,60,20230320,100000,31.6,31.6,30.55,31.12,675127,0
PZU,60,20230320,110000,31.11,31.4,30.77,31.14,376164,0
PZU,60,20230320,120000,31.13,31.32,30.93,31,349993,0
PZU,60,20230320,130000,31.01,31.12,30.85,31.04,331061,0
PZU,60,20230320,140000,31.07,31.36,31.05,31.26,330877,0
PZU,60,20230320,150000,31.27,31.36,31.05,31.15,415672,0
PZU,60,20230320,160000,31.17,31.34,30.95,31.24,481575,0
PZU,60,20230320,170000,31.27,31.72,31.27,31.63,618960,0
PZU,60,20230321,100000,32.25,32.45,31.93,32.2,424834,0
PZU,60,20230321,110000,32.21,32.29,32.09,32.24,414004,0
PZU,60,20230321,120000,32.23,32.66,32.22,32.66,390878,0
PZU,60,20230321,130000,32.66,32.75,32.5,32.74,224198,0
PZU,60,20230321,140000,32.75,32.91,32.58,32.89,472504,0
PZU,60,20230321,150000,32.91,33.22,32.91,33.21,475729,0
PZU,60,20230321,160000,33.23,33.3,32.97,33.09,476053,0
PZU,60,20230321,170000,33.08,33.3,33,33.25,878280,0
PZU,60,20230322,100000,33.34,33.47,33.2,33.33,313892,0
PZU,60,20230322,110000,33.33,33.46,33.27,33.36,314609,0
PZU,60,20230322,120000,33.37,33.6,33.35,33.51,226761,0
PZU,60,20230322,130000,33.51,33.52,33.38,33.38,151951,0
PZU,60,20230322,140000,33.38,33.4,33.17,33.2,126720,0
PZU,60,20230322,150000,33.19,33.2,33.05,33.14,128655,0
PZU,60,20230322,160000,33.13,33.18,33.08,33.1,132217,0
PZU,60,20230322,170000,33.12,33.12,32.65,32.81,636122,0
PZU,60,20230323,100000,33.15,33.19,32.53,32.82,100006,0
PZU,60,20230323,110000,32.82,32.82,32.37,32.38,72612,0
PZU,60,20230323,120000,32.35,32.47,32.23,32.46,39018,0
PZU,60,20230323,130000,32.49,32.58,32.45,32.52,47128,0
PZU,60,20230323,140000,32.52,32.7,32.44,32.69,58150,0
PZU,60,20230323,150000,32.69,32.76,32.59,32.66,63349,0
PZU,60,20230323,160000,32.71,32.93,32.61,32.93,128327,0
PZU,60,20230323,170000,32.93,33.16,32.75,32.9,346581,0
PZU,60,20230324,100000,32.81,32.86,32.02,32.25,166230,0
PZU,60,20230324,110000,32.25,32.43,31.82,31.97,142835,0
PZU,60,20230324,120000,31.97,32.17,31.85,32.06,97131,0
PZU,60,20230324,130000,32.04,32.3,31.97,32.19,85503,0
PZU,60,20230324,140000,32.16,32.42,32.11,32.41,56981,0
PZU,60,20230324,150000,32.4,32.42,32.14,32.19,127619,0
PZU,60,20230324,160000,32.21,32.22,32.05,32.15,126996,0
PZU,60,20230324,170000,32.16,32.17,31.91,32,726368,0
PZU,60,20230327,100000,32.48,32.53,31.92,31.96,58022,0
PZU,60,20230327,110000,31.97,32.21,31.93,32.16,28332,0
PZU,60,20230327,120000,32.18,32.23,32.04,32.11,17110,0
PZU,60,20230327,130000,32.13,32.48,32.13,32.48,114790,0
PZU,60,20230327,140000,32.48,32.51,32.37,32.47,127684,0
PZU,60,20230327,150000,32.5,32.51,32.37,32.38,109857,0
PZU,60,20230327,160000,32.36,32.48,32.32,32.36,126828,0
PZU,60,20230327,170000,32.38,32.38,32.08,32.12,541300,0
PZU,60,20230328,100000,32.3,32.65,32.3,32.42,272360,0
PZU,60,20230328,110000,32.44,32.49,32.23,32.25,159221,0
PZU,60,20230328,120000,32.25,32.34,32.04,32.06,205261,0
PZU,60,20230328,130000,32.06,32.25,32.04,32.25,87681,0
PZU,60,20230328,140000,32.26,32.46,32.26,32.37,90834,0
PZU,60,20230328,150000,32.35,32.4,32.1,32.15,90473,0
PZU,60,20230328,160000,32.15,32.17,31.93,32.08,158268,0
PZU,60,20230328,170000,32.1,32.24,31.97,32.23,356361,0
PZU,60,20230329,100000,32.4,32.57,32.25,32.44,128846,0
PZU,60,20230329,110000,32.47,32.56,32.3,32.54,88434,0
PZU,60,20230329,120000,32.54,32.86,32.48,32.66,193120,0
PZU,60,20230329,130000,32.66,32.69,32.54,32.66,63409,0
PZU,60,20230329,140000,32.63,32.79,32.53,32.76,103677,0
PZU,60,20230329,150000,32.77,32.77,32.66,32.67,131023,0
PZU,60,20230329,160000,32.66,32.94,32.64,32.77,220237,0
PZU,60,20230329,170000,32.76,32.86,32.67,32.8,429029,0
PZU,60,20230330,100000,33.56,34.1,33.52,34.03,441649,0
PZU,60,20230330,110000,34.06,34.81,34.03,34.81,537597,0
PZU,60,20230330,120000,34.78,34.9,34.64,34.69,706570,0
PZU,60,20230330,130000,34.69,34.85,34.6,34.79,147506,0
PZU,60,20230330,140000,34.8,34.88,34.68,34.76,134334,0
PZU,60,20230330,150000,34.76,35.05,34.67,34.88,170589,0
PZU,60,20230330,160000,34.88,35.07,34.85,35.02,305371,0
PZU,60,20230330,170000,35.02,35.03,34.8,35.02,714343,0
PZU,60,20230331,100000,35.17,35.18,34.75,35.08,303221,0
PZU,60,20230331,110000,35.08,35.33,34.91,35.3,219675,0
PZU,60,20230331,120000,35.25,35.32,35.1,35.13,148686,0
PZU,60,20230331,130000,35.12,35.22,35.06,35.06,99991,0
PZU,60,20230331,140000,35.07,35.17,35.03,35.12,96216,0
PZU,60,20230331,150000,35.1,35.22,35.02,35.18,148218,0
PZU,60,20230331,160000,35.16,35.32,35.12,35.22,279109,0
PZU,60,20230331,170000,35.22,35.27,34.98,35.08,1077950,0
PZU,60,20230403,100000,35.2,35.75,35.09,35.65,294582,0
PZU,60,20230403,110000,35.65,35.76,35.4,35.64,154950,0
PZU,60,20230403,120000,35.65,35.75,35.55,35.66,128208,0
PZU,60,20230403,130000,35.69,35.71,35.47,35.5,124250,0
PZU,60,20230403,140000,35.47,35.47,35.12,35.3,200008,0
PZU,60,20230403,150000,35.32,35.32,35.1,35.13,170690,0
PZU,60,20230403,160000,35.12,35.42,34.94,35.29,343133,0
PZU,60,20230403,170000,35.32,35.32,35.11,35.2,417557,0
PZU,60,20230404,100000,35.26,35.76,35.26,35.72,145462,0
PZU,60,20230404,110000,35.72,35.94,35.71,35.84,98680,0
PZU,60,20230404,120000,35.82,36.14,35.78,36.04,167614,0
PZU,60,20230404,130000,36.07,36.34,36.06,36.34,130908,0
PZU,60,20230404,140000,36.35,36.44,36.21,36.31,141696,0
PZU,60,20230404,150000,36.32,36.58,36.2,36.5,160159,0
PZU,60,20230404,160000,36.53,36.67,36.29,36.33,517090,0
PZU,60,20230404,170000,36.34,36.4,35.96,36,421713,0
PZU,60,20230405,100000,36,36.2,35.65,36.07,149773,0
PZU,60,20230405,110000,36.08,36.11,35.85,35.95,279933,0
PZU,60,20230405,120000,35.95,36.14,35.92,36.14,61886,0
PZU,60,20230405,130000,36.12,36.12,35.74,35.8,82104,0
PZU,60,20230405,140000,35.8,35.95,35.78,35.91,90509,0
PZU,60,20230405,150000,35.9,35.92,35.61,35.83,117820,0
PZU,60,20230405,160000,35.81,36,35.79,36,107247,0
PZU,60,20230405,170000,36,36.05,35.83,36.02,411434,0
PZU,60,20230406,100000,36.12,36.32,35.7,35.86,132551,0
PZU,60,20230406,110000,35.88,35.99,35.84,35.98,61752,0
PZU,60,20230406,120000,35.99,36.05,35.92,35.99,64696,0
PZU,60,20230406,130000,35.97,36.03,35.89,36.03,81205,0
PZU,60,20230406,140000,36.05,36.2,36.03,36.2,62020,0
PZU,60,20230406,150000,36.19,36.19,36.03,36.1,66656,0
PZU,60,20230406,160000,36.11,36.2,35.98,36.16,102071,0
PZU,60,20230406,170000,36.16,36.23,35.93,36.05,256697,0
PZU,60,20230411,100000,36.3,36.4,36.01,36.36,81172,0
PZU,60,20230411,110000,36.36,36.61,36.34,36.45,147815,0
PZU,60,20230411,120000,36.47,36.66,36.4,36.62,167784,0
PZU,60,20230411,130000,36.64,36.81,36.62,36.66,154759,0
PZU,60,20230411,140000,36.62,36.67,36.47,36.53,124797,0
PZU,60,20230411,150000,36.53,36.64,36.42,36.47,142233,0
PZU,60,20230411,160000,36.46,36.64,36.24,36.31,196911,0
PZU,60,20230411,170000,36.31,36.52,36.31,36.48,573141,0
PZU,60,20230412,100000,36.59,36.68,36.33,36.65,360434,0
PZU,60,20230412,110000,36.65,36.7,36.45,36.6,109043,0
PZU,60,20230412,120000,36.58,36.64,36.53,36.62,64799,0
PZU,60,20230412,130000,36.61,36.77,36.61,36.73,98411,0
PZU,60,20230412,140000,36.72,36.81,36.64,36.66,108743,0
PZU,60,20230412,150000,36.68,36.93,36.65,36.85,182785,0
PZU,60,20230412,160000,36.85,37.08,36.76,36.95,426314,0
PZU,60,20230412,170000,36.99,37.11,36.94,37.11,766100,0
PZU,60,20230413,100000,37,37.27,36.91,37.27,210471,0
PZU,60,20230413,110000,37.27,37.37,37.01,37.09,158355,0
PZU,60,20230413,120000,37.1,37.19,37,37.1,250638,0
PZU,60,20230413,130000,37.11,37.13,36.81,36.93,192031,0
PZU,60,20230413,140000,36.93,37.23,36.89,37.08,231791,0
PZU,60,20230413,150000,37.07,37.21,37,37.08,208867,0
PZU,60,20230413,160000,37.1,37.18,37,37.11,241261,0
PZU,60,20230413,170000,37.11,37.28,37.02,37.06,740492,0
PZU,60,20230414,100000,37.1,37.24,36.99,37.06,133735,0
PZU,60,20230414,110000,37.1,37.14,36.86,36.91,92157,0
PZU,60,20230414,120000,36.91,36.91,36.67,36.76,101826,0
PZU,60,20230414,130000,36.76,36.9,36.65,36.89,101491,0
PZU,60,20230414,140000,36.87,37,36.84,36.87,99001,0
PZU,60,20230414,150000,36.87,37.09,36.87,37.02,133125,0
PZU,60,20230414,160000,37.03,37.36,37.02,37.2,606860,0
PZU,60,20230414,170000,37.2,37.24,37,37.12,366087,0
PZU,60,20230417,100000,37.09,37.17,36.9,36.97,110428,0
PZU,60,20230417,110000,36.99,37.29,36.93,37.12,216892,0
PZU,60,20230417,120000,37.1,37.35,37.08,37.32,200994,0
PZU,60,20230417,130000,37.3,37.4,37.22,37.28,146704,0
PZU,60,20230417,140000,37.28,37.3,37.2,37.22,96346,0
PZU,60,20230417,150000,37.22,37.28,37.1,37.15,142456,0
PZU,60,20230417,160000,37.17,37.26,37.06,37.21,175410,0
PZU,60,20230417,170000,37.21,37.23,37.11,37.17,477686,0
PZU,60,20230418,100000,37.17,37.23,36.92,37.17,118416,0
PZU,60,20230418,110000,37.17,37.79,37.15,37.76,599551,0
PZU,60,20230418,120000,37.75,38.08,37.72,38.03,372566,0
PZU,60,20230418,130000,38.04,38.37,38.01,38.35,240681,0
PZU,60,20230418,140000,38.36,38.36,38.15,38.27,115799,0
PZU,60,20230418,150000,38.27,38.36,38.18,38.32,195489,0
PZU,60,20230418,160000,38.32,38.38,38.21,38.21,185180,0
PZU,60,20230418,170000,38.2,38.4,38.14,38.32,620044,0
PZU,60,20230419,100000,38.32,38.47,38.17,38.25,142985,0
PZU,60,20230419,110000,38.24,38.33,38.04,38.29,211788,0
PZU,60,20230419,120000,38.3,38.31,37.97,38,122755,0
PZU,60,20230419,130000,38,38.2,37.96,38.16,245741,0
PZU,60,20230419,140000,38.2,38.56,38.13,38.53,611909,0
PZU,60,20230419,150000,38.53,38.56,38.43,38.45,240114,0
PZU,60,20230419,160000,38.46,38.68,38.38,38.4,221037,0
PZU,60,20230419,170000,38.4,38.5,38.28,38.5,320574,0
PZU,60,20230420,100000,38.4,39.21,38.39,39.16,354712,0
PZU,60,20230420,110000,39.16,39.18,39.03,39.06,113034,0
PZU,60,20230420,120000,39.05,39.15,38.88,38.88,166792,0
PZU,60,20230420,130000,38.87,38.98,38.85,38.91,133062,0
PZU,60,20230420,140000,38.91,38.95,38.58,38.66,171719,0
PZU,60,20230420,150000,38.66,38.66,38.43,38.6,315928,0
PZU,60,20230420,160000,38.6,38.75,38.5,38.59,283361,0
PZU,60,20230420,170000,38.59,38.59,38.36,38.59,610363,0
PZU,60,20230421,100000,38.45,38.74,38.3,38.71,140305,0
PZU,60,20230421,110000,38.75,39.08,38.63,38.66,210194,0
PZU,60,20230421,120000,38.66,38.78,38.56,38.7,75132,0
PZU,60,20230421,130000,38.68,38.76,38.63,38.69,68816,0
PZU,60,20230421,140000,38.71,38.72,38.33,38.36,161633,0
PZU,60,20230421,150000,38.35,38.41,38.16,38.22,120327,0
PZU,60,20230421,160000,38.23,38.46,38.2,38.38,127603,0
PZU,60,20230421,170000,38.38,38.6,38.32,38.47,473807,0
PZU,60,20230424,100000,38.47,38.5,38,38.19,75484,0
PZU,60,20230424,110000,38.19,38.36,38.03,38.03,114418,0
PZU,60,20230424,120000,38.04,38.18,38.01,38.1,106976,0
PZU,60,20230424,130000,38.12,38.14,37.87,38,131879,0
PZU,60,20230424,140000,37.99,38.16,37.91,38.14,105178,0
PZU,60,20230424,150000,38.15,38.4,38.14,38.33,109136,0
PZU,60,20230424,160000,38.36,38.7,38.3,38.66,173935,0
PZU,60,20230424,170000,38.69,38.93,38.62,38.75,396945,0
PZU,60,20230425,100000,38.75,38.75,38,38.17,110311,0
PZU,60,20230425,110000,38.17,38.21,38.08,38.14,72191,0
PZU,60,20230425,120000,38.15,38.42,38.03,38.4,129739,0
PZU,60,20230425,130000,38.4,38.63,38.31,38.49,91466,0
PZU,60,20230425,140000,38.49,38.65,38.41,38.43,64052,0
PZU,60,20230425,150000,38.44,38.6,38.35,38.59,94382,0
PZU,60,20230425,160000,38.6,38.68,38.4,38.53,125712,0
PZU,60,20230425,170000,38.53,38.59,38.25,38.31,528476,0
PZU,60,20230426,100000,38.35,38.59,37.94,38.08,238561,0
PZU,60,20230426,110000,38.07,38.3,37.94,38.08,185822,0
PZU,60,20230426,120000,38.08,38.17,37.93,37.97,222116,0
PZU,60,20230426,130000,38,38.36,37.99,38.16,271943,0
PZU,60,20230426,140000,38.2,38.32,38.13,38.29,184208,0
PZU,60,20230426,150000,38.28,38.35,38.18,38.26,182022,0
PZU,60,20230426,160000,38.28,38.43,38.21,38.34,222629,0
PZU,60,20230426,170000,38.35,38.35,37.94,38.05,410368,0
PZU,60,20230427,100000,38.2,38.48,38.1,38.45,253668,0
PZU,60,20230427,110000,38.46,38.46,38.2,38.23,128580,0
PZU,60,20230427,120000,38.23,38.24,37.94,38,308129,0
PZU,60,20230427,130000,38,38.07,37.84,38.07,116099,0
PZU,60,20230427,140000,38.06,38.13,37.94,38.04,98327,0
PZU,60,20230427,150000,38.04,38.29,37.99,38.25,135245,0
PZU,60,20230427,160000,38.26,38.33,38.22,38.3,127737,0
PZU,60,20230427,170000,38.3,38.75,38.3,38.68,887108,0
PZU,60,20230428,100000,38.84,39.1,38.53,38.68,228615,0
PZU,60,20230428,110000,38.68,38.68,38.15,38.31,238130,0
PZU,60,20230428,120000,38.29,38.48,38.16,38.42,173079,0
PZU,60,20230428,130000,38.42,38.55,38.34,38.41,168329,0
PZU,60,20230428,140000,38.41,38.44,38.22,38.41,290497,0
PZU,60,20230428,150000,38.42,38.42,37.99,37.99,285177,0
PZU,60,20230428,160000,37.99,38.25,37.97,38.21,261927,0
PZU,60,20230428,170000,38.24,38.36,38.01,38.3,655117,0
PZU,60,20230502,100000,38.29,39.09,38.25,38.65,372791,0
PZU,60,20230502,110000,38.65,38.73,38.49,38.58,196418,0
PZU,60,20230502,120000,38.6,38.99,38.57,38.99,151854,0
PZU,60,20230502,130000,38.96,38.98,38.84,38.95,91900,0
PZU,60,20230502,140000,38.95,39.04,38.92,38.96,159738,0
PZU,60,20230502,150000,38.95,39.08,38.91,38.98,207497,0
PZU,60,20230502,160000,38.98,39.11,38.89,38.98,195282,0
PZU,60,20230502,170000,39,39.02,38.5,38.57,444727,0
PZU,60,20230504,100000,38.5,38.56,38.11,38.42,506837,0
PZU,60,20230504,110000,38.44,38.83,38.27,38.76,285513,0
PZU,60,20230504,120000,38.77,38.8,38.55,38.6,106593,0
PZU,60,20230504,130000,38.61,38.67,38.35,38.47,116221,0
PZU,60,20230504,140000,38.48,38.48,38.23,38.26,132685,0
PZU,60,20230504,150000,38.27,38.41,38.16,38.27,155689,0
PZU,60,20230504,160000,38.29,38.39,38.14,38.22,160392,0
PZU,60,20230504,170000,38.22,38.3,37.85,38.06,450289,0
PZU,60,20230505,100000,38.4,38.9,38.4,38.8,253477,0
PZU,60,20230505,110000,38.77,39.02,38.67,38.94,288980,0
PZU,60,20230505,120000,38.99,39.02,38.8,38.97,109932,0
PZU,60,20230505,130000,38.96,39.16,38.96,39.05,144080,0
PZU,60,20230505,140000,39.05,39.05,38.86,38.86,61454,0
PZU,60,20230505,150000,38.88,39.14,38.87,39.05,234460,0
PZU,60,20230505,160000,39.09,39.4,39.06,39.21,345332,0
PZU,60,20230505,170000,39.22,39.38,39.14,39.33,375712,0
PZU,60,20230508,100000,39.4,39.47,39,39.47,123058,0
PZU,60,20230508,110000,39.45,39.68,39.42,39.57,149811,0
PZU,60,20230508,120000,39.53,39.9,39.53,39.79,184156,0
PZU,60,20230508,130000,39.79,39.9,39.68,39.82,79143,0
PZU,60,20230508,140000,39.8,39.84,39.6,39.63,66060,0
PZU,60,20230508,150000,39.63,39.71,39.47,39.49,78567,0
PZU,60,20230508,160000,39.48,39.51,39.24,39.35,84129,0
PZU,60,20230508,170000,39.35,39.4,39.24,39.4,182841,0
PZU,60,20230509,100000,39.2,39.36,38.96,39.1,99807,0
PZU,60,20230509,110000,39.1,39.35,39.07,39.31,209998,0
PZU,60,20230509,120000,39.33,39.38,39,39.2,105592,0
PZU,60,20230509,130000,39.22,39.4,39.16,39.29,187773,0
PZU,60,20230509,140000,39.29,39.34,39.11,39.14,83270,0
PZU,60,20230509,150000,39.13,39.25,39.06,39.12,138350,0
PZU,60,20230509,160000,39.13,39.44,39.07,39.42,308446,0
PZU,60,20230509,170000,39.43,39.48,39.24,39.45,532911,0
PZU,60,20230510,100000,39.45,39.51,39.24,39.3,95487,0
PZU,60,20230510,110000,39.24,39.29,39.06,39.22,123464,0
PZU,60,20230510,120000,39.2,39.35,39.13,39.32,110477,0
PZU,60,20230510,130000,39.31,39.33,39.1,39.12,145037,0
PZU,60,20230510,140000,39.13,39.3,39.09,39.26,107214,0
PZU,60,20230510,150000,39.28,39.7,39.15,39.69,313429,0
PZU,60,20230510,160000,39.69,39.92,39.26,39.4,397809,0
PZU,60,20230510,170000,39.39,39.54,39.32,39.52,559417,0
PZU,60,20230511,100000,39.8,39.8,39.35,39.56,79843,0
PZU,60,20230511,110000,39.58,39.73,39.56,39.58,179804,0
PZU,60,20230511,120000,39.55,39.65,39.4,39.55,151113,0
PZU,60,20230511,130000,39.56,39.63,39.39,39.39,96553,0
PZU,60,20230511,140000,39.36,39.45,39.21,39.34,100183,0
PZU,60,20230511,150000,39.34,39.47,38.9,38.98,621100,0
PZU,60,20230511,160000,38.96,38.96,38.46,38.49,348760,0
PZU,60,20230511,170000,38.5,38.85,38.49,38.79,513839,0
PZU,60,20230512,100000,39,39.41,38.86,39.29,142653,0
PZU,60,20230512,110000,39.28,39.5,39.2,39.45,110283,0
PZU,60,20230512,120000,39.47,39.75,39.4,39.66,206930,0
PZU,60,20230512,130000,39.7,39.7,39.39,39.57,132932,0
PZU,60,20230512,140000,39.58,39.7,39.55,39.64,123332,0
PZU,60,20230512,150000,39.64,39.8,39.57,39.64,226035,0
PZU,60,20230512,160000,39.65,39.68,39.48,39.56,271819,0
PZU,60,20230512,170000,39.56,39.6,39.35,39.45,679922,0
PZU,60,20230515,100000,39.65,39.66,39.37,39.49,38998,0
PZU,60,20230515,110000,39.51,39.51,39.12,39.2,42974,0
PZU,60,20230515,120000,39.2,39.48,39.19,39.48,61395,0
PZU,60,20230515,130000,39.48,39.51,39.3,39.49,188867,0
PZU,60,20230515,140000,39.47,39.49,39.2,39.2,85205,0
PZU,60,20230515,150000,39.2,39.3,39.1,39.24,179025,0
PZU,60,20230515,160000,39.22,39.22,38.9,39.02,252437,0
PZU,60,20230515,170000,39.02,39.23,38.96,39.23,447179,0
PZU,60,20230516,100000,39.05,39.77,39,39.69,273803,0
PZU,60,20230516,110000,39.69,39.88,39.61,39.7,213033,0
PZU,60,20230516,120000,39.7,39.79,39.66,39.74,125914,0
PZU,60,20230516,130000,39.74,39.74,39.58,39.66,113238,0
PZU,60,20230516,140000,39.68,39.7,39.56,39.67,101463,0
PZU,60,20230516,150000,39.67,39.7,39.55,39.6,146583,0
PZU,60,20230516,160000,39.6,39.71,39.45,39.65,254212,0
PZU,60,20230516,170000,39.64,39.78,39.48,39.66,410573,0
PZU,60,20230517,100000,39.6,39.6,39.12,39.55,148141,0
PZU,60,20230517,110000,39.55,39.64,39.47,39.61,60432,0
PZU,60,20230517,120000,39.6,39.66,39.45,39.63,105627,0
PZU,60,20230517,130000,39.66,39.66,39.38,39.41,127980,0
PZU,60,20230517,140000,39.42,39.78,39.41,39.77,156679,0
PZU,60,20230517,150000,39.79,39.94,39.73,39.86,427511,0
PZU,60,20230517,160000,39.84,39.86,39.64,39.74,123857,0
PZU,60,20230517,170000,39.73,39.84,39.61,39.65,390767,0
PZU,60,20230518,100000,39.85,40.28,39.84,40.17,509979,0
PZU,60,20230518,110000,40.16,40.18,39.87,39.9,92632,0
PZU,60,20230518,120000,39.91,40.1,39.8,40.05,164094,0
PZU,60,20230518,130000,40.05,40.19,40.03,40.18,122151,0
PZU,60,20230518,140000,40.18,40.24,40.05,40.12,122862,0
PZU,60,20230518,150000,40.12,40.12,39.9,39.9,90304,0
PZU,60,20230518,160000,39.9,39.99,39.79,39.85,112018,0
PZU,60,20230518,170000,39.87,40.02,39.85,40.02,260241,0
PZU,60,20230519,100000,40.06,40.21,39.85,39.93,204597,0
PZU,60,20230519,110000,39.91,40.15,39.91,40.06,163515,0
PZU,60,20230519,120000,40.06,40.23,40.02,40.04,157368,0
PZU,60,20230519,130000,40.03,40.03,39.9,39.94,52433,0
PZU,60,20230519,140000,39.94,40.03,39.87,40,99788,0
PZU,60,20230519,150000,40,40.07,39.92,40.02,112413,0
PZU,60,20230519,160000,40.04,40.24,39.9,40.23,319090,0
PZU,60,20230519,170000,40.23,40.59,40.19,40.54,801015,0
PZU,60,20230522,100000,40.5,40.83,40.35,40.77,118161,0
PZU,60,20230522,110000,40.77,41.09,40.71,40.96,242868,0
PZU,60,20230522,120000,40.97,40.98,40.73,40.9,171222,0
PZU,60,20230522,130000,40.9,40.9,40.63,40.69,277672,0
PZU,60,20230522,140000,40.69,40.72,40.46,40.53,385190,0
PZU,60,20230522,150000,40.47,40.64,40.39,40.58,243944,0
PZU,60,20230522,160000,40.55,40.8,40.53,40.63,150956,0
PZU,60,20230522,170000,40.63,40.66,40.49,40.6,515842,0
PZU,60,20230523,100000,40.6,41.3,40.54,41.19,403187,0
PZU,60,20230523,110000,41.2,41.3,40.98,41.23,252985,0
PZU,60,20230523,120000,41.23,41.24,40.93,40.93,206121,0
PZU,60,20230523,130000,40.96,41.02,40.66,40.93,162861,0
PZU,60,20230523,140000,40.92,41.01,40.82,40.88,119611,0
PZU,60,20230523,150000,40.9,41.16,40.9,41.13,139734,0
PZU,60,20230523,160000,41.15,41.23,41,41.15,180250,0
PZU,60,20230523,170000,41.15,41.25,40.93,40.96,498400,0
PZU,60,20230524,100000,40.97,41.3,40.71,40.83,172910,0
PZU,60,20230524,110000,40.85,40.92,40.68,40.84,116094,0
PZU,60,20230524,120000,40.84,40.89,40.39,40.47,144107,0
PZU,60,20230524,130000,40.49,40.9,40.44,40.9,120649,0
PZU,60,20230524,140000,40.9,40.93,40.74,40.81,164503,0
PZU,60,20230524,150000,40.83,40.87,40.62,40.62,100379,0
PZU,60,20230524,160000,40.6,40.66,40.37,40.46,265900,0
PZU,60,20230524,170000,40.44,40.49,40.33,40.4,556596,0
PZU,60,20230525,100000,40.49,40.87,40.16,40.37,126229,0
PZU,60,20230525,110000,40.4,40.6,40.32,40.36,64056,0
PZU,60,20230525,120000,40.36,40.61,40.35,40.4,171377,0
PZU,60,20230525,130000,40.38,40.39,40.12,40.15,59216,0
PZU,60,20230525,140000,40.15,40.23,39.9,40.23,205852,0
PZU,60,20230525,150000,40.21,40.3,40,40.18,153452,0
PZU,60,20230525,160000,40.22,40.52,40.15,40.45,141860,0
PZU,60,20230525,170000,40.43,40.5,40.19,40.37,448011,0
PZU,60,20230526,100000,40.3,40.52,40,40.33,118649,0
PZU,60,20230526,110000,40.3,40.6,40.3,40.5,47269,0
PZU,60,20230526,120000,40.44,40.49,40.26,40.43,77020,0
PZU,60,20230526,130000,40.41,40.68,40.38,40.57,41540,0
PZU,60,20230526,140000,40.57,40.79,40.53,40.77,99847,0
PZU,60,20230526,150000,40.77,40.88,40.67,40.81,130826,0
PZU,60,20230526,160000,40.85,40.92,40.75,40.88,93977,0
PZU,60,20230526,170000,40.88,41.15,40.84,40.98,291851,0
PZU,60,20230529,100000,40.88,41.05,40.61,40.61,36106,0
PZU,60,20230529,110000,40.66,40.87,40.66,40.69,46946,0
PZU,60,20230529,120000,40.69,40.77,40.45,40.61,73940,0
PZU,60,20230529,130000,40.59,40.69,40.54,40.62,33891,0
PZU,60,20230529,140000,40.62,40.89,40.55,40.86,48725,0
PZU,60,20230529,150000,40.84,40.85,40.65,40.66,34449,0
PZU,60,20230529,160000,40.67,40.71,40.53,40.55,41670,0
PZU,60,20230529,170000,40.52,40.58,40.4,40.48,112011,0
PZU,60,20230530,100000,40.32,40.41,40.09,40.31,128120,0
PZU,60,20230530,110000,40.34,40.48,40.1,40.25,505920,0
PZU,60,20230530,120000,40.26,40.35,40.21,40.22,154831,0
PZU,60,20230530,130000,40.21,40.25,40.11,40.25,129845,0
PZU,60,20230530,140000,40.22,40.37,40.17,40.37,155882,0
PZU,60,20230530,150000,40.38,40.38,40.19,40.21,126930,0
PZU,60,20230530,160000,40.22,40.32,40.15,40.18,163301,0
PZU,60,20230530,170000,40.19,40.21,39.82,40.08,407386,0
PZU,60,20230531,100000,39.6,39.71,38.92,39.06,295972,0
PZU,60,20230531,110000,39.06,39.11,38.96,39.02,248480,0
PZU,60,20230531,120000,39.03,39.23,38.95,39.1,199937,0
PZU,60,20230531,130000,39.11,39.42,39.07,39.32,177867,0
PZU,60,20230531,140000,39.3,39.5,39.24,39.29,149484,0
PZU,60,20230531,150000,39.26,39.27,39.03,39.09,156860,0
PZU,60,20230531,160000,39.1,39.2,39,39,183167,0
PZU,60,20230531,170000,38.99,39.02,38.41,38.58,2543309,0
