<TICKER>,<PER>,<DATE>,<TIME>,<OPEN>,<HIGH>,<LOW>,<CLOSE>,<VOL>,<OPENINT>
SPL,60,20220804,100000,235,235.2,232,232,872,0
SPL,60,20220804,110000,232,232.2,229.4,230,1353,0
SPL,60,20220804,120000,231,231,228.4,229.6,1926,0
SPL,60,20220804,130000,229.6,234.2,228,233.6,6405,0
SPL,60,20220804,140000,233.4,235.8,232.2,235,6770,0
SPL,60,20220804,150000,235,236.6,235,235.6,7834,0
SPL,60,20220804,160000,235.4,237.4,234.4,237,12815,0
SPL,60,20220804,170000,237.4,238.6,235.2,236.6,29032,0
SPL,60,20220805,100000,234.8,236.8,234,236.2,4031,0
SPL,60,20220805,110000,236,237.2,234,234.2,6198,0
SPL,60,20220805,120000,234.4,235,231,232,3730,0
SPL,60,20220805,130000,232,232.8,231.2,231.2,4398,0
SPL,60,20220805,140000,231.2,231.4,230,230.6,3704,0
SPL,60,20220805,150000,230.4,231,224.2,225,9737,0
SPL,60,20220805,160000,225,226.4,224.2,225.6,11043,0
SPL,60,20220805,170000,225.8,229.6,225.8,226.4,31050,0
SPL,60,20220808,100000,229,229.6,226.6,227.6,3211,0
SPL,60,20220808,110000,227.2,227.2,224.4,225.6,6266,0
SPL,60,20220808,120000,225.4,230.8,225,230.8,8157,0
SPL,60,20220808,130000,229.8,231.4,229.4,230,19662,0
SPL,60,20220808,140000,229.8,231,229.4,230.4,31286,0
SPL,60,20220808,150000,230.4,234.4,229.8,234.4,56488,0
SPL,60,20220808,160000,234.8,237.8,234,234,18560,0
SPL,60,20220808,170000,233.6,235,232.8,235,47828,0
SPL,60,20220809,100000,234.8,237.8,234.2,235,9113,0
SPL,60,20220809,110000,235,236.8,233.6,235.6,3601,0
SPL,60,20220809,120000,236,241.4,235.6,239.2,14987,0
SPL,60,20220809,130000,239.2,241.2,239,241,10570,0
SPL,60,20220809,140000,241,241.4,237.4,238,9486,0
SPL,60,20220809,150000,238,240,237.8,237.8,5682,0
SPL,60,20220809,160000,237.6,237.6,235.8,237.4,12394,0
SPL,60,20220809,170000,237.2,237.2,234.4,234.6,18615,0
SPL,60,20220810,100000,233.2,236,228,229.2,5895,0
SPL,60,20220810,110000,229.4,230.2,227,230,5551,0
SPL,60,20220810,120000,229.8,230.2,229.4,229.6,2153,0
SPL,60,20220810,130000,229.4,229.8,229.4,229.8,4833,0
SPL,60,20220810,140000,229.4,230.6,229.4,230,3897,0
SPL,60,20220810,150000,230.2,235.2,230.2,235,7758,0
SPL,60,20220810,160000,235.2,235.8,233.8,235.8,9491,0
SPL,60,20220810,170000,236,237,235,236.8,15662,0
SPL,60,20220811,100000,240,240,235.8,237,2697,0
SPL,60,20220811,110000,237.8,239.6,236.8,238.8,1615,0
SPL,60,20220811,120000,239,239.4,237.8,239.2,1730,0
SPL,60,20220811,130000,239.6,241,239.2,240.2,5832,0
SPL,60,20220811,140000,240,241.6,240,241.6,4614,0
SPL,60,20220811,150000,241.6,242,239.8,241.2,7441,0
SPL,60,20220811,160000,241.2,241.6,239.2,241.2,7112,0
SPL,60,20220811,170000,240.8,242.2,239.2,241.6,20898,0
SPL,60,20220812,100000,240.2,244.6,240,244.6,2852,0
SPL,60,20220812,110000,243.4,246.2,243,244.6,4602,0
SPL,60,20220812,120000,244.8,246.6,244,245,3328,0
SPL,60,20220812,130000,245,246,244.4,245.8,1762,0
SPL,60,20220812,140000,245.8,246,244,245.8,1822,0
SPL,60,20220812,150000,245.8,247,245.2,246.6,1909,0
SPL,60,20220812,160000,246.6,247,245.8,246.6,1541,0
SPL,60,20220812,170000,246.6,247.4,245.2,247.2,8311,0
SPL,60,20220816,100000,249,249.2,244,248.8,3072,0
SPL,60,20220816,110000,248.8,256.4,248.6,255,8493,0
SPL,60,20220816,120000,255,255.6,250,251.2,5917,0
SPL,60,20220816,130000,251.4,253.4,251.2,252,3727,0
SPL,60,20220816,140000,252.2,253.4,251,252.6,5910,0
SPL,60,20220816,150000,252.4,253.4,249.4,250.4,6836,0
SPL,60,20220816,160000,250.2,251.8,249,250.4,6760,0
SPL,60,20220816,170000,250.2,252,245.8,248.8,30358,0
SPL,60,20220817,100000,244.8,248,242,242.8,2345,0
SPL,60,20220817,110000,242,243,238.8,241,3880,0
SPL,60,20220817,120000,241,241,238,239.2,16291,0
SPL,60,20220817,130000,238.6,239,238,238.6,4435,0
SPL,60,20220817,140000,238.8,239.2,236.4,237.2,5292,0
SPL,60,20220817,150000,237.2,238.2,235,235.4,6143,0
SPL,60,20220817,160000,235.4,237.4,234.4,237,6895,0
SPL,60,20220817,170000,236.8,237.8,233.8,235.2,16643,0
SPL,60,20220818,100000,238.2,238.2,232.2,233.2,2228,0
SPL,60,20220818,110000,233.6,235.4,233,234.4,1842,0
SPL,60,20220818,120000,235,241.6,235,240.8,10132,0
SPL,60,20220818,130000,241,242.2,241,242.2,4025,0
SPL,60,20220818,140000,242,243.4,242,243.4,6387,0
SPL,60,20220818,150000,243,245,242.6,244.4,4836,0
SPL,60,20220818,160000,243.8,244.8,243,243,3971,0
SPL,60,20220818,170000,243.2,245.6,242.6,244.4,10355,0
SPL,60,20220819,100000,244.2,244.2,239.8,239.8,3498,0
SPL,60,20220819,110000,240,241.6,236.8,240.6,8555,0
SPL,60,20220819,120000,239.8,244,239.2,243.4,5284,0
SPL,60,20220819,130000,243,245.2,241,243.2,5415,0
SPL,60,20220819,140000,243.8,246.4,242.6,243.8,8637,0
SPL,60,20220819,150000,243.8,244,242.6,244,9486,0
SPL,60,20220819,160000,243.4,244,239.8,241.8,9540,0
SPL,60,20220819,170000,241.6,243.8,240.6,241,10761,0
SPL,60,20220822,100000,238.6,242.4,237,237.8,4460,0
SPL,60,20220822,110000,237.8,237.8,234,236.2,5021,0
SPL,60,20220822,120000,235.4,236.4,234,236,4119,0
SPL,60,20220822,130000,236.4,238.6,236.4,238.4,3942,0
SPL,60,20220822,140000,238,239.4,237.4,237.6,3178,0
SPL,60,20220822,150000,238,238.2,236,236.8,5089,0
SPL,60,20220822,160000,236.8,236.8,236,236,7508,0
SPL,60,20220822,170000,236,237.2,235.8,236,14911,0
SPL,60,20220823,100000,234.4,239.4,233.8,238.8,1818,0
SPL,60,20220823,110000,238.2,238.6,235.6,237.8,4088,0
SPL,60,20220823,120000,237.8,238,235.6,236.2,4145,0
SPL,60,20220823,130000,236.2,236.4,233.6,234.6,5316,0
SPL,60,20220823,140000,234.8,235.4,234,234.6,2035,0
SPL,60,20220823,150000,234.6,235.6,233.2,233.2,3310,0
SPL,60,20220823,160000,233.6,236.4,233,235,4628,0
SPL,60,20220823,170000,235,236.4,233,233,24869,0
SPL,60,20220824,100000,232.6,232.8,225.8,228.6,3599,0
SPL,60,20220824,110000,227.8,233,227.8,233,5031,0
SPL,60,20220824,120000,232.8,233.4,230.8,231.8,1998,0
SPL,60,20220824,130000,231.6,231.8,230.2,230.8,1661,0
SPL,60,20220824,140000,231,232,230.6,231.6,1899,0
SPL,60,20220824,150000,231.4,232,228.8,230,3019,0
SPL,60,20220824,160000,229.4,229.8,227,227,2073,0
SPL,60,20220824,170000,227.2,228.2,226.2,227.6,10075,0
SPL,60,20220825,100000,230.4,233.6,229.6,233.2,2548,0
SPL,60,20220825,110000,233.4,235,232.8,234.6,1984,0
SPL,60,20220825,120000,234.6,234.8,234,234,11951,0
SPL,60,20220825,130000,234,235,233.2,235,3055,0
SPL,60,20220825,140000,235,236,232,233,5258,0
SPL,60,20220825,150000,233.2,233.8,231.4,231.4,2559,0
SPL,60,20220825,160000,231.6,232.4,229.6,231.6,3154,0
SPL,60,20220825,170000,231.4,233.6,231.2,233,7524,0
SPL,60,20220826,100000,229,233.4,229,231.6,1029,0
SPL,60,20220826,110000,231,231,228.2,229.2,1470,0
SPL,60,20220826,120000,229.6,231.4,229.6,229.6,2410,0
SPL,60,20220826,130000,229.6,230,228.6,229,1797,0
SPL,60,20220826,140000,228.6,230.6,228.6,230.2,941,0
SPL,60,20220826,150000,230.2,231.4,229.2,230.2,1629,0
SPL,60,20220826,160000,230.4,232.8,228.8,231.4,5178,0
SPL,60,20220826,170000,231,231,226.2,227.6,8339,0
SPL,60,20220829,100000,224,224,220.4,223.2,4342,0
SPL,60,20220829,110000,223.8,225.2,221.2,222.6,1892,0
SPL,60,20220829,120000,221.6,222.4,220.4,221.4,2628,0
SPL,60,20220829,130000,221,222,220,220.4,1504,0
SPL,60,20220829,140000,220,221.4,219,221.2,2868,0
SPL,60,20220829,150000,221.2,221.6,220.6,221.4,1585,0
SPL,60,20220829,160000,221,222,220.6,221.4,4719,0
SPL,60,20220829,170000,221.2,222.2,220.2,220.2,12224,0
SPL,60,20220830,100000,222,224,218,221,3760,0
SPL,60,20220830,110000,220.8,221.2,219,219,1601,0
SPL,60,20220830,120000,219,219.8,218.4,218.8,4900,0
SPL,60,20220830,130000,218.8,220,218.2,220,5798,0
SPL,60,20220830,140000,220,220.6,218,218.2,5234,0
SPL,60,20220830,150000,218,218,213.4,214,5556,0
SPL,60,20220830,160000,213.6,215.6,213,215.6,12279,0
SPL,60,20220830,170000,215.8,217,215,215,26093,0
SPL,60,20220831,100000,219.4,220,214,215,2989,0
SPL,60,20220831,110000,214.8,215.8,212.8,215.4,4549,0
SPL,60,20220831,120000,214.6,215.8,214,215,13089,0
SPL,60,20220831,130000,215.2,217,215,216,2474,0
SPL,60,20220831,140000,216,216.6,215,215,5702,0
SPL,60,20220831,150000,215,217.8,214.8,216,5159,0
SPL,60,20220831,160000,216,216.2,214.2,214.2,4641,0
SPL,60,20220831,170000,214.2,215.8,213.8,214.2,63962,0
SPL,60,20220901,100000,212.6,213,208.2,209,8573,0
SPL,60,20220901,110000,209.6,210.2,205.8,206.6,5267,0
SPL,60,20220901,120000,206.8,209,206.4,207.2,2597,0
SPL,60,20220901,130000,207.2,208.6,207,208.2,3613,0
SPL,60,20220901,140000,208,208.4,206.4,206.4,15460,0
SPL,60,20220901,150000,206.8,207.6,206,206.4,4596,0
SPL,60,20220901,160000,206.2,207.4,205.6,206.8,5392,0
SPL,60,20220901,170000,206.8,207.2,205,205,27109,0
SPL,60,20220902,100000,208,208,204.2,205.4,19135,0
SPL,60,20220902,110000,204.8,209,204.8,208,13580,0
SPL,60,20220902,120000,208.6,209.4,207.2,208,11174,0
SPL,60,20220902,130000,208.2,208.6,207,207.8,29454,0
SPL,60,20220902,140000,208.2,209,207.2,208.4,6045,0
SPL,60,20220902,150000,208,209,206.6,207.6,6316,0
SPL,60,20220902,160000,208,209,207,208,3427,0
SPL,60,20220902,170000,208.4,212.2,207.6,212.2,34832,0
SPL,60,20220905,100000,207,209,205.6,208.2,5013,0
SPL,60,20220905,110000,208,208.8,207.4,208,3012,0
SPL,60,20220905,120000,208,209.2,207.6,209.2,5955,0
SPL,60,20220905,130000,209,210,208.4,208.4,1931,0
SPL,60,20220905,140000,208.4,209.6,208.2,208.8,1916,0
SPL,60,20220905,150000,209,210,208.8,210,1479,0
SPL,60,20220905,160000,210,210,208.4,208.6,6064,0
SPL,60,20220905,170000,208.6,210,208.4,209,16770,0
SPL,60,20220906,100000,210,211.8,206.6,207,2004,0
SPL,60,20220906,110000,206.2,206.2,204.2,205,2351,0
SPL,60,20220906,120000,205.6,208.6,204.4,208,4925,0
SPL,60,20220906,130000,207.6,209.4,207,207,5450,0
SPL,60,20220906,140000,207.4,208.6,207,208.6,2329,0
SPL,60,20220906,150000,208.2,208.8,207.6,208.2,3589,0
SPL,60,20220906,160000,208,208.8,206.2,206.6,7325,0
SPL,60,20220906,170000,206.6,208.8,206,208,30411,0
SPL,60,20220907,100000,203,206.6,201.4,202.6,6906,0
SPL,60,20220907,110000,202.6,206.6,202.6,204.8,5180,0
SPL,60,20220907,120000,204.6,205.6,203,205.2,3953,0
SPL,60,20220907,130000,205.8,206.2,204.4,204.6,3527,0
SPL,60,20220907,140000,204.4,206,204.2,204.6,4476,0
SPL,60,20220907,150000,204.6,206.4,204.4,205.8,5735,0
SPL,60,20220907,160000,205.8,206.8,205.2,205.8,9085,0
SPL,60,20220907,170000,205.2,209.2,205.2,206.4,21690,0
SPL,60,20220908,100000,212.8,212.8,209.8,211.6,42757,0
SPL,60,20220908,110000,212,214.2,211.8,212.2,11803,0
SPL,60,20220908,120000,212.2,213,210.4,211.6,26010,0
SPL,60,20220908,130000,211.4,212,210.6,211.4,6657,0
SPL,60,20220908,140000,211.6,211.6,210.2,211,11534,0
SPL,60,20220908,150000,210.8,213,210,211.6,16419,0
SPL,60,20220908,160000,212,212.8,210.4,211,39237,0
SPL,60,20220908,170000,210.6,211.4,209.2,210,59056,0
SPL,60,20220909,100000,219,219,212.8,213.8,52954,0
SPL,60,20220909,110000,214.6,215.2,213.6,215,29593,0
SPL,60,20220909,120000,215,215,213.4,214.2,12359,0
SPL,60,20220909,130000,214,214.8,214,214.8,22859,0
SPL,60,20220909,140000,214.8,217.6,214.2,215,12172,0
SPL,60,20220909,150000,215,217.4,215,215.4,12442,0
SPL,60,20220909,160000,215.6,216.4,214,216,37495,0
SPL,60,20220909,170000,216,218,214.6,217,94111,0
SPL,60,20220912,100000,218.4,219.4,214.2,219.4,17736,0
SPL,60,20220912,110000,219.6,223,219.6,221.6,5822,0
SPL,60,20220912,120000,222,222.4,217.4,217.4,12948,0
SPL,60,20220912,130000,217.4,219.2,217.2,217.6,5080,0
SPL,60,20220912,140000,217.6,219.8,216.8,217.8,7630,0
SPL,60,20220912,150000,218,218.8,217,218.6,24233,0
SPL,60,20220912,160000,218.6,222.6,218.6,220.4,13658,0
SPL,60,20220912,170000,221,224,219,223.8,35161,0
SPL,60,20220913,100000,224.2,225.2,221.6,224.4,3914,0
SPL,60,20220913,110000,224.4,225.4,223.4,224.4,2234,0
SPL,60,20220913,120000,224.6,225.6,223.6,224.8,3211,0
SPL,60,20220913,130000,224.8,225.6,224.2,225.4,2538,0
SPL,60,20220913,140000,225.2,225.6,224.2,225,2431,0
SPL,60,20220913,150000,224.6,225.4,220.2,221.2,12167,0
SPL,60,20220913,160000,220.8,223,219.2,223,25014,0
SPL,60,20220913,170000,222.2,223.4,220,222,14154,0
SPL,60,20220914,100000,221.2,223.6,218,223.6,4269,0
SPL,60,20220914,110000,223.4,223.8,220.6,221,2664,0
SPL,60,20220914,120000,221,221.4,218.4,219.8,4024,0
SPL,60,20220914,130000,219.2,220.8,219.2,220.4,1823,0
SPL,60,20220914,140000,220.4,220.4,217.4,217.4,8869,0
SPL,60,20220914,150000,217.4,220.4,217.2,219.8,5675,0
SPL,60,20220914,160000,219.8,220.6,217.2,217.8,6918,0
SPL,60,20220914,170000,218.4,223.8,218,222.2,27693,0
SPL,60,20220915,100000,222,226.4,219,225.4,4597,0
SPL,60,20220915,110000,225.4,226,221.6,225.4,6909,0
SPL,60,20220915,120000,225,226.8,225,225.8,5315,0
SPL,60,20220915,130000,225.8,226.8,224.4,225.4,3512,0
SPL,60,20220915,140000,225.6,225.8,224.6,225,2181,0
SPL,60,20220915,150000,225,225.2,222.2,223.6,5545,0
SPL,60,20220915,160000,223.6,224,221,224,10411,0
SPL,60,20220915,170000,224,226.8,223.8,224.4,26339,0
SPL,60,20220916,100000,220,226,219.2,219.4,7600,0
SPL,60,20220916,110000,219.4,221,218,218,4706,0
SPL,60,20220916,120000,218.6,218.8,217.2,217.2,2270,0
SPL,60,20220916,130000,217,218.4,216.4,217,4199,0
SPL,60,20220916,140000,217,217.4,215.2,216,3670,0
SPL,60,20220916,150000,216,216,214,214.4,3923,0
SPL,60,20220916,160000,214.4,214.8,211.4,212.6,28058,0
SPL,60,20220916,170000,212.6,215.4,212,213.2,158409,0
SPL,60,20220919,100000,210.6,216.6,210.6,215.8,2139,0
SPL,60,20220919,110000,216,219,215.4,216.8,6304,0
SPL,60,20220919,120000,216.8,218.8,216.6,217.4,4554,0
SPL,60,20220919,130000,218,220,216.6,220,3512,0
SPL,60,20220919,140000,220.2,220.6,218.4,218.6,1710,0
SPL,60,20220919,150000,218.8,221.4,218.8,220.4,4223,0
SPL,60,20220919,160000,220.6,222,220.2,220.8,4890,0
SPL,60,20220919,170000,220.2,221.8,220,221.4,11013,0
SPL,60,20220920,100000,221,225.8,221,223.6,6148,0
SPL,60,20220920,110000,223.4,223.4,220.4,221.2,3536,0
SPL,60,20220920,120000,221.4,221.4,219.8,219.8,3857,0
SPL,60,20220920,130000,219.8,220.6,218.6,219.8,4169,0
SPL,60,20220920,140000,220,222.4,219.6,219.6,6399,0
SPL,60,20220920,150000,219.6,220.4,217,217.2,3293,0
SPL,60,20220920,160000,217,217.6,215.4,216.2,7596,0
SPL,60,20220920,170000,216.2,217,214.6,215.8,28734,0
SPL,60,20220921,100000,212,214.2,210.2,212,13254,0
SPL,60,20220921,110000,211.8,211.8,209.2,210.2,4706,0
SPL,60,20220921,120000,210.2,211.8,207.6,211.8,7731,0
SPL,60,20220921,130000,211.8,214.6,210.6,214.6,7858,0
SPL,60,20220921,140000,213.6,213.8,211.6,212.2,2625,0
SPL,60,20220921,150000,212.8,212.8,211.8,212,1937,0
SPL,60,20220921,160000,212,213,211,211,3981,0
SPL,60,20220921,170000,211.6,214,211.2,211.2,25286,0
SPL,60,20220922,100000,208.6,212.4,207.2,212.2,5891,0
SPL,60,20220922,110000,211.8,216.8,211.6,215.6,5273,0
SPL,60,20220922,120000,215.6,216.6,214.2,216,4636,0
SPL,60,20220922,130000,216,217.6,215.8,217.2,3956,0
SPL,60,20220922,140000,217,217,214.8,216.8,5391,0
SPL,60,20220922,150000,216.8,218.4,216.2,217.8,4424,0
SPL,60,20220922,160000,217.6,218.8,216.4,217.4,8455,0
SPL,60,20220922,170000,217.4,218.6,216.4,217.4,32646,0
SPL,60,20220923,100000,217,217.2,211.4,213.2,6514,0
SPL,60,20220923,110000,213.8,214,212.2,213.6,2920,0
SPL,60,20220923,120000,213.6,214.2,212,213.2,5261,0
SPL,60,20220923,130000,212.6,213.6,212,212.2,6186,0
SPL,60,20220923,140000,212,212.4,209.2,211.2,17497,0
SPL,60,20220923,150000,211,212.8,211,212,10409,0
SPL,60,20220923,160000,212,214.2,210.2,212,20718,0
SPL,60,20220923,170000,212,215,212,212.6,32008,0
SPL,60,20220926,100000,208.4,214.2,207.4,210.8,6129,0
SPL,60,20220926,110000,210.4,210.4,208,208,2361,0
SPL,60,20220926,120000,208.4,209.8,206,208.8,3080,0
SPL,60,20220926,130000,209,209.8,207.4,208.2,1722,0
SPL,60,20220926,140000,207.4,208.8,206,206.6,4726,0
SPL,60,20220926,150000,206.6,211.6,206.4,210.8,8472,0
SPL,60,20220926,160000,211,211.4,208.6,209,11206,0
SPL,60,20220926,170000,209.2,209.6,206,206.2,19217,0
SPL,60,20220927,100000,214.2,214.2,208.2,212.6,8293,0
SPL,60,20220927,110000,211.6,212,208.8,210.2,5717,0
SPL,60,20220927,120000,209.4,211,208.4,210.4,5355,0
SPL,60,20220927,130000,210.2,214.4,210.2,212.8,7056,0
SPL,60,20220927,140000,213,213,210.8,211.8,6513,0
SPL,60,20220927,150000,211.2,212.2,211,211.8,15465,0
SPL,60,20220927,160000,211,212.6,210,210,7180,0
SPL,60,20220927,170000,209.8,210.8,206.2,209,33911,0
SPL,60,20220928,100000,202,206,202,204.8,6138,0
SPL,60,20220928,110000,204.6,206.8,202.6,204.6,7438,0
SPL,60,20220928,120000,204.8,204.8,200,202.6,7799,0
SPL,60,20220928,130000,202.6,206.2,202.6,205.2,3083,0
SPL,60,20220928,140000,204.6,204.8,202.2,204.2,3205,0
SPL,60,20220928,150000,204.4,207.4,203.8,205.6,4037,0
SPL,60,20220928,160000,205.4,207.8,204.2,207.2,5797,0
SPL,60,20220928,170000,207.6,208.4,206,206.6,32075,0
SPL,60,20220929,100000,206.6,210.6,205,207.2,6871,0
SPL,60,20220929,110000,206.8,207.8,205.6,206.4,5037,0
SPL,60,20220929,120000,206,207.2,205.4,206,2873,0
SPL,60,20220929,130000,205.6,207.2,205.4,207,2912,0
SPL,60,20220929,140000,207.2,208.4,206.2,206.4,6660,0
SPL,60,20220929,150000,206.4,206.8,200.2,200.8,14863,0
SPL,60,20220929,160000,201,201.6,199,199,7819,0
SPL,60,20220929,170000,198.7,198.7,196.3,196.3,40715,0
SPL,60,20220930,100000,196,200.6,195.4,199.1,11672,0
SPL,60,20220930,110000,199,199,195.1,197.7,5538,0
SPL,60,20220930,120000,198.3,198.8,196.6,198.4,5252,0
SPL,60,20220930,130000,198.9,199.4,197.3,197.3,2687,0
SPL,60,20220930,140000,197.1,197.8,195.6,196.5,6452,0
SPL,60,20220930,150000,197,198.3,195.5,198.2,3479,0
SPL,60,20220930,160000,197.8,197.8,195.7,197.4,4309,0
SPL,60,20220930,170000,197.4,197.8,195.4,196.9,30969,0
SPL,60,20221003,100000,196.6,197.2,191.6,192.1,1765,0
SPL,60,20221003,110000,191.6,192.7,189.2,192.2,3695,0
SPL,60,20221003,120000,192,192,188.7,191,4786,0
SPL,60,20221003,130000,190.5,190.5,189.2,189.5,1571,0
SPL,60,20221003,140000,189.2,189.4,187.5,188.7,7121,0
SPL,60,20221003,150000,188.8,188.9,186.6,187,6516,0
SPL,60,20221003,160000,187,190.7,186.5,188.6,12175,0
SPL,60,20221003,170000,189.1,196.8,189.1,195.5,19141,0
SPL,60,20221004,100000,196.7,201.2,196.7,200.8,3466,0
SPL,60,20221004,110000,200.4,201.6,200.4,201.6,1586,0
SPL,60,20221004,120000,201.6,202.6,199.9,202.6,2888,0
SPL,60,20221004,130000,202.4,203.4,201.6,202.8,1235,0
SPL,60,20221004,140000,202.2,203.4,202,202,1561,0
SPL,60,20221004,150000,202.4,203.6,201.4,203.2,3257,0
SPL,60,20221004,160000,203.6,204.6,202.8,204.4,4130,0
SPL,60,20221004,170000,204,208.8,203.2,208.4,15897,0
SPL,60,20221005,100000,207.8,209.6,202.8,205,3321,0
SPL,60,20221005,110000,205.6,205.8,202,205.2,3211,0
SPL,60,20221005,120000,205.2,205.8,203.2,203.8,2312,0
SPL,60,20221005,130000,204,204.6,203.6,204.2,1970,0
SPL,60,20221005,140000,204.4,204.8,203.4,203.8,2406,0
SPL,60,20221005,150000,203.6,204.6,203,203.4,5493,0
SPL,60,20221005,160000,203.4,204,202,203.6,9054,0
SPL,60,20221005,170000,203.2,203.2,199.4,199.5,15765,0
SPL,60,20221006,100000,201.2,204.2,201.2,203.2,2662,0
SPL,60,20221006,110000,203,203.6,202,202.4,4469,0
SPL,60,20221006,120000,202,202,199,199.4,2545,0
SPL,60,20221006,130000,199,199.7,198,198.4,2133,0
SPL,60,20221006,140000,198.7,200,198,198,2841,0
SPL,60,20221006,150000,198.3,201,197,200.6,6626,0
SPL,60,20221006,160000,200.2,202.6,199.7,200.2,6420,0
SPL,60,20221006,170000,200.2,201,197.2,197.8,31857,0
SPL,60,20221007,100000,199.3,201.4,197.1,198.2,3210,0
SPL,60,20221007,110000,198.2,198.7,197,197,1520,0
SPL,60,20221007,120000,197.6,198.1,196.1,196.1,1113,0
SPL,60,20221007,130000,196.1,197.7,196,196.3,1444,0
SPL,60,20221007,140000,196,196.8,195.6,196,1740,0
SPL,60,20221007,150000,196,196.4,192,193.3,3123,0
SPL,60,20221007,160000,193,195.5,192.7,192.9,4634,0
SPL,60,20221007,170000,192.5,197,191.9,195.4,21846,0
SPL,60,20221010,100000,194.7,195.9,192.7,195.5,4469,0
SPL,60,20221010,110000,195.5,195.5,193.8,194.7,7761,0
SPL,60,20221010,120000,194.1,196.4,194,194.9,2518,0
SPL,60,20221010,130000,195.1,195.1,193.7,194.2,2853,0
SPL,60,20221010,140000,194,195.7,194,194.5,2074,0
SPL,60,20221010,150000,194.5,196.7,194,196.7,2313,0
SPL,60,20221010,160000,196.5,197.4,195,195.5,9973,0
SPL,60,20221010,170000,195,195,191.7,191.7,14003,0
SPL,60,20221011,100000,193.8,193.9,189.2,191,3845,0
SPL,60,20221011,110000,191.4,191.8,189.4,189.4,2274,0
SPL,60,20221011,120000,189.8,191.4,189.8,191.1,3709,0
SPL,60,20221011,130000,191,193.6,191,193.6,2777,0
SPL,60,20221011,140000,193.9,195.5,192,193,4740,0
SPL,60,20221011,150000,193.2,197.9,193.2,197,6479,0
SPL,60,20221011,160000,196.5,196.6,193.6,193.6,4497,0
SPL,60,20221011,170000,193.5,196.1,192.2,194.5,20027,0
SPL,60,20221012,100000,197.2,197.2,194,194.9,9935,0
SPL,60,20221012,110000,195,196.6,194,194.6,2897,0
SPL,60,20221012,120000,194.9,196.4,194.3,196,2601,0
SPL,60,20221012,130000,196.2,196.4,195,195.3,2473,0
SPL,60,20221012,140000,195.1,195.5,194,194.3,7542,0
SPL,60,20221012,150000,194.2,196.1,193.2,196.1,12444,0
SPL,60,20221012,160000,195.7,197,194.5,195.7,5681,0
SPL,60,20221012,170000,196,198.3,195.3,196,20871,0
SPL,60,20221013,100000,196.9,197.8,195.7,197.3,5116,0
SPL,60,20221013,110000,196.7,199.1,196.7,197.5,6203,0
SPL,60,20221013,120000,197,200.2,197,200.2,9005,0
SPL,60,20221013,130000,200.2,200.4,198,198,6885,0
SPL,60,20221013,140000,198,200.4,198,199.8,5509,0
SPL,60,20221013,150000,200,200.4,195,196.3,30863,0
SPL,60,20221013,160000,196.1,197.4,194.5,197.1,12530,0
SPL,60,20221013,170000,197,198.8,196,197.2,20973,0
SPL,60,20221014,100000,204.6,204.8,202,203.6,2930,0
SPL,60,20221014,110000,203.4,205.6,203,205,5915,0
SPL,60,20221014,120000,205.2,206.8,204.4,206.4,5351,0
SPL,60,20221014,130000,206.4,208.8,206,207.8,10141,0
SPL,60,20221014,140000,207.8,207.8,205,205.6,8421,0
SPL,60,20221014,150000,205.8,208.4,205.8,208.4,4680,0
SPL,60,20221014,160000,208.2,208.4,205.8,207.2,16083,0
SPL,60,20221014,170000,207,208.2,206.2,207.8,20507,0
SPL,60,20221017,100000,209.8,209.8,207,208.8,2997,0
SPL,60,20221017,110000,208.4,208.4,207.8,208.2,984,0
SPL,60,20221017,120000,207.8,208.2,207.8,208.2,466,0
SPL,60,20221017,130000,207.8,207.8,207.6,207.6,1665,0
SPL,60,20221017,140000,207.6,207.6,207,207,635,0
SPL,60,20221017,150000,207.4,208.4,207,208.2,3040,0
SPL,60,20221017,160000,208.2,210.4,208,208.2,3364,0
SPL,60,20221017,170000,208.6,212.4,208.6,211,9643,0
SPL,60,20221018,100000,215.2,220.4,214.2,220,7485,0
SPL,60,20221018,110000,220.6,222,219.6,220.2,7361,0
SPL,60,20221018,120000,220,222.2,220,220.4,7335,0
SPL,60,20221018,130000,220.6,221,220,220.6,951,0
SPL,60,20221018,140000,220.2,221.6,220.2,221,1475,0
SPL,60,20221018,150000,221.2,222.2,221,222,5178,0
SPL,60,20221018,160000,221.6,222,220.6,222,7249,0
SPL,60,20221018,170000,222,223.8,222,223,41736,0
SPL,60,20221019,100000,225,225,220,222.2,9410,0
SPL,60,20221019,110000,222,223,221.6,222.6,10588,0
SPL,60,20221019,120000,222.6,222.8,222,222.2,3332,0
SPL,60,20221019,130000,222.2,222.4,222,222,3173,0
SPL,60,20221019,140000,222,222.4,222,222.2,4582,0
SPL,60,20221019,150000,222,222.2,221.4,221.6,24232,0
SPL,60,20221019,160000,221.8,223,221.6,222.4,6384,0
SPL,60,20221019,170000,222.2,222.8,222,222,12544,0
SPL,60,20221020,100000,222,226.6,221.2,226,8271,0
SPL,60,20221020,110000,225.4,229.2,225.4,226.6,5626,0
SPL,60,20221020,120000,226.8,227.6,225.4,226.4,8980,0
SPL,60,20221020,130000,226.6,228.4,226,228.4,1710,0
SPL,60,20221020,140000,227.6,229.6,227.6,229.4,4409,0
SPL,60,20221020,150000,229.8,231,227.8,227.8,12330,0
SPL,60,20221020,160000,228.2,229.8,227.6,228.6,15133,0
SPL,60,20221020,170000,229,231.4,228.8,230,47259,0
SPL,60,20221021,100000,230,233.2,228.4,231.8,15530,0
SPL,60,20221021,110000,231.4,232.6,230,230.8,12202,0
SPL,60,20221021,120000,230.8,233,230.8,232,9378,0
SPL,60,20221021,130000,232.6,233.6,232.6,233.4,2937,0
SPL,60,20221021,140000,233.2,234,232.8,233,5968,0
SPL,60,20221021,150000,233,233.4,231.4,233.2,11382,0
SPL,60,20221021,160000,233.2,234,232.2,233.4,10218,0
SPL,60,20221021,170000,233.4,234.8,231.4,233,24346,0
SPL,60,20221024,100000,234,239.2,232.2,233.4,7892,0
SPL,60,20221024,110000,233.4,235.6,232.2,234,3280,0
SPL,60,20221024,120000,233.8,237.2,233.2,237.2,3661,0
SPL,60,20221024,130000,237.2,237.2,234.8,236.2,2455,0
SPL,60,20221024,140000,236.6,237,235.4,236.6,2301,0
SPL,60,20221024,150000,236.8,237.2,236.2,237,3202,0
SPL,60,20221024,160000,237,237.8,235.2,236.6,3667,0
SPL,60,20221024,170000,237,237.6,229.4,234.2,30219,0
SPL,60,20221025,100000,237,237,234.2,236.6,863,0
SPL,60,20221025,110000,237,237.6,234.2,234.6,2528,0
SPL,60,20221025,120000,234.6,234.6,229.6,231.2,5900,0
SPL,60,20221025,130000,231.2,231.8,229.2,229.2,2139,0
SPL,60,20221025,140000,228.8,230.6,228.8,229.4,1501,0
SPL,60,20221025,150000,229.4,229.4,226.6,229,4036,0
SPL,60,20221025,160000,228.8,232.6,228,231,6319,0
SPL,60,20221025,170000,231.6,233,229.8,233,21982,0
SPL,60,20221026,100000,231.6,236.8,231.4,236,2037,0
SPL,60,20221026,110000,236,236.8,235.6,236.4,1978,0
SPL,60,20221026,120000,236.4,236.8,235.6,236.6,1311,0
SPL,60,20221026,130000,236.6,236.6,235.6,236.2,1443,0
SPL,60,20221026,140000,236.2,236.8,236,236.4,1982,0
SPL,60,20221026,150000,236.6,236.6,232.8,233.4,6275,0
SPL,60,20221026,160000,233.8,236.8,233.8,236,3804,0
SPL,60,20221026,170000,236.4,240,236.4,239.8,19360,0
SPL,60,20221027,100000,240,240,233.6,236.4,2956,0
SPL,60,20221027,110000,236.6,238.6,236.2,236.6,2433,0
SPL,60,20221027,120000,236.6,237.6,235.6,236.8,3286,0
SPL,60,20221027,130000,237.2,237.2,235,235,2021,0
SPL,60,20221027,140000,235.8,236.4,234.4,234.4,2769,0
SPL,60,20221027,150000,234.6,238.6,234.6,236.6,5095,0
SPL,60,20221027,160000,237.2,239,236.2,237.8,4536,0
SPL,60,20221027,170000,237.8,241,237.6,239.4,16908,0
SPL,60,20221028,100000,239,239,233,235.4,3957,0
SPL,60,20221028,110000,235.6,237,233.8,236.2,4562,0
SPL,60,20221028,120000,235.8,237.4,235,237,3685,0
SPL,60,20221028,130000,237,238.4,237,237.6,2033,0
SPL,60,20221028,140000,238.2,239.6,237.6,238.8,3071,0
SPL,60,20221028,150000,238.6,239,237.8,237.8,3558,0
SPL,60,20221028,160000,238.2,242.4,238,240,5950,0
SPL,60,20221028,170000,240,242.6,240,241,23891,0
SPL,60,20221031,100000,242.2,247.4,242.2,246,6714,0
SPL,60,20221031,110000,246,249,245.2,247.6,7185,0
SPL,60,20221031,120000,247.6,249.4,247.2,249.2,3645,0
SPL,60,20221031,130000,248.6,251.2,248.6,250.4,3808,0
SPL,60,20221031,140000,251.2,253,250,253,5280,0
SPL,60,20221031,150000,253,253,251,251.4,8105,0
SPL,60,20221031,160000,251.4,254.2,251.4,252.6,7862,0
SPL,60,20221031,170000,252.8,254.2,252.2,254.2,38745,0
SPL,60,20221102,100000,256,260.6,255.4,256,30661,0
SPL,60,20221102,110000,255.6,258.2,255,257.6,14883,0
SPL,60,20221102,120000,257.4,257.4,255,255.2,7567,0
SPL,60,20221102,130000,255.4,257,251.8,251.8,11320,0
SPL,60,20221102,140000,252.2,254.6,251.8,252.6,7729,0
SPL,60,20221102,150000,252.4,255.4,251.4,253.2,6112,0
SPL,60,20221102,160000,253.2,253.4,250,251.2,6839,0
SPL,60,20221102,170000,250.8,255,250.8,254.2,36282,0
SPL,60,20221103,100000,246,252,246,249.2,4615,0
SPL,60,20221103,110000,248.8,252.2,248.8,252,2877,0
SPL,60,20221103,120000,251.4,251.6,248.8,251.6,27969,0
SPL,60,20221103,130000,252,252,250,250.2,7541,0
SPL,60,20221103,140000,250.4,251.6,249.6,249.6,2341,0
SPL,60,20221103,150000,249.6,250.6,246.4,247.8,11754,0
SPL,60,20221103,160000,246.4,250,245,250,21536,0
SPL,60,20221103,170000,249.8,250.2,247,248.4,47237,0
SPL,60,20221104,100000,252,252.2,247.6,250.4,6479,0
SPL,60,20221104,110000,250.8,252.2,249.2,250.6,2470,0
SPL,60,20221104,120000,251.6,255,251,254.6,9409,0
SPL,60,20221104,130000,254.2,254.4,252,253.4,3208,0
SPL,60,20221104,140000,253.8,255.8,252.2,255.8,5974,0
SPL,60,20221104,150000,256,256.4,253.2,255,7236,0
SPL,60,20221104,160000,254.8,256.4,254.4,255.8,5003,0
SPL,60,20221104,170000,255.4,256.6,252.4,252.4,19898,0
SPL,60,20221107,100000,252.4,258.8,251.8,258.8,6729,0
SPL,60,20221107,110000,258.8,264.6,258.8,262,9203,0
SPL,60,20221107,120000,262,263.4,258,260.6,4902,0
SPL,60,20221107,130000,260,261,258.8,261,3099,0
SPL,60,20221107,140000,260.2,260.4,258.6,260,4555,0
SPL,60,20221107,150000,260,261,258.8,259.2,2423,0
SPL,60,20221107,160000,259.2,260,256.8,260,5311,0
SPL,60,20221107,170000,260.4,261.6,259.6,261,14257,0
SPL,60,20221108,100000,261,261,256.8,260,1496,0
SPL,60,20221108,110000,260,260.4,259,259.4,18085,0
SPL,60,20221108,120000,258.8,260,257.6,259.6,23503,0
SPL,60,20221108,130000,259.6,261,259.2,259.8,1478,0
SPL,60,20221108,140000,259.4,259.6,258.6,259,1236,0
SPL,60,20221108,150000,259.6,260,258.4,258.4,3928,0
SPL,60,20221108,160000,259.2,260.4,258.4,260,5345,0
SPL,60,20221108,170000,260,261,259,261,27276,0
SPL,60,20221109,100000,264.8,267.4,260.2,262.6,10389,0
SPL,60,20221109,110000,263.8,264,260.8,260.8,1921,0
SPL,60,20221109,120000,261,263,260,262.8,3866,0
SPL,60,20221109,130000,263,265.8,262.8,265.8,1978,0
SPL,60,20221109,140000,264.8,267,262.6,264,4153,0
SPL,60,20221109,150000,264,265.8,262,265.8,8839,0
SPL,60,20221109,160000,266,270,266,268.6,26794,0
SPL,60,20221109,170000,268.8,272,267.4,267.4,21639,0
SPL,60,20221110,100000,269.8,269.8,265.2,266.8,5832,0
SPL,60,20221110,110000,266.8,267,265.2,265.8,8654,0
SPL,60,20221110,120000,266.4,267.8,266,267.8,3910,0
SPL,60,20221110,130000,267.4,267.6,264,264.2,3347,0
SPL,60,20221110,140000,264.4,265.4,263.4,264.2,4542,0
SPL,60,20221110,150000,264.2,269.8,263.6,266.8,13604,0
SPL,60,20221110,160000,266.8,268.2,264.2,266.2,13121,0
SPL,60,20221110,170000,266.4,269.2,266,268.2,25021,0
SPL,60,20221114,100000,270,279,269.8,274.8,11980,0
SPL,60,20221114,110000,274.8,277.6,273.6,274.8,14519,0
SPL,60,20221114,120000,274.8,275.8,274.4,275.8,9321,0
SPL,60,20221114,130000,275.8,275.8,274,274.4,2546,0
SPL,60,20221114,140000,274.4,275.8,274,275.8,4982,0
SPL,60,20221114,150000,275.6,278,275.6,278,13633,0
SPL,60,20221114,160000,277.8,279,276.2,278.6,5615,0
SPL,60,20221114,170000,278.2,279.6,272.4,275.4,32655,0
SPL,60,20221115,100000,277.8,277.8,270,271.6,3792,0
SPL,60,20221115,110000,271.8,273.4,270.2,272.4,6442,0
SPL,60,20221115,120000,271.6,273.6,270,273.2,7605,0
SPL,60,20221115,130000,273.8,273.8,272,272.2,7982,0
SPL,60,20221115,140000,273,280,272.4,279.8,17742,0
SPL,60,20221115,150000,279.6,284.8,276.4,282.4,19582,0
SPL,60,20221115,160000,281.6,284.6,280.4,284.6,6176,0
SPL,60,20221115,170000,284.6,284.6,280.8,280.8,31108,0
SPL,60,20221116,100000,279,282.2,273.2,273.2,15075,0
SPL,60,20221116,110000,274.2,274.8,271,272.6,5875,0
SPL,60,20221116,120000,272.4,274.6,272,273.4,8828,0
SPL,60,20221116,130000,273.4,275.8,272.4,275,5352,0
SPL,60,20221116,140000,274.4,275.8,273,275.6,6503,0
SPL,60,20221116,150000,275.4,275.8,274.4,274.8,4063,0
SPL,60,20221116,160000,275,277.8,274.8,277.8,7795,0
SPL,60,20221116,170000,277.6,277.8,275.8,275.8,16723,0
SPL,60,20221117,100000,275.6,277.6,272.6,274,3164,0
SPL,60,20221117,110000,272.8,273,268.6,271,3704,0
SPL,60,20221117,120000,270,271.8,269.2,269.2,4537,0
SPL,60,20221117,130000,269.8,270.8,268.8,270,3373,0
SPL,60,20221117,140000,269.8,270.8,269.6,270.6,4148,0
SPL,60,20221117,150000,270.6,273.8,268.8,272.6,8290,0
SPL,60,20221117,160000,272.4,275.8,271.6,273.6,9236,0
SPL,60,20221117,170000,273.8,274.8,270.4,272.4,22729,0
SPL,60,20221118,100000,270.2,272.6,269.2,272.6,4612,0
SPL,60,20221118,110000,273.8,278,272.6,277.2,6370,0
SPL,60,20221118,120000,276.8,278.8,276.4,278,5164,0
SPL,60,20221118,130000,278.2,278.6,276.6,277.4,5315,0
SPL,60,20221118,140000,277.2,277.8,274.6,276,4290,0
SPL,60,20221118,150000,275.8,276.6,275.4,275.6,2409,0
SPL,60,20221118,160000,275.8,276.4,272,274,8120,0
SPL,60,20221118,170000,274,275,272,272,19978,0
SPL,60,20221121,100000,272.2,276.8,270.6,274.6,2887,0
SPL,60,20221121,110000,274.6,276.8,273.2,273.2,2108,0
SPL,60,20221121,120000,273.2,275.4,272,273.2,3975,0
SPL,60,20221121,130000,273.4,274.8,271.4,271.4,2863,0
SPL,60,20221121,140000,271.2,272.2,269.4,271,3756,0
SPL,60,20221121,150000,270.6,273,270,272.2,4215,0
SPL,60,20221121,160000,272.2,273.4,271.2,273,3018,0
SPL,60,20221121,170000,273.2,273.4,270.4,270.4,10139,0
SPL,60,20221122,100000,268,271.8,267.2,269.8,4562,0
SPL,60,20221122,110000,270,272,270,271.8,6206,0
SPL,60,20221122,120000,271.8,272,270.8,271.8,3880,0
SPL,60,20221122,130000,271.6,271.8,270.8,271.2,650,0
SPL,60,20221122,140000,271.2,271.2,270.4,270.8,753,0
SPL,60,20221122,150000,270.8,272,270.6,271,5346,0
SPL,60,20221122,160000,271.2,271.2,270.4,270.4,1523,0
SPL,60,20221122,170000,270.6,271.4,270.2,270.4,10039,0
SPL,60,20221123,100000,275.6,275.6,270.2,270.2,2334,0
SPL,60,20221123,110000,270.2,272.4,269.2,272.4,2759,0
SPL,60,20221123,120000,271.8,271.8,270.6,271,1540,0
SPL,60,20221123,130000,271,271.4,269.8,270.2,2204,0
SPL,60,20221123,140000,270.2,271.8,270.2,271,4033,0
SPL,60,20221123,150000,271.2,271.6,269.2,270.2,3018,0
SPL,60,20221123,160000,270.2,270.8,269.2,270.2,4848,0
SPL,60,20221123,170000,270.2,271,269,269,15910,0
SPL,60,20221124,100000,273,274.6,270.4,270.4,3501,0
SPL,60,20221124,110000,271.4,272.8,271.4,271.6,7496,0
SPL,60,20221124,120000,271.4,272,271.2,271.8,2058,0
SPL,60,20221124,130000,271.8,272,270.8,271.4,2809,0
SPL,60,20221124,140000,271.4,271.4,270.8,271,1703,0
SPL,60,20221124,150000,270.8,272,270.6,272,6079,0
SPL,60,20221124,160000,272,273,271.2,273,4907,0
SPL,60,20221124,170000,273,273,270.8,273,25192,0
SPL,60,20221125,100000,275,275,266.8,268.2,5775,0
SPL,60,20221125,110000,268.8,270.6,268.2,270.2,4153,0
SPL,60,20221125,120000,270.4,272,269.6,271.4,10539,0
SPL,60,20221125,130000,271.6,272.8,270.8,270.8,6412,0
SPL,60,20221125,140000,271.2,272,271,271.4,2472,0
SPL,60,20221125,150000,271.4,271.8,269.8,270.8,2980,0
SPL,60,20221125,160000,270.4,272,270.4,271.8,9610,0
SPL,60,20221125,170000,271.6,272,268,270.8,23811,0
SPL,60,20221128,100000,272.6,273,269.4,270.4,1795,0
SPL,60,20221128,110000,270.4,274.6,269.8,272,2066,0
SPL,60,20221128,120000,272.4,274,272.4,273.2,968,0
SPL,60,20221128,130000,273.4,274,273.4,273.6,1248,0
SPL,60,20221128,140000,273.6,273.6,271.8,272.8,943,0
SPL,60,20221128,150000,272.8,273.2,270,271.4,1538,0
SPL,60,20221128,160000,270.2,274.8,268.6,274.6,8828,0
SPL,60,20221128,170000,274.6,274.8,269.6,269.6,17579,0
SPL,60,20221129,100000,275,275,268.4,269.6,1997,0
SPL,60,20221129,110000,269.2,269.6,267.2,267.8,5290,0
SPL,60,20221129,120000,268.2,269.8,268,268.4,1933,0
SPL,60,20221129,130000,268.4,269.8,267.8,269.2,2336,0
SPL,60,20221129,140000,269.2,269.4,267.2,268,2691,0
SPL,60,20221129,150000,268,268,266.4,267,7488,0
SPL,60,20221129,160000,267.6,267.8,266.4,267.6,18564,0
SPL,60,20221129,170000,267.2,271.4,267,268.4,14329,0
SPL,60,20221130,100000,272.2,272.4,266.8,269.2,3166,0
SPL,60,20221130,110000,269.2,272.4,269,271.6,4193,0
SPL,60,20221130,120000,272.4,274.8,271.8,274.8,3597,0
SPL,60,20221130,130000,274.8,276.4,272.6,274,7486,0
SPL,60,20221130,140000,274.2,275.8,273.6,275.4,3362,0
SPL,60,20221130,150000,274.8,277.6,273.8,274.8,5670,0
SPL,60,20221130,160000,274.6,278.8,273.8,275.4,9895,0
SPL,60,20221130,170000,274.6,274.6,271.6,273.6,99409,0
SPL,60,20221201,100000,275,275.6,270.4,270.4,5227,0
SPL,60,20221201,110000,271.6,272.2,268.4,270.2,3480,0
SPL,60,20221201,120000,270.2,270.2,268,268,3926,0
SPL,60,20221201,130000,268,271.6,268,269.2,6161,0
SPL,60,20221201,140000,269.4,270,268,268.6,2767,0
SPL,60,20221201,150000,268.6,270.4,268.4,269.2,2874,0
SPL,60,20221201,160000,269.6,271,268.8,269.6,3805,0
SPL,60,20221201,170000,269.2,271.4,267.8,270,21382,0
SPL,60,20221202,100000,268.4,270.6,268,269.2,7720,0
SPL,60,20221202,110000,269.2,270.6,269,270,2232,0
SPL,60,20221202,120000,270.6,270.8,270,270.6,2961,0
SPL,60,20221202,130000,270.6,270.6,269.4,269.6,4080,0
SPL,60,20221202,140000,269.4,270.2,269.4,270,7200,0
SPL,60,20221202,150000,270.4,271.8,269.2,269.2,9010,0
SPL,60,20221202,160000,269,272.8,269,272.8,12851,0
SPL,60,20221202,170000,272.6,272.6,270,270,17566,0
SPL,60,20221205,100000,269.6,271,269.2,270.2,7353,0
SPL,60,20221205,110000,270.8,270.8,269.6,270.8,14348,0
SPL,60,20221205,120000,270.8,270.8,270,270.2,4868,0
SPL,60,20221205,130000,270.6,272.4,270.4,272,3259,0
SPL,60,20221205,140000,272,272.8,271.6,272.2,3229,0
SPL,60,20221205,150000,272.2,272.6,271,271,4254,0
SPL,60,20221205,160000,270.6,272,270.6,270.8,7485,0
SPL,60,20221205,170000,270,270.8,268.2,268.4,10011,0
SPL,60,20221206,100000,268.4,268.6,265.8,268.6,4025,0
SPL,60,20221206,110000,268.4,269,266.6,266.8,782,0
SPL,60,20221206,120000,266.4,266.4,265,265.2,597,0
SPL,60,20221206,130000,265.2,266.4,265.2,266,349,0
SPL,60,20221206,140000,266,266.6,265.6,266.4,3768,0
SPL,60,20221206,150000,266.2,266.2,264.8,265.2,1206,0
SPL,60,20221206,160000,264.4,264.6,262.8,263.4,4250,0
SPL,60,20221206,170000,262.8,264,262,264,12582,0
SPL,60,20221207,100000,263.2,264.4,260.2,264,2341,0
SPL,60,20221207,110000,264.2,264.8,262.6,262.6,910,0
SPL,60,20221207,120000,262.8,263.2,261.8,263,596,0
SPL,60,20221207,130000,263.4,264,261.4,261.4,675,0
SPL,60,20221207,140000,262.4,263,260.4,261,2315,0
SPL,60,20221207,150000,261.4,263.8,261.4,263.4,1627,0
SPL,60,20221207,160000,263.4,263.6,260.4,261.4,1778,0
SPL,60,20221207,170000,261.6,263.4,260.8,263.2,13648,0
SPL,60,20221208,100000,262.8,263,261.8,263,1575,0
SPL,60,20221208,110000,262.8,262.8,262.2,262.8,817,0
SPL,60,20221208,120000,262.4,262.8,261,261.4,1904,0
SPL,60,20221208,130000,261.6,261.6,260.6,260.6,757,0
SPL,60,20221208,140000,260.6,260.8,260.2,260.6,559,0
SPL,60,20221208,150000,260.6,260.6,259.2,260.2,3007,0
SPL,60,20221208,160000,259.4,259.8,257.6,259,5735,0
SPL,60,20221208,170000,259,260,258.2,259.4,11101,0
SPL,60,20221209,100000,261,262.4,258.2,258.2,1052,0
SPL,60,20221209,110000,258.4,258.6,257.8,258,953,0
SPL,60,20221209,120000,258,258.6,257.6,258.4,1101,0
SPL,60,20221209,130000,257.6,259,257.6,258.2,2145,0
SPL,60,20221209,140000,258.6,259,258.4,258.8,2069,0
SPL,60,20221209,150000,259,259,255.8,258.4,5274,0
SPL,60,20221209,160000,258.4,259,257,257,2859,0
SPL,60,20221209,170000,257.4,258.8,256.2,258.8,11196,0
SPL,60,20221212,100000,259.4,259.4,255.2,256,1283,0
SPL,60,20221212,110000,256,259.6,255.6,259.6,4448,0
SPL,60,20221212,120000,258.6,260,258.4,260,3108,0
SPL,60,20221212,130000,260,260,258.2,259.6,1464,0
SPL,60,20221212,140000,259.2,259.8,259,259.8,814,0
SPL,60,20221212,150000,259.8,260.6,259.4,260.4,5132,0
SPL,60,20221212,160000,260.8,261,259.2,260.4,1899,0
SPL,60,20221212,170000,260.4,261.4,259.8,260.4,7944,0
SPL,60,20221213,100000,260.4,262,260.4,260.4,2421,0
SPL,60,20221213,110000,261,261,257.2,259.2,2226,0
SPL,60,20221213,120000,259.2,259.6,258,258.8,2500,0
SPL,60,20221213,130000,258,258.4,256.6,258,1483,0
SPL,60,20221213,140000,257.4,258.8,257.2,258,613,0
SPL,60,20221213,150000,258,266.2,257.4,266.2,10368,0
SPL,60,20221213,160000,266,268.6,265.2,268.6,6761,0
SPL,60,20221213,170000,267.8,268.6,266.4,268,32251,0
SPL,60,20221214,100000,268,268,265.8,266.8,1527,0
SPL,60,20221214,110000,267.4,267.8,265.8,266.2,1542,0
SPL,60,20221214,120000,266.2,266.8,265.4,266.2,1995,0
SPL,60,20221214,130000,266.2,268.8,266.2,268.4,2487,0
SPL,60,20221214,140000,268.4,268.8,267.2,267.2,2000,0
SPL,60,20221214,150000,267,268.8,267,268.8,1507,0
SPL,60,20221214,160000,268.8,268.8,267.4,268,2433,0
SPL,60,20221214,170000,268,268,266,266.6,8152,0
SPL,60,20221215,100000,265.8,265.8,261.4,262,1098,0
SPL,60,20221215,110000,261.2,262.2,261,261,835,0
SPL,60,20221215,120000,260.8,263.4,260.8,261.8,1695,0
SPL,60,20221215,130000,261.6,262.2,260.8,261.6,1934,0
SPL,60,20221215,140000,261.8,261.8,260,260.2,1225,0
SPL,60,20221215,150000,260.2,260.2,258,258.2,3188,0
SPL,60,20221215,160000,258.2,258.2,256.8,256.8,2241,0
SPL,60,20221215,170000,257.2,258.4,255.4,256.8,10424,0
SPL,60,20221216,100000,258,258,254.6,256.2,3036,0
SPL,60,20221216,110000,256.4,256.4,254.6,256.2,1420,0
SPL,60,20221216,120000,256.6,256.6,255,255.8,5661,0
SPL,60,20221216,130000,255.8,256.6,255.2,255.8,3160,0
SPL,60,20221216,140000,256,257.4,256,256.4,2192,0
SPL,60,20221216,150000,256.4,258.4,255.8,258.4,4197,0
SPL,60,20221216,160000,258.4,261.4,253.4,254.2,12789,0
SPL,60,20221216,170000,255.2,259,252,256.2,112562,0
SPL,60,20221219,100000,258.2,261.6,258,259.6,2184,0
SPL,60,20221219,110000,259.6,260.8,258.4,258.4,1612,0
SPL,60,20221219,120000,259,259.4,256.6,257.2,1234,0
SPL,60,20221219,130000,256.4,257,255,255,1432,0
SPL,60,20221219,140000,255,257.6,255,257.6,1630,0
SPL,60,20221219,150000,257.6,257.6,255.6,256.4,1652,0
SPL,60,20221219,160000,256.6,257.4,255.4,256.6,3241,0
SPL,60,20221219,170000,256.8,257,255.4,256,10274,0
SPL,60,20221220,100000,254,255.8,254,254,2474,0
SPL,60,20221220,110000,254,254.6,253,254.2,2690,0
SPL,60,20221220,120000,254.6,255.4,253,254,3375,0
SPL,60,20221220,130000,254.8,256.8,254.8,256.6,3344,0
SPL,60,20221220,140000,256.6,256.6,256,256,236,0
SPL,60,20221220,150000,256,256.6,254.6,255,5130,0
SPL,60,20221220,160000,255,256,255,256,5380,0
SPL,60,20221220,170000,256,256.6,254.6,256.6,9367,0
SPL,60,20221221,100000,257.4,257.4,254.8,255.6,637,0
SPL,60,20221221,110000,255.8,256.2,255.6,256,2281,0
SPL,60,20221221,120000,256.2,256.4,255.6,256.2,1320,0
SPL,60,20221221,130000,256.2,256.4,256,256.2,1644,0
SPL,60,20221221,140000,256.4,256.6,256,256.4,3965,0
SPL,60,20221221,150000,256.4,258.2,256,258,4759,0
SPL,60,20221221,160000,258,259,257.2,258.8,3182,0
SPL,60,20221221,170000,259.2,260.8,257.6,260.2,8159,0
SPL,60,20221222,100000,262.6,262.8,259.4,261,2147,0
SPL,60,20221222,110000,261,261.8,261,261,1151,0
SPL,60,20221222,120000,260.4,262.4,260,262,4337,0
SPL,60,20221222,130000,261.8,262,260.8,261,5651,0
SPL,60,20221222,140000,261.6,262.8,261,262.6,3860,0
SPL,60,20221222,150000,262.8,263.4,261.4,262.8,3736,0
SPL,60,20221222,160000,263,264.2,261,262.4,6217,0
SPL,60,20221222,170000,260.8,262.6,260.8,261.4,12040,0
SPL,60,20221223,100000,264.6,264.6,260,261.6,2340,0
SPL,60,20221223,110000,261,262.4,261,262.2,348,0
SPL,60,20221223,120000,262.4,262.4,260.4,262,1197,0
SPL,60,20221223,130000,261.8,262.4,261.2,261.4,3984,0
SPL,60,20221223,140000,262,262,260.6,260.6,21438,0
SPL,60,20221223,150000,260.6,261.2,259.6,260.2,1983,0
SPL,60,20221223,160000,259.4,260.4,259,259.6,2807,0
SPL,60,20221223,170000,259.6,259.6,258.4,259.6,8612,0
SPL,60,20221227,100000,263,263.2,259.8,260.2,4288,0
SPL,60,20221227,110000,260,260.2,259,259.4,1148,0
SPL,60,20221227,120000,260.2,260.8,259.2,260.4,967,0
SPL,60,20221227,130000,260.6,260.6,258.8,259.2,653,0
SPL,60,20221227,140000,258.8,259.2,256.2,256.4,1571,0
SPL,60,20221227,150000,256.4,257.4,255.2,255.6,2184,0
SPL,60,20221227,160000,255.4,256.4,253,253,4152,0
SPL,60,20221227,170000,253.8,256,253.8,255.8,4761,0
SPL,60,20221228,100000,257.6,257.6,254,256.6,1195,0
SPL,60,20221228,110000,255.4,256.4,254.8,256.4,209,0
SPL,60,20221228,120000,256.4,256.8,255.4,256.2,851,0
SPL,60,20221228,130000,256.4,256.8,255.2,256.4,1751,0
SPL,60,20221228,140000,256.4,257.6,256.2,257.4,786,0
SPL,60,20221228,150000,257.4,257.8,257.4,257.8,3467,0
SPL,60,20221228,160000,257.6,257.8,256.6,257.4,1463,0
SPL,60,20221228,170000,257.4,257.6,256.6,257,8269,0
SPL,60,20221229,100000,258.8,258.8,256.4,257.2,1504,0
SPL,60,20221229,110000,257,257.4,251.2,251.8,8955,0
SPL,60,20221229,120000,251.8,255,251.4,254.8,2317,0
SPL,60,20221229,130000,254.8,256,252.6,255.4,4749,0
SPL,60,20221229,140000,255.4,256.2,255,255.8,1672,0
SPL,60,20221229,150000,256,256.2,255.2,255.8,2087,0
SPL,60,20221229,160000,255.8,257.8,255.2,257.4,3927,0
SPL,60,20221229,170000,257.4,261.6,257.2,261.6,20143,0
SPL,60,20221230,100000,261.2,261.2,258,258.8,1482,0
SPL,60,20221230,110000,257.8,260,257.8,259.4,1712,0
SPL,60,20221230,120000,259.6,260.2,259,259,539,0
SPL,60,20221230,130000,258.6,260.2,258.4,259.8,2258,0
SPL,60,20221230,140000,259.2,261,259,260.6,801,0
SPL,60,20221230,150000,260.4,261,260,260.4,1205,0
SPL,60,20221230,160000,260.8,261.2,259.4,261.2,2058,0
SPL,60,20221230,170000,260.6,261.6,259,259.4,12943,0
SPL,60,20230102,100000,257.8,262.2,257.8,262.2,1091,0
SPL,60,20230102,110000,261.4,262,261,261.6,1090,0
SPL,60,20230102,120000,260.8,260.8,259,259,473,0
SPL,60,20230102,130000,259,259.8,258.6,259,763,0
SPL,60,20230102,140000,258.8,259.4,258.2,259.2,321,0
SPL,60,20230102,150000,258.4,258.4,257,257.8,744,0
SPL,60,20230102,160000,257.4,257.8,255.8,256.6,701,0
SPL,60,20230102,170000,256.6,257,256,256,1519,0
SPL,60,20230103,100000,255.8,259.8,255.2,258.6,3777,0
SPL,60,20230103,110000,259,262,258.8,261.8,1716,0
SPL,60,20230103,120000,262.4,263.4,262,262,3425,0
SPL,60,20230103,130000,262,263.4,260,262.4,6192,0
SPL,60,20230103,140000,262,263.4,261.8,263,5317,0
SPL,60,20230103,150000,263.4,266.6,262.8,266,8484,0
SPL,60,20230103,160000,266.4,269,265.8,266.8,6744,0
SPL,60,20230103,170000,267.4,268.6,266.4,268.6,67669,0
SPL,60,20230104,100000,269,275,269,273.6,14508,0
SPL,60,20230104,110000,273.4,281.2,273.4,280.2,11900,0
SPL,60,20230104,120000,280.2,283,278.2,278.8,14318,0
SPL,60,20230104,130000,279.6,281.6,279.6,280.6,7357,0
SPL,60,20230104,140000,281,281.4,280.4,281,3287,0
SPL,60,20230104,150000,281.2,282.4,280.8,281.8,25190,0
SPL,60,20230104,160000,282.4,284.2,282,282,19933,0
SPL,60,20230104,170000,282,285.2,281,282.8,23285,0
SPL,60,20230105,100000,284,290.2,281.4,289.6,19800,0
SPL,60,20230105,110000,289,295.8,289,295.2,16170,0
SPL,60,20230105,120000,295.2,295.6,291.4,292.4,3732,0
SPL,60,20230105,130000,292.2,294,290.8,291.6,31636,0
SPL,60,20230105,140000,291.8,293,290,290,14474,0
SPL,60,20230105,150000,290,290.6,285.6,289.8,33769,0
SPL,60,20230105,160000,288,290.8,287.6,288.8,16169,0
SPL,60,20230105,170000,288.8,290.6,285,287,54920,0
SPL,60,20230109,100000,288,294,288,291.8,6206,0
SPL,60,20230109,110000,291.8,295.6,291.6,293.2,5210,0
SPL,60,20230109,120000,293.2,294.4,291.6,292.6,9447,0
SPL,60,20230109,130000,292.4,292.8,292,292.6,3997,0
SPL,60,20230109,140000,292.6,293,292.2,292.8,8206,0
SPL,60,20230109,150000,292.8,293,292,292.2,5306,0
SPL,60,20230109,160000,292,292.8,291.6,292.4,7064,0
SPL,60,20230109,170000,292.4,297,292.2,295.8,21223,0
SPL,60,20230110,100000,294.8,297.2,291.2,297.2,26603,0
SPL,60,20230110,110000,297.4,297.4,292.8,293,15369,0
SPL,60,20230110,120000,293.4,296,293,295.4,5089,0
SPL,60,20230110,130000,294.6,295,294,294.4,1131,0
SPL,60,20230110,140000,294.8,296,294,295.8,5577,0
SPL,60,20230110,150000,295.8,296,295,295.8,5746,0
SPL,60,20230110,160000,295.8,298.4,294.2,298,16062,0
SPL,60,20230110,170000,298,300.4,296,298.8,39849,0
SPL,60,20230111,100000,297.4,301.8,295.8,299.6,6626,0
SPL,60,20230111,110000,300.4,301,294.6,296.8,8531,0
SPL,60,20230111,120000,296.8,297,295,295.4,5027,0
SPL,60,20230111,130000,295.4,296.4,295,295.2,3004,0
SPL,60,20230111,140000,295.6,297,295.2,295.6,1801,0
SPL,60,20230111,150000,295.6,295.8,295,295.6,3585,0
SPL,60,20230111,160000,295.8,295.8,293.6,293.8,7005,0
SPL,60,20230111,170000,294.2,295.8,292.2,293,23260,0
SPL,60,20230112,100000,295,299.8,295,299.4,5077,0
SPL,60,20230112,110000,299.8,300.6,298.4,300.4,6389,0
SPL,60,20230112,120000,300,300.6,299,300.4,3163,0
SPL,60,20230112,130000,300.6,300.8,299.2,299.6,7390,0
SPL,60,20230112,140000,299.4,300.6,299.2,300.6,6038,0
SPL,60,20230112,150000,300,301,297,299.6,11457,0
SPL,60,20230112,160000,300,300.8,296,296.6,6934,0
SPL,60,20230112,170000,297,299.2,296.8,299,19897,0
SPL,60,20230113,100000,297.6,300.2,296.6,298.6,4954,0
SPL,60,20230113,110000,298.6,300.4,298.6,299.6,3950,0
SPL,60,20230113,120000,299.4,300.4,299,300.4,4054,0
SPL,60,20230113,130000,300,300.6,299,299,1404,0
SPL,60,20230113,140000,299,300,299,299.2,6311,0
SPL,60,20230113,150000,299,299,296,296,2321,0
SPL,60,20230113,160000,296,298.6,295,298.4,25236,0
SPL,60,20230113,170000,298.4,299,297,297.6,11923,0
SPL,60,20230116,100000,299,299,295.2,295.6,2724,0
SPL,60,20230116,110000,296.2,298.6,295.6,296.8,1653,0
SPL,60,20230116,120000,297.2,298.6,297,298.2,3127,0
SPL,60,20230116,130000,297.8,299.2,297.8,298.6,2308,0
SPL,60,20230116,140000,298.6,300.2,298.6,300.2,3672,0
SPL,60,20230116,150000,300.2,301.8,300.2,300.8,2023,0
SPL,60,20230116,160000,300.4,303,300.4,302,5279,0
SPL,60,20230116,170000,302,303,301.4,302.6,15601,0
SPL,60,20230117,100000,297.8,301.6,296.8,297.8,2155,0
SPL,60,20230117,110000,296.8,302,296.6,301.6,5289,0
SPL,60,20230117,120000,302,302,298.8,299,1775,0
SPL,60,20230117,130000,299.4,301.4,297.8,299.2,4210,0
SPL,60,20230117,140000,299.6,300,298.2,300,1538,0
SPL,60,20230117,150000,299.6,300.6,298.8,298.8,4101,0
SPL,60,20230117,160000,298.8,298.8,292.8,295.4,7469,0
SPL,60,20230117,170000,295.8,296.6,291.6,293.6,26123,0
SPL,60,20230118,100000,294,296,290.4,293.2,8416,0
SPL,60,20230118,110000,293.2,293.6,290.4,290.8,5731,0
SPL,60,20230118,120000,291,291.8,290,291.2,4441,0
SPL,60,20230118,130000,291.2,291.2,288.4,289.6,2530,0
SPL,60,20230118,140000,289.6,290,287.4,290,4177,0
SPL,60,20230118,150000,289.4,291.4,289.2,291.2,7569,0
SPL,60,20230118,160000,291.2,293.8,290.8,292,7884,0
SPL,60,20230118,170000,292,293.2,289.4,291,14721,0
SPL,60,20230119,100000,292.8,292.8,286.4,286.4,2919,0
SPL,60,20230119,110000,286.2,289.4,286,286,1980,0
SPL,60,20230119,120000,286.2,286.8,282.6,285.4,4897,0
SPL,60,20230119,130000,284.6,285.6,281.2,282.4,5610,0
SPL,60,20230119,140000,283.2,283.4,281.2,283,4469,0
SPL,60,20230119,150000,282,283.6,280.2,283.6,5217,0
SPL,60,20230119,160000,282.4,289.6,280.2,289.6,11351,0
SPL,60,20230119,170000,288.4,290,287.2,288.2,26575,0
SPL,60,20230120,100000,292.8,292.8,287,289.4,1817,0
SPL,60,20230120,110000,289.4,290,288.4,289,2690,0
SPL,60,20230120,120000,288.8,288.8,287,288.2,2054,0
SPL,60,20230120,130000,287.8,288.2,286.4,286.6,2545,0
SPL,60,20230120,140000,286.4,289.8,286,289,2649,0
SPL,60,20230120,150000,288.8,289.6,287.8,288,2770,0
SPL,60,20230120,160000,288,290,287.4,290,3698,0
SPL,60,20230120,170000,289.8,290,288.2,288.2,18299,0
SPL,60,20230123,100000,292.4,293.4,289.8,291.2,3002,0
SPL,60,20230123,110000,291.4,293.4,289.6,293.4,2952,0
SPL,60,20230123,120000,293.4,296,291.6,294.8,2997,0
SPL,60,20230123,130000,295,296,293.6,295.6,2043,0
SPL,60,20230123,140000,295.2,299,294.8,298,6068,0
SPL,60,20230123,150000,298.2,298.6,294.6,295.6,2140,0
SPL,60,20230123,160000,295.6,296.6,293.8,295.6,3920,0
SPL,60,20230123,170000,295,296,293.4,294.2,8934,0
SPL,60,20230124,100000,298.2,298.4,295.2,297,1429,0
SPL,60,20230124,110000,296.6,297.2,295.6,296.4,2433,0
SPL,60,20230124,120000,296.4,296.4,293.6,294.6,2840,0
SPL,60,20230124,130000,294.6,297,293.2,295.2,2024,0
SPL,60,20230124,140000,295.2,296,294.2,294.2,1465,0
SPL,60,20230124,150000,294.2,294.8,293.4,293.8,1761,0
SPL,60,20230124,160000,293.6,294.8,292.4,294,2396,0
SPL,60,20230124,170000,293,294.4,291,293.2,7646,0
SPL,60,20230125,100000,290.6,290.8,272.8,278.2,17879,0
SPL,60,20230125,110000,278.4,282,278.4,280.4,3605,0
SPL,60,20230125,120000,280,281.8,277.6,281.8,10411,0
SPL,60,20230125,130000,281.8,284,281.8,283.4,1221,0
SPL,60,20230125,140000,283,283.4,281.6,282,2886,0
SPL,60,20230125,150000,282,283.2,280.4,280.6,3232,0
SPL,60,20230125,160000,280.6,283.2,280.6,281.8,2710,0
SPL,60,20230125,170000,281.2,282,280.2,282,16163,0
SPL,60,20230126,100000,285.2,285.2,280.4,281,4580,0
SPL,60,20230126,110000,280.8,282.4,280.4,282.4,1442,0
SPL,60,20230126,120000,282.6,282.8,281,281,473,0
SPL,60,20230126,130000,281,281.4,280.8,281,591,0
SPL,60,20230126,140000,281,284.8,280.6,284.8,3224,0
SPL,60,20230126,150000,284.8,286.6,284,286.4,2431,0
SPL,60,20230126,160000,285.8,287.4,285.4,285.4,3988,0
SPL,60,20230126,170000,285,286.6,284.4,284.4,9874,0
SPL,60,20230127,100000,286.6,287.4,285,286.4,4515,0
SPL,60,20230127,110000,286.8,288.6,286.8,286.8,2278,0
SPL,60,20230127,120000,286.8,287.6,285,287.6,3426,0
SPL,60,20230127,130000,287.6,287.6,286.2,287,1478,0
SPL,60,20230127,140000,287.2,287.2,285.2,285.2,1372,0
SPL,60,20230127,150000,285.2,287,284.6,284.6,2506,0
SPL,60,20230127,160000,284.8,286.6,284.2,284.2,7497,0
SPL,60,20230127,170000,284,285.6,280.4,282.4,12260,0
SPL,60,20230130,100000,281,282.4,279.8,282.4,20381,0
SPL,60,20230130,110000,281.8,281.8,280.4,280.4,4415,0
SPL,60,20230130,120000,280.4,282.4,280.4,282.4,2156,0
SPL,60,20230130,130000,282.4,282.6,280.6,281,2280,0
SPL,60,20230130,140000,281,284.6,281,283.6,3513,0
SPL,60,20230130,150000,284,284,280.8,281,4455,0
SPL,60,20230130,160000,281,282.8,281,281.4,4894,0
SPL,60,20230130,170000,281.2,281.8,279.2,281.6,19662,0
SPL,60,20230131,100000,281.6,282.8,279.6,281.6,2431,0
SPL,60,20230131,110000,282.4,284.2,281.8,283,7968,0
SPL,60,20230131,120000,281.8,283.8,281.6,283.2,9280,0
SPL,60,20230131,130000,283,287.4,282.8,286.8,3647,0
SPL,60,20230131,140000,286.2,286.2,284.6,285.2,1343,0
SPL,60,20230131,150000,284.6,286.8,284.6,286.8,3727,0
SPL,60,20230131,160000,286.2,287.8,286,286,3601,0
SPL,60,20230131,170000,285.6,287,285.6,287,40175,0
SPL,60,20230201,100000,287,287.6,280.2,280.2,4628,0
SPL,60,20230201,110000,281,283,279.6,279.6,3924,0
SPL,60,20230201,120000,279.6,282.8,278.6,282.8,4759,0
SPL,60,20230201,130000,283,286,283,285.2,4402,0
SPL,60,20230201,140000,285,286.8,284.6,285,6705,0
SPL,60,20230201,150000,285,286,284.6,284.6,6686,0
SPL,60,20230201,160000,284.6,286,284.4,285.6,3653,0
SPL,60,20230201,170000,285,285.6,283,283,18738,0
SPL,60,20230202,100000,288.6,289.6,281.6,283.8,4196,0
SPL,60,20230202,110000,282.4,284.6,280,282.4,14676,0
SPL,60,20230202,120000,282.6,284.8,281.6,281.6,3257,0
SPL,60,20230202,130000,281.6,283.2,281,282.2,2276,0
SPL,60,20230202,140000,283,285.2,281.8,284,3594,0
SPL,60,20230202,150000,284.4,290.8,283.6,288.6,9458,0
SPL,60,20230202,160000,288.8,290.2,285.8,285.8,7226,0
SPL,60,20230202,170000,285.8,289,285.2,287.2,15726,0
SPL,60,20230203,100000,288.6,288.6,284,286.8,1568,0
SPL,60,20230203,110000,287.4,291.8,287.2,291,3693,0
SPL,60,20230203,120000,290.8,291.4,290,290.6,1044,0
SPL,60,20230203,130000,289.8,290.6,286.8,290.6,2384,0
SPL,60,20230203,140000,290,291.8,289.6,290.4,4686,0
SPL,60,20230203,150000,289.8,291,288.8,290.2,5626,0
SPL,60,20230203,160000,289.4,290.8,287.2,287.6,4177,0
SPL,60,20230203,170000,287.6,292,287.4,290,13055,0
SPL,60,20230206,100000,289.6,290,286,287,1690,0
SPL,60,20230206,110000,287.8,287.8,285.2,285.2,1757,0
SPL,60,20230206,120000,285,285.4,283.8,285.4,3306,0
SPL,60,20230206,130000,285.4,285.4,283.8,284.2,15531,0
SPL,60,20230206,140000,284.2,285,283.6,285,4158,0
SPL,60,20230206,150000,284.8,285,281.6,282.2,6813,0
SPL,60,20230206,160000,282.8,284.4,282.4,284,6938,0
SPL,60,20230206,170000,284,284.2,281.6,282.6,23306,0
SPL,60,20230207,100000,286.6,286.6,282.6,283.4,4399,0
SPL,60,20230207,110000,283,287.4,283,287.4,2431,0
SPL,60,20230207,120000,287.4,287.4,284,284,692,0
SPL,60,20230207,130000,283.8,284.6,283.8,284,1539,0
SPL,60,20230207,140000,284.6,285.8,284.6,285.2,1229,0
SPL,60,20230207,150000,285.4,285.6,284.4,285,1263,0
SPL,60,20230207,160000,285,285.6,283.8,285,4411,0
SPL,60,20230207,170000,284.2,285.2,283.8,284,14321,0
SPL,60,20230208,100000,285.4,288.6,285.2,288.6,1566,0
SPL,60,20230208,110000,289.4,289.8,286.4,286.8,1165,0
SPL,60,20230208,120000,287,287.6,286,286,1480,0
SPL,60,20230208,130000,285.6,286.8,285.2,286.4,5034,0
SPL,60,20230208,140000,286.4,286.8,285.8,286.8,3168,0
SPL,60,20230208,150000,286.6,287.2,286.2,287.2,1976,0
SPL,60,20230208,160000,287,287.8,286,286,4089,0
SPL,60,20230208,170000,286,288,285,286.6,12889,0
SPL,60,20230209,100000,286.6,290,286.2,289.4,2832,0
SPL,60,20230209,110000,289.4,290.8,289.2,290.6,3148,0
SPL,60,20230209,120000,290.8,292.4,290.6,291,3182,0
SPL,60,20230209,130000,290.8,290.8,289.2,289.6,1375,0
SPL,60,20230209,140000,289.6,290.2,289,289.6,2172,0
SPL,60,20230209,150000,289,290,289,290,3481,0
SPL,60,20230209,160000,289.8,289.8,288.2,288.8,2622,0
SPL,60,20230209,170000,288.2,289.8,286.4,288.8,13420,0
SPL,60,20230210,100000,290,290,285,286.2,979,0
SPL,60,20230210,110000,286.2,287.8,284.2,285,2759,0
SPL,60,20230210,120000,284.6,284.6,282,282.6,3818,0
SPL,60,20230210,130000,282.4,284.8,282,284.8,10138,0
SPL,60,20230210,140000,284.8,286.2,284,284.2,6178,0
SPL,60,20230210,150000,284.6,285.8,283.8,285.8,8370,0
SPL,60,20230210,160000,285,285.8,284,284.4,5459,0
SPL,60,20230210,170000,284.4,285.2,284,284.8,10408,0
SPL,60,20230213,100000,290,291.4,284,285.6,1431,0
SPL,60,20230213,110000,285.8,285.8,282,283.2,1759,0
SPL,60,20230213,120000,283.8,283.8,282.2,283,3386,0
SPL,60,20230213,130000,283,286,282.8,285.8,5262,0
SPL,60,20230213,140000,285.8,286,284.4,285.6,3107,0
SPL,60,20230213,150000,285.8,285.8,284,284.4,4379,0
SPL,60,20230213,160000,284.6,285.8,283.2,285.8,5872,0
SPL,60,20230213,170000,285.8,286,284.4,285,8358,0
SPL,60,20230214,100000,288.8,291,284.4,285,2377,0
SPL,60,20230214,110000,284.6,285.4,284,284.8,1160,0
SPL,60,20230214,120000,284.6,288.6,284.4,288.4,991,0
SPL,60,20230214,130000,287.8,288.2,285.4,285.4,1111,0
SPL,60,20230214,140000,286.2,289,285.8,288,2911,0
SPL,60,20230214,150000,288.2,289.2,286,287,2808,0
SPL,60,20230214,160000,287.6,288.2,286,287.8,2740,0
SPL,60,20230214,170000,288,288.4,287.2,288,8889,0
SPL,60,20230215,100000,288,288.4,286.8,286.8,781,0
SPL,60,20230215,110000,287.6,290,287.6,287.8,2545,0
SPL,60,20230215,120000,288.4,290,288.2,289.2,2385,0
SPL,60,20230215,130000,289.6,291.4,288.8,290.4,2984,0
SPL,60,20230215,140000,290.8,291.2,290.2,290.6,2255,0
SPL,60,20230215,150000,290.6,291.2,289.6,289.8,2598,0
SPL,60,20230215,160000,289.4,289.4,287.6,288,3257,0
SPL,60,20230215,170000,288.2,289.8,288,289.8,15394,0
SPL,60,20230216,100000,290.6,291,287.4,290.6,2230,0
SPL,60,20230216,110000,290.6,291.2,276,282,21173,0
SPL,60,20230216,120000,282.2,286.6,282,285.2,52355,0
SPL,60,20230216,130000,285.2,291.2,284.8,290,12721,0
SPL,60,20230216,140000,290.4,290.8,287.4,290,10679,0
SPL,60,20230216,150000,290.2,290.4,285,285,42187,0
SPL,60,20230216,160000,285,289.2,285,289.2,16726,0
SPL,60,20230216,170000,289.2,291.2,286.2,289.2,30279,0
SPL,60,20230217,100000,288.2,289.4,285,289.4,21342,0
SPL,60,20230217,110000,289.2,290,287.4,287.6,5487,0
SPL,60,20230217,120000,287.4,288,286.2,288,3903,0
SPL,60,20230217,130000,287.4,288.4,287,288.4,2096,0
SPL,60,20230217,140000,288.6,289.8,288,289,3809,0
SPL,60,20230217,150000,288.6,289,286.6,287.6,7384,0
SPL,60,20230217,160000,287.8,289,286.8,288,5927,0
SPL,60,20230217,170000,288.2,289,287.2,287.2,12380,0
SPL,60,20230220,100000,290,290,285.2,285.6,2616,0
SPL,60,20230220,110000,285.8,287.2,284.6,286.8,5724,0
SPL,60,20230220,120000,286.8,288,286.8,288,2844,0
SPL,60,20230220,130000,287.4,288.4,287.2,288.4,820,0
SPL,60,20230220,140000,288.4,288.4,287.4,287.6,172,0
SPL,60,20230220,150000,287.6,289,287.6,288.6,575,0
SPL,60,20230220,160000,288.4,289.2,287.4,287.4,2259,0
SPL,60,20230220,170000,287.4,288,286.4,287.6,3125,0
SPL,60,20230221,100000,289.6,289.6,285,285.8,5959,0
SPL,60,20230221,110000,285.2,286.8,284.8,286.8,15664,0
SPL,60,20230221,120000,286.8,286.8,285.4,285.4,284,0
SPL,60,20230221,130000,286.2,286.4,285.2,285.2,4249,0
SPL,60,20230221,140000,285.2,285.6,281.6,285.2,35304,0
SPL,60,20230221,150000,285.8,285.8,284.8,285.8,6196,0
SPL,60,20230221,160000,286,287.6,285.2,285.2,9518,0
SPL,60,20230221,170000,285.8,286,284.8,285,92578,0
SPL,60,20230222,100000,287,287,280.4,281.8,2933,0
SPL,60,20230222,110000,281.4,283,280.4,282.6,2052,0
SPL,60,20230222,120000,282.6,282.6,279.8,279.8,3085,0
SPL,60,20230222,130000,279.6,279.8,278.6,279.6,9644,0
SPL,60,20230222,140000,279.2,281.4,279.2,280.4,8255,0
SPL,60,20230222,150000,280.6,281.4,280.2,280.4,1691,0
SPL,60,20230222,160000,280.4,282.2,280.4,280.8,3408,0
SPL,60,20230222,170000,281.4,282,280.2,281.2,10995,0
SPL,60,20230223,100000,285,285,280,281,1988,0
SPL,60,20230223,110000,282.2,282.6,280.4,281.2,1121,0
SPL,60,20230223,120000,280.4,282.4,280.4,281.4,1394,0
SPL,60,20230223,130000,281.4,283.6,281.2,282.6,1080,0
SPL,60,20230223,140000,282.2,282.8,281.6,281.6,658,0
SPL,60,20230223,150000,281.6,281.6,280.2,280.2,943,0
SPL,60,20230223,160000,280,282,280,281.2,4088,0
SPL,60,20230223,170000,281.6,282,280.8,281.6,11051,0
SPL,60,20230224,100000,284.2,284.2,281.4,283,2054,0
SPL,60,20230224,110000,283,284.8,281.8,283.8,2021,0
SPL,60,20230224,120000,283.2,284.4,283.2,284,884,0
SPL,60,20230224,130000,284,284.4,283,283.6,1108,0
SPL,60,20230224,140000,284,286.8,283.6,286.8,4368,0
SPL,60,20230224,150000,286.8,287.8,286.6,287.2,5824,0
SPL,60,20230224,160000,287,288.4,286.2,288.4,8413,0
SPL,60,20230224,170000,288,289.2,284.8,285.6,20542,0
SPL,60,20230227,100000,290,293.4,287.2,292.2,4669,0
SPL,60,20230227,110000,292,294.8,291.6,294.2,3476,0
SPL,60,20230227,120000,294.2,296.8,293.8,295.8,7142,0
SPL,60,20230227,130000,295.8,297,295.6,295.6,3825,0
SPL,60,20230227,140000,296,296.6,295.6,296,3035,0
SPL,60,20230227,150000,295.6,298.6,295.2,298.6,5871,0
SPL,60,20230227,160000,298.2,298.2,295,295.4,4798,0
SPL,60,20230227,170000,295,297.4,295,296.6,7606,0
SPL,60,20230228,100000,294,300,294,299.2,4742,0
SPL,60,20230228,110000,299.4,301.4,299.4,300.8,16816,0
SPL,60,20230228,120000,300.8,301.8,300.2,301.4,9696,0
SPL,60,20230228,130000,301.4,301.6,300,300.8,6893,0
SPL,60,20230228,140000,300.8,300.8,298.2,299.2,5609,0
SPL,60,20230228,150000,298.6,298.6,295.2,295.8,5056,0
SPL,60,20230228,160000,296.6,297.6,294.6,297,7289,0
SPL,60,20230228,170000,297,298.8,296.6,298.8,42004,0
SPL,60,20230301,100000,296.6,302.2,296.6,302.2,11387,0
SPL,60,20230301,110000,302,302.2,300.8,302,6986,0
SPL,60,20230301,120000,302,302.2,301.4,301.4,8586,0
SPL,60,20230301,130000,301.4,301.8,301,301.2,1624,0
SPL,60,20230301,140000,301.2,301.6,301,301.6,2927,0
SPL,60,20230301,150000,301.2,301.4,298.2,298.2,5778,0
SPL,60,20230301,160000,298.2,298.6,296.2,298.6,2271,0
SPL,60,20230301,170000,297.8,301.2,297.6,300,11802,0
SPL,60,20230302,100000,299.8,299.8,294.2,296,2778,0
SPL,60,20230302,110000,295.4,296,293.6,294,13708,0
SPL,60,20230302,120000,293.8,294.2,293.2,293.8,3189,0
SPL,60,20230302,130000,293.8,293.8,291.2,291.2,4495,0
SPL,60,20230302,140000,291.2,292.4,289.8,290.4,4992,0
SPL,60,20230302,150000,290.6,291.6,286.6,288.4,2905,0
SPL,60,20230302,160000,288.6,288.8,285.6,285.8,4629,0
SPL,60,20230302,170000,285.4,288.2,284.4,286.2,14869,0
SPL,60,20230303,100000,290,290,287,289.4,6584,0
SPL,60,20230303,110000,289.6,290.8,289.6,289.8,3227,0
SPL,60,20230303,120000,290.2,290.8,289.8,290.6,1295,0
SPL,60,20230303,130000,290.8,293,290.8,292.6,2603,0
SPL,60,20230303,140000,292.6,294,291.2,291.4,10774,0
SPL,60,20230303,150000,291.4,291.6,289.2,289.2,2721,0
SPL,60,20230303,160000,289.2,290.4,288,289,1680,0
SPL,60,20230303,170000,288.6,291.2,288.6,291.2,5083,0
SPL,60,20230306,100000,291.2,300.2,291.2,300,12498,0
SPL,60,20230306,110000,300,301.8,299,301.4,8250,0
SPL,60,20230306,120000,301.4,304.8,301.4,302.8,16102,0
SPL,60,20230306,130000,302.6,302.6,299,299,1880,0
SPL,60,20230306,140000,298.4,300.6,298.4,299.4,2923,0
SPL,60,20230306,150000,299.6,301.6,299.2,301.6,5511,0
SPL,60,20230306,160000,301.6,302.4,299.6,301,3350,0
SPL,60,20230306,170000,301.4,304.2,301.2,302,13112,0
SPL,60,20230307,100000,298.2,301.6,298.2,300.6,4199,0
SPL,60,20230307,110000,300,303,298.6,302.6,5269,0
SPL,60,20230307,120000,302.6,304,302.4,303.2,3404,0
SPL,60,20230307,130000,303.8,303.8,301.2,301.2,3448,0
SPL,60,20230307,140000,301.2,301.8,300.4,301.2,4746,0
SPL,60,20230307,150000,301.4,304.2,301.4,302.4,8294,0
SPL,60,20230307,160000,302.2,302.4,299.4,299.6,7188,0
SPL,60,20230307,170000,299,299,295.4,296,7621,0
SPL,60,20230308,100000,296,298.8,294,298.8,5278,0
SPL,60,20230308,110000,299,299,296.4,297.6,3882,0
SPL,60,20230308,120000,297.4,298.8,297.2,298.2,3781,0
SPL,60,20230308,130000,298.8,301.8,298.8,301.8,4419,0
SPL,60,20230308,140000,301.4,301.4,300,300.2,2647,0
SPL,60,20230308,150000,300.2,301.4,298.6,299.6,5418,0
SPL,60,20230308,160000,299.4,300.4,299,299.8,6570,0
SPL,60,20230308,170000,299.4,301.4,296.8,298.6,12800,0
SPL,60,20230309,100000,292.8,298.6,292.8,293.4,4924,0
SPL,60,20230309,110000,293.4,295.8,293.4,294.8,3902,0
SPL,60,20230309,120000,294.8,297.6,294.8,297.4,2405,0
SPL,60,20230309,130000,297.6,298.4,297.6,297.6,1779,0
SPL,60,20230309,140000,297.8,298.8,296.8,298.8,6354,0
SPL,60,20230309,150000,298.8,300.8,298.8,300.6,10670,0
SPL,60,20230309,160000,300.4,302.2,300,300.4,9607,0
SPL,60,20230309,170000,301,301,298,298,11683,0
SPL,60,20230310,100000,292,292,288,288,26779,0
SPL,60,20230310,110000,288,292.4,287.6,290.4,6624,0
SPL,60,20230310,120000,290.4,290.6,289,289.4,4668,0
SPL,60,20230310,130000,289.4,291.8,289.2,291,4384,0
SPL,60,20230310,140000,291,291.8,289.4,290,4465,0
SPL,60,20230310,150000,289.8,291.2,288.4,289.8,5424,0
SPL,60,20230310,160000,290.2,290.4,285.4,286,9292,0
SPL,60,20230310,170000,286.4,288.4,285.4,287.2,11081,0
SPL,60,20230313,100000,288.4,290.8,284,284,31138,0
SPL,60,20230313,110000,283.8,284.2,282.6,283,27389,0
SPL,60,20230313,120000,283,283.4,279.4,282.8,29137,0
SPL,60,20230313,130000,282.8,283.4,281.6,281.6,8994,0
SPL,60,20230313,140000,281.6,283,281.4,283,17582,0
SPL,60,20230313,150000,283.2,285.2,281.8,285.2,26693,0
SPL,60,20230313,160000,284.6,284.6,282.8,283,14170,0
SPL,60,20230313,170000,283,283.6,281.8,282.2,30838,0
SPL,60,20230314,100000,283.8,284.6,281,282,28314,0
SPL,60,20230314,110000,282.2,282.4,281.8,282,18349,0
SPL,60,20230314,120000,282,282.6,282,282.2,8338,0
SPL,60,20230314,130000,282.4,282.4,280,280.6,8428,0
SPL,60,20230314,140000,280.6,284.2,280.4,283.6,14470,0
SPL,60,20230314,150000,283.6,283.6,282,283.4,8093,0
SPL,60,20230314,160000,283.4,283.8,281.6,281.6,9082,0
SPL,60,20230314,170000,281.8,283,281.6,281.8,30428,0
SPL,60,20230315,100000,282,285.2,280.4,283,7937,0
SPL,60,20230315,110000,283.2,283.2,281,282,32834,0
SPL,60,20230315,120000,282,282,280.6,280.6,74833,0
SPL,60,20230315,130000,281,284.4,279.8,280.2,67086,0
SPL,60,20230315,140000,280.4,281.4,280.2,280.8,8077,0
SPL,60,20230315,150000,280.2,280.8,279.6,279.8,11421,0
SPL,60,20230315,160000,279.8,281.6,279.6,281.2,13066,0
SPL,60,20230315,170000,281,281.8,279.8,280,43312,0
SPL,60,20230316,100000,280,282,278,279,20043,0
SPL,60,20230316,110000,279,279.6,279,279.4,32202,0
SPL,60,20230316,120000,279.6,279.8,277,279.2,95074,0
SPL,60,20230316,130000,279.2,279.4,272.2,274.6,29126,0
SPL,60,20230316,140000,274.4,274.8,270.4,273.4,7670,0
SPL,60,20230316,150000,273,274.2,271,273.8,7219,0
SPL,60,20230316,160000,274,275.4,271.4,275.4,7422,0
SPL,60,20230316,170000,276,279.6,275,278.2,12458,0
SPL,60,20230317,100000,280,282,278.8,279,6866,0
SPL,60,20230317,110000,279,279.6,278.8,278.8,1767,0
SPL,60,20230317,120000,279.4,279.4,278.2,278.8,4851,0
SPL,60,20230317,130000,279,279.2,277,277.4,23559,0
SPL,60,20230317,140000,277.4,277.4,275.2,275.4,5370,0
SPL,60,20230317,150000,275.6,276,271.8,271.8,8155,0
SPL,60,20230317,160000,271.2,272.6,267.4,269.2,14942,0
SPL,60,20230317,170000,267.8,270.6,265.6,270.6,92062,0
SPL,60,20230320,100000,265,265,253.2,259,12916,0
SPL,60,20230320,110000,258.6,262.4,257.4,261,4803,0
SPL,60,20230320,120000,261,262,259,260.2,4103,0
SPL,60,20230320,130000,260,261,258,259.4,7930,0
SPL,60,20230320,140000,259,262,258.6,262,6320,0
SPL,60,20230320,150000,261.8,263,260.4,262.6,3827,0
SPL,60,20230320,160000,262,262.6,260,261,5269,0
SPL,60,20230320,170000,260.6,267,260.6,264.6,14485,0
SPL,60,20230321,100000,265.2,272,265,270.2,4262,0
SPL,60,20230321,110000,270,271.6,268.6,271,2389,0
SPL,60,20230321,120000,271.6,271.6,269.2,271,5514,0
SPL,60,20230321,130000,271.4,271.6,270,271.6,1665,0
SPL,60,20230321,140000,271.6,272.8,270,270,2205,0
SPL,60,20230321,150000,270.4,274,269.6,274,3286,0
SPL,60,20230321,160000,274.2,274.8,271.4,272.8,7892,0
SPL,60,20230321,170000,273,274.8,272.4,274.6,13895,0
SPL,60,20230322,100000,271,273.4,270.2,272.2,4673,0
SPL,60,20230322,110000,272.2,276.4,271,276,4471,0
SPL,60,20230322,120000,276.4,277,275.2,276.2,2229,0
SPL,60,20230322,130000,276.4,277,274.8,275,1091,0
SPL,60,20230322,140000,275.2,275.8,273.2,273.4,1687,0
SPL,60,20230322,150000,273.4,274.2,272,273.8,1840,0
SPL,60,20230322,160000,273.8,274,272.6,273,2249,0
SPL,60,20230322,170000,272.8,273.2,272,272.8,17505,0
SPL,60,20230323,100000,272,274.6,271,273.4,3782,0
SPL,60,20230323,110000,273.4,274.4,271.4,272.4,6534,0
SPL,60,20230323,120000,272.4,274.4,272.2,274.4,8305,0
SPL,60,20230323,130000,274.6,275.6,274.2,274.6,1839,0
SPL,60,20230323,140000,274.2,275.4,273,274.2,2707,0
SPL,60,20230323,150000,274.6,275.2,274.4,274.8,1392,0
SPL,60,20230323,160000,274.8,275.6,272.8,274.4,25971,0
SPL,60,20230323,170000,274.2,275,273.6,274.6,14534,0
SPL,60,20230324,100000,273.6,274.8,270.8,272.2,38932,0
SPL,60,20230324,110000,272,273.8,271,271.6,7685,0
SPL,60,20230324,120000,271.2,273.8,270.8,272.4,4988,0
SPL,60,20230324,130000,272.2,273.8,271.8,273.4,5251,0
SPL,60,20230324,140000,272.8,274,272,273.8,3465,0
SPL,60,20230324,150000,273.8,274,272.4,273.6,5620,0
SPL,60,20230324,160000,273.2,273.4,272,273,5842,0
SPL,60,20230324,170000,273,273,269.4,271.2,20098,0
SPL,60,20230327,100000,272,274,269,271.6,9832,0
SPL,60,20230327,110000,271.6,273.4,271,272.8,8539,0
SPL,60,20230327,120000,272.6,273.6,272.6,273.6,3119,0
SPL,60,20230327,130000,273.8,275.4,273.2,274.8,5651,0
SPL,60,20230327,140000,274.4,275,273.6,274.2,3747,0
SPL,60,20230327,150000,274.6,275,273.4,274.6,2535,0
SPL,60,20230327,160000,275.2,275.8,273.4,273.4,5289,0
SPL,60,20230327,170000,273.4,275.4,272.2,272.2,14192,0
SPL,60,20230328,100000,277,283.8,275.2,281.8,16785,0
SPL,60,20230328,110000,281.8,285.8,281.8,284,11072,0
SPL,60,20230328,120000,284.2,286.4,284.2,285,4867,0
SPL,60,20230328,130000,285,287.4,285,286.2,4619,0
SPL,60,20230328,140000,286.2,288.4,286.2,288.2,3406,0
SPL,60,20230328,150000,287.6,288.8,285.4,285.8,16692,0
SPL,60,20230328,160000,285.8,288.2,285.6,286,7280,0
SPL,60,20230328,170000,286,288,284.6,286,17557,0
SPL,60,20230329,100000,288,288,283.8,286.8,5718,0
SPL,60,20230329,110000,285.8,290.8,285,290.8,4551,0
SPL,60,20230329,120000,290.8,292.2,290.4,290.4,3718,0
SPL,60,20230329,130000,290.4,292.6,289.2,291.6,6172,0
SPL,60,20230329,140000,291.6,292.8,291.4,292.8,5823,0
SPL,60,20230329,150000,292.8,293,291.2,292.4,7531,0
SPL,60,20230329,160000,292.4,293.2,291.4,291.4,8085,0
SPL,60,20230329,170000,291.8,293.6,290.8,293.4,17700,0
SPL,60,20230330,100000,287.6,294.8,287.4,294.6,7168,0
SPL,60,20230330,110000,294.6,295,293.4,295,3348,0
SPL,60,20230330,120000,294.4,294.4,290.6,291.4,3332,0
SPL,60,20230330,130000,291.2,292,289.4,289.6,3215,0
SPL,60,20230330,140000,290.6,290.6,288,289,3417,0
SPL,60,20230330,150000,289,292.2,287.8,291,4345,0
SPL,60,20230330,160000,291,293.6,291,293.2,9499,0
SPL,60,20230330,170000,293.6,299,293.6,297.8,26809,0
SPL,60,20230331,100000,299,299,293.8,296.2,5755,0
SPL,60,20230331,110000,296,297.4,293.4,295.4,8120,0
SPL,60,20230331,120000,295,297,295,296.4,3514,0
SPL,60,20230331,130000,296.4,296.8,295.4,295.6,2785,0
SPL,60,20230331,140000,295.8,295.8,293.2,294.4,4852,0
SPL,60,20230331,150000,294.2,294.8,292.2,292.2,6956,0
SPL,60,20230331,160000,292.6,293.8,290.8,292.2,8302,0
SPL,60,20230331,170000,292,292.2,290.2,291.8,25451,0
SPL,60,20230403,100000,297,301,293.2,300.2,4462,0
SPL,60,20230403,110000,299.8,302,299,300.8,6010,0
SPL,60,20230403,120000,300.4,302,300,301,2180,0
SPL,60,20230403,130000,301.6,302.2,300.6,300.6,2888,0
SPL,60,20230403,140000,301,301,298.2,299.6,1477,0
SPL,60,20230403,150000,299.4,300.2,299,299.6,1558,0
SPL,60,20230403,160000,299.2,301.6,299,300.4,3177,0
SPL,60,20230403,170000,300.4,300.8,299.2,300,8059,0
SPL,60,20230404,100000,299.4,299.8,296.4,299.4,5579,0
SPL,60,20230404,110000,299,301.8,298.8,299.4,4365,0
SPL,60,20230404,120000,299.4,300.4,298.2,298.8,1983,0
SPL,60,20230404,130000,299.2,301.8,299.2,301,1753,0
SPL,60,20230404,140000,300.8,302.6,300.6,301.2,2808,0
SPL,60,20230404,150000,301.2,301.6,300.4,301.6,2009,0
SPL,60,20230404,160000,301.6,302.2,299.8,299.8,4621,0
SPL,60,20230404,170000,300.4,300.8,298.4,298.8,21765,0
SPL,60,20230405,100000,301.6,301.6,296.6,297.6,2139,0
SPL,60,20230405,110000,297.6,297.6,296,296,881,0
SPL,60,20230405,120000,296.2,298,296.2,297,586,0
SPL,60,20230405,130000,297.4,299.8,297.2,299.8,407,0
SPL,60,20230405,140000,299.8,300,298.8,299.8,946,0
SPL,60,20230405,150000,299,299,296,296.4,3768,0
SPL,60,20230405,160000,296.4,297,295.8,295.8,2771,0
SPL,60,20230405,170000,295.8,296.4,293.6,294,5685,0
SPL,60,20230406,100000,298.8,298.8,292.8,293.8,2642,0
SPL,60,20230406,110000,293.4,294,292.8,294,1533,0
SPL,60,20230406,120000,294,294,293,293.8,531,0
SPL,60,20230406,130000,293.2,294.6,292.8,294.6,2483,0
SPL,60,20230406,140000,294.6,297.8,294.6,296.4,1910,0
SPL,60,20230406,150000,296.2,296.8,295.8,296.2,439,0
SPL,60,20230406,160000,295.6,296.2,295,295.4,1540,0
SPL,60,20230406,170000,295.4,296,293,295,13992,0
SPL,60,20230411,100000,295,298.6,295,298.6,2464,0
SPL,60,20230411,110000,298.2,301.8,298.2,299.2,3847,0
SPL,60,20230411,120000,299.6,302,299.4,302,1545,0
SPL,60,20230411,130000,301.8,304.8,301.8,304.4,8825,0
SPL,60,20230411,140000,304.6,305,303,303.6,2560,0
SPL,60,20230411,150000,303.6,305,303.6,304.2,2873,0
SPL,60,20230411,160000,304.2,305.2,303.8,304.4,3704,0
SPL,60,20230411,170000,304.4,305.4,303.8,304.8,14324,0
SPL,60,20230412,100000,303,305.6,302.4,305.6,4689,0
SPL,60,20230412,110000,306.4,307,305.2,305.6,2041,0
SPL,60,20230412,120000,305.6,305.8,305,305.4,1482,0
SPL,60,20230412,130000,305.6,308.2,305.6,307.4,2467,0
SPL,60,20230412,140000,307.6,308.2,307.2,308.2,1021,0
SPL,60,20230412,150000,308.4,312,308.2,311.4,6332,0
SPL,60,20230412,160000,311.8,313.6,310.8,313,9920,0
SPL,60,20230412,170000,313.4,314.4,312.2,312.6,26902,0
SPL,60,20230413,100000,310.4,313.6,308.6,313.6,8003,0
SPL,60,20230413,110000,313.6,315.4,313.2,313.6,6288,0
SPL,60,20230413,120000,313.4,314,312.6,313.4,3833,0
SPL,60,20230413,130000,313.6,314,312.8,313.6,3044,0
SPL,60,20230413,140000,313.6,314.8,313.2,313.4,6592,0
SPL,60,20230413,150000,313.2,314.2,313,313.4,5915,0
SPL,60,20230413,160000,313.2,314,312,313.2,6419,0
SPL,60,20230413,170000,313,315.6,312.8,313,58426,0
SPL,60,20230414,100000,312.8,316.6,312.8,313.6,2436,0
SPL,60,20230414,110000,314.6,315.8,313,315.2,2012,0
SPL,60,20230414,120000,314.6,315.4,313.4,315,1179,0
SPL,60,20230414,130000,314.8,317.2,314.8,317.2,3615,0
SPL,60,20230414,140000,317,318,316.6,317.8,9757,0
SPL,60,20230414,150000,317.4,319,317.4,318.8,2129,0
SPL,60,20230414,160000,318.4,321.8,318.4,321,4314,0
SPL,60,20230414,170000,321.4,322,320,321.8,7903,0
SPL,60,20230417,100000,325,325,319.4,324.4,1946,0
SPL,60,20230417,110000,324.2,327.8,324,325.6,2974,0
SPL,60,20230417,120000,325.4,327.8,325.4,327.6,3351,0
SPL,60,20230417,130000,327.8,327.8,325.4,326.4,1870,0
SPL,60,20230417,140000,326,327.6,324.8,325.2,2337,0
SPL,60,20230417,150000,325.6,326.4,325.2,326.2,2174,0
SPL,60,20230417,160000,326.4,327.6,325,325.4,5011,0
SPL,60,20230417,170000,325.2,327.2,325,325.8,16821,0
SPL,60,20230418,100000,327.6,330.2,327.4,329.4,3838,0
SPL,60,20230418,110000,329.6,336.2,329.6,334.4,6277,0
SPL,60,20230418,120000,334.8,337,334.8,335.8,5105,0
SPL,60,20230418,130000,336.4,338.2,336,337.6,2705,0
SPL,60,20230418,140000,337.6,337.6,334,334.6,2791,0
SPL,60,20230418,150000,334.6,335.8,333.8,334.4,4073,0
SPL,60,20230418,160000,334.4,335.6,331.4,332.2,6228,0
SPL,60,20230418,170000,331.6,331.6,327,329.8,15479,0
SPL,60,20230419,100000,330.8,332.4,327.2,328.2,6058,0
SPL,60,20230419,110000,328.2,331.4,328,331.4,5099,0
SPL,60,20230419,120000,331.8,332.4,329.8,332,2066,0
SPL,60,20230419,130000,332.2,335.6,331.4,335.2,6453,0
SPL,60,20230419,140000,335.2,338.8,335,338.4,4606,0
SPL,60,20230419,150000,338.6,339.4,337,338.2,2544,0
SPL,60,20230419,160000,338.4,340.6,337.6,338.8,5573,0
SPL,60,20230419,170000,338.8,340,335.8,340,10813,0
SPL,60,20230420,100000,338,347.2,338,346,4445,0
SPL,60,20230420,110000,345,348.2,345,347.6,4687,0
SPL,60,20230420,120000,347.6,349.8,347.4,348.4,3331,0
SPL,60,20230420,130000,348,348,344,345.2,6162,0
SPL,60,20230420,140000,345.2,346,341.8,342,2891,0
SPL,60,20230420,150000,342,342.8,341.4,342,7033,0
SPL,60,20230420,160000,342.4,343.6,341.2,342.8,6749,0
SPL,60,20230420,170000,343.8,345.6,343,345.4,14469,0
SPL,60,20230421,100000,342,344.6,337.6,339.8,2875,0
SPL,60,20230421,110000,339.8,344,339.8,343,2094,0
SPL,60,20230421,120000,343.4,343.8,338.8,339,3130,0
SPL,60,20230421,130000,338.8,340.6,338.2,338.2,2666,0
SPL,60,20230421,140000,338.2,339,334.8,335.4,4649,0
SPL,60,20230421,150000,335.4,336,332.4,332.4,6642,0
SPL,60,20230421,160000,332.6,335.2,332.4,334.6,8205,0
SPL,60,20230421,170000,334.4,337.2,334.2,337,19855,0
SPL,60,20230424,100000,337.6,341.8,335.6,340.8,2171,0
SPL,60,20230424,110000,342.2,343.2,339.6,342,2115,0
SPL,60,20230424,120000,342.6,344,341.8,343,1734,0
SPL,60,20230424,130000,343,344.6,342.4,343.8,1960,0
SPL,60,20230424,140000,343.4,345.6,343,344,2425,0
SPL,60,20230424,150000,344.4,345.8,343.4,344.2,2957,0
SPL,60,20230424,160000,344.2,348.2,344.2,347.6,4034,0
SPL,60,20230424,170000,347.6,349.4,347.2,348.2,12649,0
SPL,60,20230425,100000,348.6,348.6,341,343.2,3742,0
SPL,60,20230425,110000,343.6,346.8,342.8,346,2411,0
SPL,60,20230425,120000,346.2,348.6,345.2,348,2139,0
SPL,60,20230425,130000,348.6,349.4,348.2,349.2,2579,0
SPL,60,20230425,140000,349.4,351,346,346,6949,0
SPL,60,20230425,150000,346,346.8,344.8,346.8,3562,0
SPL,60,20230425,160000,347.4,349,345.2,348,9935,0
SPL,60,20230425,170000,347.6,347.6,338.8,340,22116,0
SPL,60,20230426,100000,337.8,337.8,328.2,329.6,10694,0
SPL,60,20230426,110000,330,339.6,327.6,339,6223,0
SPL,60,20230426,120000,339,339.6,337.6,338.6,4440,0
SPL,60,20230426,130000,338.6,339,336.8,337.4,9720,0
SPL,60,20230426,140000,337.4,337.8,334.6,337,5640,0
SPL,60,20230426,150000,337.4,338,335.6,336.2,3060,0
SPL,60,20230426,160000,336.4,338.4,335,337.6,8827,0
SPL,60,20230426,170000,337.6,338,333.6,334.4,17348,0
SPL,60,20230427,100000,336.2,342.4,336.2,342,15130,0
SPL,60,20230427,110000,341.6,343.8,340.2,343,6515,0
SPL,60,20230427,120000,343,343,341,341.4,3944,0
SPL,60,20230427,130000,341.4,341.8,339.6,341.4,3001,0
SPL,60,20230427,140000,341.4,342.8,339.6,342.8,7049,0
SPL,60,20230427,150000,342.8,344.6,342.4,342.8,6283,0
SPL,60,20230427,160000,343.2,343.4,341.8,343,8345,0
SPL,60,20230427,170000,343.4,347.6,343.4,345.4,22853,0
SPL,60,20230428,100000,345,345,339.8,341.8,4150,0
SPL,60,20230428,110000,341.6,341.6,338,340.2,7997,0
SPL,60,20230428,120000,340.6,342,338.8,339.8,5771,0
SPL,60,20230428,130000,340,341.2,337.2,337.6,3360,0
SPL,60,20230428,140000,337.6,340.4,337,340,5129,0
SPL,60,20230428,150000,339.4,339.4,337.2,338.6,1977,0
SPL,60,20230428,160000,339,341.6,338,340.4,10604,0
SPL,60,20230428,170000,340.2,340.8,338.2,338.2,33014,0
SPL,60,20230502,100000,338.6,349,338.6,343.4,12705,0
SPL,60,20230502,110000,340.4,342.8,337,338,4786,0
SPL,60,20230502,120000,337.4,341.6,337,341.6,4927,0
SPL,60,20230502,130000,340.6,341.2,338.8,339.4,2508,0
SPL,60,20230502,140000,339.8,341,339,340.8,3550,0
SPL,60,20230502,150000,339.8,341.8,339.2,340.8,5046,0
SPL,60,20230502,160000,340.2,341.8,338.8,339.2,5034,0
SPL,60,20230502,170000,339.4,340,331.8,335.2,15639,0
SPL,60,20230504,100000,338,342.8,334.2,341.8,9066,0
SPL,60,20230504,110000,341.2,344,340.6,340.6,4255,0
SPL,60,20230504,120000,340.6,340.8,336.6,337.4,4409,0
SPL,60,20230504,130000,337.6,337.6,333.4,334.4,6231,0
SPL,60,20230504,140000,335,335,332.6,334.2,3074,0
SPL,60,20230504,150000,334.8,337.2,334.2,334.8,4412,0
SPL,60,20230504,160000,334.6,337.8,333.8,333.8,7673,0
SPL,60,20230504,170000,334.2,334.4,329.4,330,22732,0
SPL,60,20230505,100000,326,327.4,321,321,5309,0
SPL,60,20230505,110000,320.4,322,318,321.6,5632,0
SPL,60,20230505,120000,321,323.4,320.4,323.4,3734,0
SPL,60,20230505,130000,323.4,324.6,323,323.4,4164,0
SPL,60,20230505,140000,322.8,324,322,323.6,1922,0
SPL,60,20230505,150000,323,326.6,323,325,6310,0
SPL,60,20230505,160000,325.4,326.8,324.2,324.4,6889,0
SPL,60,20230505,170000,324,329.8,323.6,329.8,10780,0
SPL,60,20230508,100000,329.8,335.4,327.6,334.4,4506,0
SPL,60,20230508,110000,333.6,334.8,333.4,333.8,1130,0
SPL,60,20230508,120000,333.6,336.6,333.6,334.6,6978,0
SPL,60,20230508,130000,334.8,334.8,332.6,333.4,2086,0
SPL,60,20230508,140000,333.2,334.6,332,334.6,2497,0
SPL,60,20230508,150000,334.6,335.8,333.6,335.4,3372,0
SPL,60,20230508,160000,335.2,335.6,332.2,333.4,3102,0
SPL,60,20230508,170000,333.4,335,332,334,9184,0
SPL,60,20230509,100000,328.2,332.2,328.2,331.8,1761,0
SPL,60,20230509,110000,332.2,334,332.2,332.8,1298,0
SPL,60,20230509,120000,333.4,334.8,331.4,331.4,3062,0
SPL,60,20230509,130000,331.2,334,331,333,1653,0
SPL,60,20230509,140000,333.4,333.4,328.8,328.8,4548,0
SPL,60,20230509,150000,328.6,330,327.4,328.2,3982,0
SPL,60,20230509,160000,328.2,331.6,328.2,330.8,11141,0
SPL,60,20230509,170000,330.8,333,329.6,333,16546,0
SPL,60,20230510,100000,332,334.8,328.6,332.2,1248,0
SPL,60,20230510,110000,331,332,329,330.6,317,0
SPL,60,20230510,120000,331.4,336,331,335.8,5038,0
SPL,60,20230510,130000,335.2,335.8,330.4,331.8,4267,0
SPL,60,20230510,140000,331.8,333.8,331.6,333,2777,0
SPL,60,20230510,150000,332.6,335.8,332.2,335.6,6932,0
SPL,60,20230510,160000,335.8,337.2,332.2,334,13912,0
SPL,60,20230510,170000,334.4,334.4,331.4,333.6,13359,0
SPL,60,20230511,100000,334.6,335,331,334.2,2262,0
SPL,60,20230511,110000,334.6,336.4,333.6,334.6,4367,0
SPL,60,20230511,120000,334.4,336.4,332,334,6121,0
SPL,60,20230511,130000,334.8,334.8,333,333.8,1635,0
SPL,60,20230511,140000,333.4,334.6,331.8,332.4,3914,0
SPL,60,20230511,150000,332.2,333.6,330,330.6,4517,0
SPL,60,20230511,160000,330,330.8,328.4,330.6,6049,0
SPL,60,20230511,170000,330.8,332.6,330,330.2,17304,0
SPL,60,20230512,100000,330,332.4,328.6,331.6,3923,0
SPL,60,20230512,110000,331.4,333,330.2,331.2,4268,0
SPL,60,20230512,120000,331.2,335,329.4,331.4,17436,0
SPL,60,20230512,130000,331.6,334,330.4,330.4,3615,0
SPL,60,20230512,140000,330.2,334.6,329.8,334,3149,0
SPL,60,20230512,150000,334,334.4,333,334,3868,0
SPL,60,20230512,160000,334,334.4,332.2,333.4,5492,0
SPL,60,20230512,170000,333.2,335,332,332,19046,0
SPL,60,20230515,100000,333.4,333.8,330.2,333.6,1485,0
SPL,60,20230515,110000,332.8,332.8,328.4,329.8,1914,0
SPL,60,20230515,120000,329.8,330.4,328.8,329.2,1003,0
SPL,60,20230515,130000,329.4,329.4,328,328.4,8583,0
SPL,60,20230515,140000,328,328,327,327.2,1004,0
SPL,60,20230515,150000,327.6,327.6,325.6,326.8,2784,0
SPL,60,20230515,160000,326.4,326.4,324.8,326.2,2259,0
SPL,60,20230515,170000,326.4,328.6,325.6,328.2,25021,0
SPL,60,20230516,100000,329.8,334.6,326.6,333,4883,0
SPL,60,20230516,110000,332,332.8,330.8,331,858,0
SPL,60,20230516,120000,330.6,332,330,330.6,2906,0
SPL,60,20230516,130000,330,331,329.2,329.4,6456,0
SPL,60,20230516,140000,330.4,330.4,329.4,330,1146,0
SPL,60,20230516,150000,330,330,328.4,328.6,2497,0
SPL,60,20230516,160000,328.4,328.4,327,328,4895,0
SPL,60,20230516,170000,328,329,326.6,328,9004,0
SPL,60,20230517,100000,326.4,327.2,324,324.8,2307,0
SPL,60,20230517,110000,326,326.2,324.6,325.4,986,0
SPL,60,20230517,120000,325,325,322.4,325,3135,0
SPL,60,20230517,130000,325,325.4,324.2,324.6,2115,0
SPL,60,20230517,140000,324.8,327,324.8,326.6,2370,0
SPL,60,20230517,150000,326.6,328.4,325.8,326.8,2631,0
SPL,60,20230517,160000,327.2,328.4,325,325,4970,0
SPL,60,20230517,170000,325.4,326.4,324,326,20745,0
SPL,60,20230518,100000,326,330,326,329.6,9151,0
SPL,60,20230518,110000,328.6,330,327.2,327.2,2392,0
SPL,60,20230518,120000,327.2,330.4,327.2,329.8,2560,0
SPL,60,20230518,130000,329.6,330,328.6,329,3416,0
SPL,60,20230518,140000,329,331.4,328.8,329.8,4796,0
SPL,60,20230518,150000,330.2,331,329,329.6,3244,0
SPL,60,20230518,160000,329.6,329.8,328,328.2,3296,0
SPL,60,20230518,170000,328.4,329.6,327.4,329.6,11975,0
SPL,60,20230519,100000,330.2,335.6,329.8,335.6,3322,0
SPL,60,20230519,110000,335.2,341.8,335.2,341.6,17212,0
SPL,60,20230519,120000,341.6,345.8,341.6,345,12145,0
SPL,60,20230519,130000,345,347.2,344.2,344.6,19981,0
SPL,60,20230519,140000,344.6,346,343.6,345.8,2356,0
SPL,60,20230519,150000,345.8,348.8,345.4,348.8,7803,0
SPL,60,20230519,160000,348.6,348.6,344.8,346.2,12545,0
SPL,60,20230519,170000,346,349,345,348.6,39289,0
SPL,60,20230522,100000,348.6,351,347,350.2,10729,0
SPL,60,20230522,110000,350.8,351.8,349.4,351.4,9855,0
SPL,60,20230522,120000,351.8,351.8,349.2,350.2,11310,0
SPL,60,20230522,130000,350.2,350.2,348.6,349,2988,0
SPL,60,20230522,140000,349.4,350.2,348.6,349,2655,0
SPL,60,20230522,150000,350,351.4,350,350.2,5300,0
SPL,60,20230522,160000,350,352.6,348.6,350.4,21340,0
SPL,60,20230522,170000,350.8,353.2,350.2,350.8,15254,0
SPL,60,20230523,100000,350,354.6,350,351.2,6864,0
SPL,60,20230523,110000,351.2,352,349,350.6,8087,0
SPL,60,20230523,120000,351,351.2,347.8,348,6841,0
SPL,60,20230523,130000,347.8,348.8,346.6,347.6,5803,0
SPL,60,20230523,140000,347.6,351.8,346.8,351.8,14806,0
SPL,60,20230523,150000,351.2,352.2,350.2,352.2,6354,0
SPL,60,20230523,160000,352.2,356,350.6,355.2,9596,0
SPL,60,20230523,170000,355,355.8,351.8,351.8,23866,0
SPL,60,20230524,100000,351.2,355.2,349.2,349.6,4411,0
SPL,60,20230524,110000,349.2,351.2,348.4,349.4,6480,0
SPL,60,20230524,120000,349.4,349.8,343.8,343.8,9339,0
SPL,60,20230524,130000,343.8,346.6,343.4,346.4,6116,0
SPL,60,20230524,140000,345.8,346.8,344.8,344.8,5310,0
SPL,60,20230524,150000,344.4,346.2,344.4,345,2980,0
SPL,60,20230524,160000,344.8,345.4,342,342.2,7468,0
SPL,60,20230524,170000,342,342.4,339.8,341.4,22734,0
SPL,60,20230525,100000,344.8,344.8,341,344.4,5304,0
SPL,60,20230525,110000,344.4,347.8,344.2,347.8,4545,0
SPL,60,20230525,120000,347.8,349.8,347.4,348.6,4691,0
SPL,60,20230525,130000,348.4,349.4,348,348.6,2301,0
SPL,60,20230525,140000,349,349.8,347.8,349.8,3986,0
SPL,60,20230525,150000,349.2,352.6,348.8,352.4,6023,0
SPL,60,20230525,160000,352.4,352.8,348,350.2,8525,0
SPL,60,20230525,170000,350.2,351.4,348.6,348.6,23260,0
SPL,60,20230526,100000,347.4,353.4,346.8,347.6,5191,0
SPL,60,20230526,110000,347.4,350,346.6,347.6,3866,0
SPL,60,20230526,120000,347.6,348.4,345.4,348.2,2252,0
SPL,60,20230526,130000,348.4,350,347.8,349.2,5697,0
SPL,60,20230526,140000,349.6,350.6,349.4,350.2,16226,0
SPL,60,20230526,150000,350.4,353.2,349.8,352,15429,0
SPL,60,20230526,160000,352,354,350.4,351.2,18916,0
SPL,60,20230526,170000,351.6,352.8,349.8,350.2,37074,0
SPL,60,20230529,100000,354,354,348.8,350,3211,0
SPL,60,20230529,110000,350,353.4,350,351.6,3056,0
SPL,60,20230529,120000,351.8,352.4,350.4,352,4466,0
SPL,60,20230529,130000,351.8,352.4,351.2,352.4,3028,0
SPL,60,20230529,140000,352.4,356.6,351.4,355.4,9038,0
SPL,60,20230529,150000,354.6,355.6,354,355.6,3867,0
SPL,60,20230529,160000,355.6,355.6,353.8,354.2,3822,0
SPL,60,20230529,170000,354,356,351.2,352.8,9873,0
SPL,60,20230530,100000,350,350,345.6,347.6,5361,0
SPL,60,20230530,110000,347.6,349.4,347.2,348,4180,0
SPL,60,20230530,120000,348.6,352.2,348.6,349.6,4927,0
SPL,60,20230530,130000,350.2,351.6,349,350,3389,0
SPL,60,20230530,140000,349.6,352.4,349.2,350.8,4167,0
SPL,60,20230530,150000,350.4,351,349.4,350.6,3868,0
SPL,60,20230530,160000,350,350.2,347,348.4,7489,0
SPL,60,20230530,170000,348,348.4,344.6,347.2,19990,0
SPL,60,20230531,100000,342.2,344.2,339,343,5544,0
SPL,60,20230531,110000,343,345.4,342.6,343.4,4054,0
SPL,60,20230531,120000,343.4,344,338.2,339,7409,0
SPL,60,20230531,130000,339,339.8,337.6,338.4,5497,0
SPL,60,20230531,140000,338.4,340.6,338,338.2,6169,0
SPL,60,20230531,150000,338,338,336.4,337.4,5111,0
SPL,60,20230531,160000,338,339.6,337.8,338.4,13256,0
SPL,60,20230531,170000,338.2,338.4,334.8,336.6,364675,0
